Job ID,Arrival,Burst,Priority,Deadline,Start,End,Turn Around
0,0,18,1,5,0,18,18
1,1,22,2,11,18,40,39
2,1,84,3,8,40,124,123
5,2,7,3,12,124,131,129
4,2,35,1,11,131,166,164
3,2,47,1,6,166,213,211
6,3,3,2,6,213,216,213
7,3,43,2,19,216,259,256
12,4,14,2,16,259,273,269
9,4,27,2,12,273,300,296
11,4,67,2,10,300,367,363
8,4,93,1,8,367,460,456
10,4,96,3,11,460,556,552
13,5,90,1,8,556,646,641
14,6,41,3,18,646,687,681
15,6,99,1,12,687,786,780
22,7,21,2,19,786,807,800
19,7,27,3,16,807,834,827
20,7,40,1,23,834,874,867
18,7,42,2,18,874,916,909
23,7,60,2,25,916,976,969
21,7,70,3,17,976,1046,1039
17,7,73,2,11,1046,1119,1112
16,7,88,1,12,1119,1207,1200
25,8,26,3,28,1207,1233,1225
24,8,75,2,20,1233,1308,1300
26,9,97,2,12,1308,1405,1396
27,9,97,3,22,1405,1502,1493
28,10,24,1,12,1502,1526,1516
30,11,19,2,30,1526,1545,1534
29,11,36,2,19,1545,1581,1570
31,12,50,3,30,1581,1631,1619
32,13,61,1,30,1631,1692,1679
33,14,86,1,23,1692,1778,1764
35,15,3,3,27,1778,1781,1766
34,15,76,2,32,1781,1857,1842
37,16,19,3,25,1857,1876,1860
36,16,46,1,33,1876,1922,1906
38,16,60,3,19,1922,1982,1966
39,17,79,3,31,1982,2061,2044
40,18,22,3,19,2061,2083,2065
42,18,40,2,36,2083,2123,2105
41,18,72,1,31,2123,2195,2177
43,19,21,1,30,2195,2216,2197
44,20,23,3,33,2216,2239,2219
45,21,9,3,41,2239,2248,2227
46,21,62,2,39,2248,2310,2289
47,22,44,3,25,2310,2354,2332
50,23,70,1,41,2354,2424,2401
49,23,72,2,32,2424,2496,2473
51,23,74,2,27,2496,2570,2547
48,23,96,3,38,2570,2666,2643
52,23,96,2,29,2666,2762,2739
53,24,34,1,31,2762,2796,2772
54,24,71,3,33,2796,2867,2843
55,25,50,3,34,2867,2917,2892
56,26,81,2,29,2917,2998,2972
58,27,31,1,40,2998,3029,3002
57,27,51,1,29,3029,3080,3053
59,28,43,1,32,3080,3123,3095
60,28,89,2,33,3123,3212,3184
61,29,25,2,39,3212,3237,3208
62,30,80,3,44,3237,3317,3287
63,31,48,2,34,3317,3365,3334
64,32,2,2,51,3365,3367,3335
65,32,8,2,50,3367,3375,3343
66,33,21,1,51,3375,3396,3363
68,34,12,2,50,3396,3408,3374
67,34,75,3,48,3408,3483,3449
70,35,35,3,51,3483,3518,3483
69,35,88,1,37,3518,3606,3571
71,36,33,3,38,3606,3639,3603
72,36,51,2,37,3639,3690,3654
73,36,93,2,53,3690,3783,3747
76,37,50,2,57,3783,3833,3796
75,37,55,2,45,3833,3888,3851
74,37,69,1,54,3888,3957,3920
77,38,41,3,51,3957,3998,3960
78,38,65,1,57,3998,4063,4025
79,39,94,1,53,4063,4157,4118
82,40,18,3,52,4157,4175,4135
85,40,18,3,58,4175,4193,4153
84,40,32,1,50,4193,4225,4185
81,40,47,1,42,4225,4272,4232
86,40,55,1,57,4272,4327,4287
80,40,57,1,47,4327,4384,4344
83,40,96,3,54,4384,4480,4440
87,41,57,2,44,4480,4537,4496
88,42,25,3,48,4537,4562,4520
89,43,40,2,49,4562,4602,4559
91,44,53,2,47,4602,4655,4611
92,44,78,1,61,4655,4733,4689
90,44,97,1,56,4733,4830,4786
96,45,39,3,54,4830,4869,4824
93,45,50,2,52,4869,4919,4874
97,45,57,1,56,4919,4976,4931
94,45,81,3,64,4976,5057,5012
98,45,85,1,51,5057,5142,5097
95,45,88,1,61,5142,5230,5185
99,46,94,1,59,5230,5324,5278
100,47,15,2,55,5324,5339,5292
101,48,23,2,62,5339,5362,5314
102,49,15,2,53,5362,5377,5328
103,50,11,1,66,5377,5388,5338
104,50,47,2,69,5388,5435,5385
105,51,19,3,64,5435,5454,5403
108,52,34,2,62,5454,5488,5436
106,52,85,2,65,5488,5573,5521
107,52,96,2,67,5573,5669,5617
109,53,15,2,70,5669,5684,5631
110,53,58,2,72,5684,5742,5689
111,53,86,1,63,5742,5828,5775
112,53,93,2,71,5828,5921,5868
114,54,1,1,68,5921,5922,5868
116,54,5,3,55,5922,5927,5873
117,54,7,2,55,5927,5934,5880
113,54,87,2,60,5934,6021,5967
115,54,92,3,61,6021,6113,6059
118,55,3,1,70,6113,6116,6061
123,56,14,3,68,6116,6130,6074
120,56,31,2,74,6130,6161,6105
121,56,33,1,66,6161,6194,6138
119,56,46,1,57,6194,6240,6184
122,56,81,1,58,6240,6321,6265
125,57,5,1,62,6321,6326,6269
124,57,50,1,74,6326,6376,6319
126,58,86,1,75,6376,6462,6404
127,59,89,3,67,6462,6551,6492
130,60,4,2,78,6551,6555,6495
131,60,32,3,79,6555,6587,6527
128,60,35,2,76,6587,6622,6562
132,60,49,2,80,6622,6671,6611
129,60,82,3,66,6671,6753,6693
134,61,2,1,75,6753,6755,6694
133,61,3,3,80,6755,6758,6697
136,61,7,2,81,6758,6765,6704
135,61,24,2,63,6765,6789,6728
138,62,3,1,68,6789,6792,6730
140,62,4,2,77,6792,6796,6734
143,62,6,1,70,6796,6802,6740
142,62,54,2,74,6802,6856,6794
137,62,60,3,75,6856,6916,6854
139,62,63,1,66,6916,6979,6917
141,62,82,3,81,6979,7061,6999
144,62,93,3,82,7061,7154,7092
145,63,36,3,78,7154,7190,7127
146,64,3,1,75,7190,7193,7129
147,64,26,2,69,7193,7219,7155
150,65,16,1,66,7219,7235,7170
152,65,17,2,84,7235,7252,7187
149,65,21,1,68,7252,7273,7208
151,65,67,1,83,7273,7340,7275
148,65,79,1,69,7340,7419,7354
153,65,91,1,83,7419,7510,7445
155,66,48,1,73,7510,7558,7492
154,66,65,3,79,7558,7623,7557
156,67,1,1,82,7623,7624,7557
160,67,20,1,71,7624,7644,7577
159,67,30,1,70,7644,7674,7607
161,67,46,3,82,7674,7720,7653
162,67,48,3,86,7720,7768,7701
158,67,50,1,71,7768,7818,7751
157,67,91,3,79,7818,7909,7842
163,68,1,2,74,7909,7910,7842
164,68,47,2,80,7910,7957,7889
165,69,90,1,73,7957,8047,7978
166,70,12,2,86,8047,8059,7989
167,70,15,3,77,8059,8074,8004
169,71,42,2,82,8074,8116,8045
168,71,83,1,83,8116,8199,8128
170,72,15,1,73,8199,8214,8142
175,73,7,1,85,8214,8221,8148
176,73,28,2,89,8221,8249,8176
172,73,39,2,93,8249,8288,8215
171,73,64,2,87,8288,8352,8279
173,73,86,3,91,8352,8438,8365
174,73,86,3,77,8438,8524,8451
177,74,40,1,78,8524,8564,8490
179,74,57,3,88,8564,8621,8547
178,74,73,2,90,8621,8694,8620
180,75,64,2,89,8694,8758,8683
181,76,89,3,88,8758,8847,8771
182,76,90,1,95,8847,8937,8861
184,77,13,3,88,8937,8950,8873
185,77,21,2,90,8950,8971,8894
186,77,63,1,85,8971,9034,8957
183,77,94,1,80,9034,9128,9051
187,78,71,1,90,9128,9199,9121
188,79,27,2,96,9199,9226,9147
190,79,58,3,80,9226,9284,9205
189,79,80,3,90,9284,9364,9285
192,80,15,1,83,9364,9379,9299
193,80,33,3,99,9379,9412,9332
194,80,88,2,90,9412,9500,9420
195,80,98,3,82,9500,9598,9518
191,80,99,1,87,9598,9697,9617
196,81,52,1,88,9697,9749,9668
197,82,29,2,88,9749,9778,9696
198,83,71,3,101,9778,9849,9766
200,84,7,3,101,9849,9856,9772
199,84,61,2,89,9856,9917,9833
201,84,71,3,88,9917,9988,9904
203,85,3,2,101,9988,9991,9906
204,85,57,2,94,9991,10048,9963
202,85,92,2,90,10048,10140,10055
206,86,30,3,105,10140,10170,10084
205,86,99,3,91,10170,10269,10183
207,87,96,3,97,10269,10365,10278
208,88,43,1,103,10365,10408,10320
210,89,4,1,96,10408,10412,10323
209,89,8,1,99,10412,10420,10331
211,90,40,2,92,10420,10460,10370
212,90,93,3,105,10460,10553,10463
213,91,48,2,108,10553,10601,10510
214,92,73,1,94,10601,10674,10582
219,93,25,2,95,10674,10699,10606
216,93,28,2,100,10699,10727,10634
221,93,50,1,99,10727,10777,10684
215,93,54,1,110,10777,10831,10738
220,93,56,2,97,10831,10887,10794
222,93,71,1,96,10887,10958,10865
217,93,82,2,113,10958,11040,10947
218,93,94,1,104,11040,11134,11041
225,94,13,3,114,11134,11147,11053
224,94,59,3,97,11147,11206,11112
223,94,63,2,111,11206,11269,11175
226,95,52,1,101,11269,11321,11226
227,96,63,3,113,11321,11384,11288
229,97,56,1,106,11384,11440,11343
228,97,86,1,101,11440,11526,11429
230,98,16,2,100,11526,11542,11444
232,98,31,1,107,11542,11573,11475
233,98,51,2,102,11573,11624,11526
231,98,69,1,99,11624,11693,11595
234,99,39,2,115,11693,11732,11633
235,100,25,1,120,11732,11757,11657
237,101,1,2,118,11757,11758,11657
239,101,49,1,104,11758,11807,11706
236,101,82,1,116,11807,11889,11788
238,101,92,3,106,11889,11981,11880
240,101,94,2,107,11981,12075,11974
241,102,11,1,104,12075,12086,11984
242,103,48,3,120,12086,12134,12031
244,104,64,2,117,12134,12198,12094
243,104,77,3,116,12198,12275,12171
245,104,77,2,115,12275,12352,12248
246,104,92,3,121,12352,12444,12340
247,105,76,3,108,12444,12520,12415
248,106,56,3,116,12520,12576,12470
249,107,7,2,124,12576,12583,12476
250,108,72,2,117,12583,12655,12547
251,109,76,1,118,12655,12731,12622
254,110,79,3,125,12731,12810,12700
253,110,80,2,121,12810,12890,12780
252,110,91,3,128,12890,12981,12871
255,111,75,1,113,12981,13056,12945
256,112,59,1,113,13056,13115,13003
258,113,50,1,118,13115,13165,13052
257,113,73,3,123,13165,13238,13125
260,114,10,2,129,13238,13248,13134
259,114,43,3,121,13248,13291,13177
261,115,50,3,135,13291,13341,13226
263,116,36,1,131,13341,13377,13261
262,116,100,2,122,13377,13477,13361
264,117,11,1,133,13477,13488,13371
265,118,68,1,128,13488,13556,13438
267,119,26,3,133,13556,13582,13463
268,119,44,3,131,13582,13626,13507
266,119,50,3,137,13626,13676,13557
269,119,50,1,126,13676,13726,13607
270,120,95,2,140,13726,13821,13701
271,121,66,1,125,13821,13887,13766
272,122,43,1,138,13887,13930,13808
274,123,21,1,137,13930,13951,13828
277,123,21,1,140,13951,13972,13849
275,123,27,1,141,13972,13999,13876
276,123,48,2,128,13999,14047,13924
278,123,48,3,131,14047,14095,13972
279,123,49,3,143,14095,14144,14021
281,123,75,1,143,14144,14219,14096
282,123,86,3,124,14219,14305,14182
273,123,87,1,127,14305,14392,14269
280,123,91,1,128,14392,14483,14360
283,124,18,1,142,14483,14501,14377
285,125,13,3,142,14501,14514,14389
284,125,48,2,135,14514,14562,14437
286,126,51,2,132,14562,14613,14487
287,127,1,2,134,14613,14614,14487
288,127,60,2,132,14614,14674,14547
289,128,4,3,138,14674,14678,14550
290,129,44,2,147,14678,14722,14593
292,130,17,1,132,14722,14739,14609
291,130,20,1,150,14739,14759,14629
293,130,91,2,138,14759,14850,14720
294,131,54,2,144,14850,14904,14773
295,131,58,1,132,14904,14962,14831
296,132,26,3,138,14962,14988,14856
297,132,59,3,151,14988,15047,14915
298,133,20,2,153,15047,15067,14934
299,133,33,1,144,15067,15100,14967
300,134,10,1,154,15100,15110,14976
302,134,60,3,145,15110,15170,15036
303,134,74,2,153,15170,15244,15110
301,134,88,2,148,15244,15332,15198
304,135,31,2,138,15332,15363,15228
306,136,91,2,140,15363,15454,15318
305,136,100,3,156,15454,15554,15418
309,137,4,1,141,15554,15558,15421
311,137,16,3,149,15558,15574,15437
307,137,21,1,153,15574,15595,15458
308,137,21,3,154,15595,15616,15479
310,137,78,3,140,15616,15694,15557
315,138,9,2,139,15694,15703,15565
312,138,40,2,154,15703,15743,15605
316,138,40,2,151,15743,15783,15645
313,138,89,2,147,15783,15872,15734
314,138,90,3,146,15872,15962,15824
320,139,2,1,151,15962,15964,15825
321,139,12,1,159,15964,15976,15837
317,139,38,1,142,15976,16014,15875
322,139,67,3,154,16014,16081,15942
319,139,83,1,150,16081,16164,16025
318,139,86,3,149,16164,16250,16111
323,140,72,1,158,16250,16322,16182
325,141,22,2,149,16322,16344,16203
324,141,76,3,151,16344,16420,16279
327,142,29,2,149,16420,16449,16307
326,142,58,1,147,16449,16507,16365
328,143,57,1,145,16507,16564,16421
329,144,72,3,153,16564,16636,16492
330,145,66,2,157,16636,16702,16557
331,146,23,2,163,16702,16725,16579
333,147,32,1,165,16725,16757,16610
332,147,91,1,165,16757,16848,16701
334,148,9,3,158,16848,16857,16709
335,149,23,3,151,16857,16880,16731
336,150,19,2,157,16880,16899,16749
337,150,59,2,152,16899,16958,16808
338,151,98,3,167,16958,17056,16905
340,152,37,1,166,17056,17093,16941
339,152,41,3,160,17093,17134,16982
341,153,93,1,173,17134,17227,17074
342,154,78,1,170,17227,17305,17151
344,155,45,3,164,17305,17350,17195
343,155,53,2,164,17350,17403,17248
345,155,53,2,174,17403,17456,17301
346,156,70,2,167,17456,17526,17370
347,157,31,1,174,17526,17557,17400
348,158,81,3,176,17557,17638,17480
350,158,84,2,162,17638,17722,17564
349,158,89,1,178,17722,17811,17653
351,159,3,1,166,17811,17814,17655
353,159,35,2,176,17814,17849,17690
352,159,45,1,177,17849,17894,17735
355,160,10,3,161,17894,17904,17744
354,160,40,1,175,17904,17944,17784
357,161,43,3,168,17944,17987,17826
358,161,60,2,178,17987,18047,17886
356,161,82,1,171,18047,18129,17968
359,162,6,1,181,18129,18135,17973
361,163,51,3,172,18135,18186,18023
360,163,97,2,178,18186,18283,18120
362,164,10,3,182,18283,18293,18129
364,165,14,3,169,18293,18307,18142
363,165,46,3,185,18307,18353,18188
366,166,14,1,178,18353,18367,18201
365,166,57,2,186,18367,18424,18258
367,167,75,2,180,18424,18499,18332
370,168,29,1,176,18499,18528,18360
369,168,32,1,178,18528,18560,18392
371,168,42,3,187,18560,18602,18434
368,168,92,3,177,18602,18694,18526
373,169,44,1,171,18694,18738,18569
375,169,84,3,173,18738,18822,18653
374,169,91,3,187,18822,18913,18744
372,169,98,3,179,18913,19011,18842
377,170,31,2,182,19011,19042,18872
376,170,66,2,176,19042,19108,18938
378,171,24,1,190,19108,19132,18961
381,172,55,3,184,19132,19187,19015
379,172,70,3,188,19187,19257,19085
380,172,99,3,191,19257,19356,19184
382,173,47,1,182,19356,19403,19230
384,174,3,1,175,19403,19406,19232
383,174,56,1,187,19406,19462,19288
386,175,56,3,180,19462,19518,19343
385,175,98,2,177,19518,19616,19441
387,176,2,3,182,19616,19618,19442
388,177,89,1,179,19618,19707,19530
391,178,6,3,186,19707,19713,19535
390,178,52,1,196,19713,19765,19587
389,178,55,3,186,19765,19820,19642
392,179,29,1,197,19820,19849,19670
394,179,41,1,188,19849,19890,19711
396,179,45,2,194,19890,19935,19756
395,179,60,1,188,19935,19995,19816
393,179,69,1,198,19995,20064,19885
397,180,16,3,186,20064,20080,19900
399,181,8,1,192,20080,20088,19907
398,181,33,1,199,20088,20121,19940
400,182,5,3,185,20121,20126,19944
401,183,77,1,188,20126,20203,20020
402,184,85,2,197,20203,20288,20104
404,185,64,1,200,20288,20352,20167
403,185,83,1,188,20352,20435,20250
405,186,24,3,205,20435,20459,20273
406,187,23,2,188,20459,20482,20295
407,188,11,3,195,20482,20493,20305
410,189,50,3,203,20493,20543,20354
409,189,56,3,202,20543,20599,20410
408,189,64,2,202,20599,20663,20474
411,189,90,3,206,20663,20753,20564
412,190,78,2,201,20753,20831,20641
413,191,15,1,207,20831,20846,20655
414,192,86,2,204,20846,20932,20740
415,193,50,2,206,20932,20982,20789
416,194,83,3,200,20982,21065,20871
417,195,23,2,212,21065,21088,20893
418,196,96,2,209,21088,21184,20988
419,197,40,2,211,21184,21224,21027
421,198,14,2,199,21224,21238,21040
422,198,25,2,217,21238,21263,21065
424,198,53,1,200,21263,21316,21118
420,198,55,3,212,21316,21371,21173
423,198,72,2,212,21371,21443,21245
426,199,30,2,202,21443,21473,21274
427,199,54,3,214,21473,21527,21328
428,199,78,3,206,21527,21605,21406
425,199,92,3,209,21605,21697,21498
429,199,95,1,212,21697,21792,21593
430,200,86,1,205,21792,21878,21678
431,201,87,1,209,21878,21965,21764
432,202,18,1,210,21965,21983,21781
434,202,36,2,205,21983,22019,21817
435,202,42,1,215,22019,22061,21859
433,202,45,1,222,22061,22106,21904
436,202,76,2,222,22106,22182,21980
437,203,56,3,211,22182,22238,22035
438,204,54,3,205,22238,22292,22088
439,205,52,3,216,22292,22344,22139
440,206,16,2,224,22344,22360,22154
441,207,19,2,213,22360,22379,22172
443,208,19,1,218,22379,22398,22190
447,208,26,1,217,22398,22424,22216
442,208,43,2,224,22424,22467,22259
445,208,61,2,219,22467,22528,22320
444,208,73,1,227,22528,22601,22393
446,208,85,1,209,22601,22686,22478
448,209,52,1,219,22686,22738,22529
449,209,55,2,213,22738,22793,22584
451,209,82,2,229,22793,22875,22666
452,209,84,1,211,22875,22959,22750
450,209,92,2,228,22959,23051,22842
453,210,45,3,225,23051,23096,22886
454,210,70,2,214,23096,23166,22956
455,211,26,1,216,23166,23192,22981
456,212,14,3,218,23192,23206,22994
457,213,37,3,223,23206,23243,23030
458,214,7,3,222,23243,23250,23036
460,215,1,2,224,23250,23251,23036
459,215,59,2,221,23251,23310,23095
461,216,95,1,233,23310,23405,23189
462,217,44,3,222,23405,23449,23232
465,218,9,1,224,23449,23458,23240
463,218,17,3,234,23458,23475,23257
466,218,60,2,238,23475,23535,23317
467,218,70,3,228,23535,23605,23387
468,218,83,3,221,23605,23688,23470
464,218,100,3,223,23688,23788,23570
469,219,1,3,224,23788,23789,23570
470,220,3,3,238,23789,23792,23572
471,220,9,2,233,23792,23801,23581
472,220,41,1,230,23801,23842,23622
473,221,21,1,233,23842,23863,23642
474,221,27,2,239,23863,23890,23669
475,222,57,1,233,23890,23947,23725
476,222,88,3,236,23947,24035,23813
478,223,55,1,242,24035,24090,23867
477,223,70,3,229,24090,24160,23937
479,224,58,1,232,24160,24218,23994
481,225,7,2,229,24218,24225,24000
480,225,62,1,239,24225,24287,24062
482,226,43,1,238,24287,24330,24104
483,227,90,3,237,24330,24420,24193
484,228,89,2,241,24420,24509,24281
485,229,45,1,231,24509,24554,24325
486,230,25,1,244,24554,24579,24349
487,231,43,3,239,24579,24622,24391
488,232,53,1,247,24622,24675,24443
490,233,32,2,244,24675,24707,24474
489,233,71,2,239,24707,24778,24545
492,233,83,2,249,24778,24861,24628
491,233,84,3,251,24861,24945,24712
493,234,46,3,237,24945,24991,24757
494,234,63,1,241,24991,25054,24820
498,235,18,2,249,25054,25072,24837
496,235,74,1,237,25072,25146,24911
497,235,82,1,255,25146,25228,24993
495,235,100,3,251,25228,25328,25093
499,236,28,2,242,25328,25356,25120
500,236,53,3,252,25356,25409,25173
501,236,78,1,256,25409,25487,25251
502,236,99,2,255,25487,25586,25350
503,237,7,2,238,25586,25593,25356
504,237,71,3,247,25593,25664,25427
506,238,12,1,240,25664,25676,25438
507,238,85,1,247,25676,25761,25523
505,238,87,3,254,25761,25848,25610
508,239,22,3,255,25848,25870,25631
509,239,93,2,246,25870,25963,25724
510,240,76,2,258,25963,26039,25799
511,241,88,3,249,26039,26127,25886
513,242,42,2,258,26127,26169,25927
512,242,69,2,244,26169,26238,25996
514,243,69,1,247,26238,26307,26064
515,243,99,2,247,26307,26406,26163
516,244,8,2,257,26406,26414,26170
517,245,49,1,262,26414,26463,26218
518,246,76,2,255,26463,26539,26293
519,246,80,2,247,26539,26619,26373
520,247,62,2,261,26619,26681,26434
521,248,97,3,258,26681,26778,26530
523,249,7,3,258,26778,26785,26536
522,249,30,2,269,26785,26815,26566
524,249,49,3,258,26815,26864,26615
525,249,52,3,268,26864,26916,26667
527,250,33,1,263,26916,26949,26699
526,250,95,1,263,26949,27044,26794
528,251,85,1,266,27044,27129,26878
529,252,22,2,257,27129,27151,26899
530,253,76,1,256,27151,27227,26974
533,254,34,3,272,27227,27261,27007
534,254,38,1,272,27261,27299,27045
535,254,42,2,273,27299,27341,27087
532,254,70,2,268,27341,27411,27157
531,254,81,3,258,27411,27492,27238
537,254,83,1,255,27492,27575,27321
536,254,90,3,270,27575,27665,27411
538,255,39,2,257,27665,27704,27449
539,256,46,1,261,27704,27750,27494
541,257,8,2,264,27750,27758,27501
540,257,11,1,273,27758,27769,27512
542,257,15,3,259,27769,27784,27527
543,257,92,1,276,27784,27876,27619
545,258,29,3,274,27876,27905,27647
544,258,95,3,266,27905,28000,27742
548,259,50,1,276,28000,28050,27791
546,259,70,3,261,28050,28120,27861
547,259,92,2,270,28120,28212,27953
550,260,1,2,280,28212,28213,27953
549,260,36,3,277,28213,28249,27989
551,261,68,3,271,28249,28317,28056
554,262,4,3,280,28317,28321,28059
552,262,50,3,279,28321,28371,28109
553,262,72,1,274,28371,28443,28181
555,262,80,3,263,28443,28523,28261
558,263,38,2,267,28523,28561,28298
556,263,61,3,283,28561,28622,28359
557,263,91,3,274,28622,28713,28450
562,264,57,2,279,28713,28770,28506
561,264,75,3,270,28770,28845,28581
560,264,82,2,284,28845,28927,28663
559,264,84,3,275,28927,29011,28747
563,265,31,1,277,29011,29042,28777
564,266,72,1,268,29042,29114,28848
568,267,12,2,276,29114,29126,28859
567,267,21,1,270,29126,29147,28880
565,267,60,1,282,29147,29207,28940
566,267,97,2,269,29207,29304,29037
569,268,46,1,285,29304,29350,29082
570,269,70,2,288,29350,29420,29151
571,270,7,3,284,29420,29427,29157
573,270,18,2,288,29427,29445,29175
572,270,50,2,272,29445,29495,29225
574,271,51,1,274,29495,29546,29275
575,272,51,1,278,29546,29597,29325
578,273,3,1,291,29597,29600,29327
577,273,4,3,293,29600,29604,29331
576,273,98,2,274,29604,29702,29429
579,274,75,3,281,29702,29777,29503
580,275,3,2,287,29777,29780,29505
581,275,56,3,291,29780,29836,29561
582,275,86,3,277,29836,29922,29647
583,276,96,1,293,29922,30018,29742
585,277,18,3,293,30018,30036,29759
589,277,23,1,283,30036,30059,29782
584,277,32,1,289,30059,30091,29814
588,277,73,1,285,30091,30164,29887
586,277,87,3,281,30164,30251,29974
587,277,90,1,295,30251,30341,30064
590,278,24,1,280,30341,30365,30087
592,279,13,3,299,30365,30378,30099
591,279,96,1,295,30378,30474,30195
593,280,100,3,286,30474,30574,30294
594,281,50,2,289,30574,30624,30343
595,282,34,3,285,30624,30658,30376
597,283,45,2,285,30658,30703,30420
598,283,48,1,298,30703,30751,30468
596,283,98,1,294,30751,30849,30566
599,284,10,1,297,30849,30859,30575
601,284,14,1,294,30859,30873,30589
600,284,45,1,289,30873,30918,30634
602,285,20,3,302,30918,30938,30653
604,286,5,1,305,30938,30943,30657
603,286,54,1,292,30943,30997,30711
605,286,56,1,306,30997,31053,30767
607,286,64,3,293,31053,31117,30831
606,286,99,2,306,31117,31216,30930
608,287,40,3,288,31216,31256,30969
610,288,9,1,289,31256,31265,30977
609,288,29,2,291,31265,31294,31006
611,289,7,3,300,31294,31301,31012
612,290,51,2,293,31301,31352,31062
613,291,46,3,304,31352,31398,31107
616,292,8,2,312,31398,31406,31114
615,292,32,1,305,31406,31438,31146
617,292,89,1,294,31438,31527,31235
614,292,96,3,294,31527,31623,31331
620,293,20,3,294,31623,31643,31350
621,293,45,1,313,31643,31688,31395
619,293,48,1,298,31688,31736,31443
618,293,95,3,312,31736,31831,31538
623,294,76,1,303,31831,31907,31613
622,294,94,3,296,31907,32001,31707
624,295,2,3,300,32001,32003,31708
625,296,4,2,299,32003,32007,31711
632,296,16,3,297,32007,32023,31727
628,296,26,3,303,32023,32049,31753
627,296,64,2,307,32049,32113,31817
626,296,80,1,304,32113,32193,31897
629,296,92,1,315,32193,32285,31989
630,296,97,1,298,32285,32382,32086
631,296,100,1,306,32382,32482,32186
633,297,72,1,304,32482,32554,32257
635,298,69,1,300,32554,32623,32325
634,298,73,3,307,32623,32696,32398
636,298,82,1,301,32696,32778,32480
637,299,28,2,318,32778,32806,32507
639,300,87,3,305,32806,32893,32593
638,300,89,1,320,32893,32982,32682
640,301,87,1,321,32982,33069,32768
641,302,7,1,318,33069,33076,32774
643,303,63,2,322,33076,33139,32836
642,303,90,1,317,33139,33229,32926
645,304,9,3,312,33229,33238,32934
644,304,65,3,319,33238,33303,32999
646,305,23,1,313,33303,33326,33021
647,306,38,1,316,33326,33364,33058
648,306,95,3,319,33364,33459,33153
650,307,23,3,318,33459,33482,33175
651,307,85,1,322,33482,33567,33260
649,307,95,2,315,33567,33662,33355
652,308,28,2,312,33662,33690,33382
653,308,72,1,326,33690,33762,33454
658,309,35,1,316,33762,33797,33488
657,309,58,1,329,33797,33855,33546
654,309,60,3,315,33855,33915,33606
655,309,85,3,322,33915,34000,33691
656,309,89,3,317,34000,34089,33780
659,310,23,2,324,34089,34112,33802
661,311,41,2,320,34112,34153,33842
660,311,79,1,325,34153,34232,33921
664,312,9,2,321,34232,34241,33929
663,312,39,3,314,34241,34280,33968
662,312,95,1,327,34280,34375,34063
665,313,15,1,329,34375,34390,34077
666,314,17,3,315,34390,34407,34093
667,314,65,1,319,34407,34472,34158
669,315,10,1,318,34472,34482,34167
668,315,91,3,326,34482,34573,34258
671,316,44,2,330,34573,34617,34301
670,316,87,3,335,34617,34704,34388
673,317,18,1,325,34704,34722,34405
672,317,51,1,333,34722,34773,34456
674,318,51,1,321,34773,34824,34506
675,319,8,3,322,34824,34832,34513
676,320,66,1,324,34832,34898,34578
677,321,100,1,325,34898,34998,34677
680,322,57,3,331,34998,35055,34733
678,322,68,1,327,35055,35123,34801
681,322,70,1,331,35123,35193,34871
679,322,87,3,327,35193,35280,34958
682,322,88,1,326,35280,35368,35046
683,323,48,2,335,35368,35416,35093
684,323,99,1,326,35416,35515,35192
686,324,19,3,342,35515,35534,35210
687,324,20,3,333,35534,35554,35230
685,324,55,3,332,35554,35609,35285
688,325,46,1,343,35609,35655,35330
690,325,46,1,337,35655,35701,35376
689,325,81,3,327,35701,35782,35457
692,326,8,3,340,35782,35790,35464
691,326,93,1,342,35790,35883,35557
695,327,27,3,334,35883,35910,35583
694,327,67,1,338,35910,35977,35650
693,327,70,2,330,35977,36047,35720
697,328,2,1,338,36047,36049,35721
696,328,90,1,338,36049,36139,35811
699,329,39,1,339,36139,36178,35849
698,329,86,2,343,36178,36264,35935
700,330,37,1,336,36264,36301,35971
701,331,21,2,334,36301,36322,35991
702,332,84,1,345,36322,36406,36074
703,332,87,3,352,36406,36493,36161
706,333,26,3,334,36493,36519,36186
705,333,33,1,346,36519,36552,36219
704,333,57,1,338,36552,36609,36276
707,333,64,3,352,36609,36673,36340
708,334,60,3,350,36673,36733,36399
711,335,41,1,348,36733,36774,36439
709,335,92,3,339,36774,36866,36531
710,335,100,2,340,36866,36966,36631
712,336,86,3,353,36966,37052,36716
714,337,14,2,345,37052,37066,36729
713,337,73,2,356,37066,37139,36802
715,338,65,2,343,37139,37204,36866
716,338,96,2,344,37204,37300,36962
717,339,16,2,353,37300,37316,36977
721,340,6,3,350,37316,37322,36982
719,340,34,2,341,37322,37356,37016
718,340,74,3,348,37356,37430,37090
720,340,99,2,353,37430,37529,37189
722,341,26,1,360,37529,37555,37214
723,342,89,2,354,37555,37644,37302
724,343,21,2,359,37644,37665,37322
727,344,21,3,346,37665,37686,37342
725,344,57,1,357,37686,37743,37399
726,344,93,1,363,37743,37836,37492
728,345,30,3,362,37836,37866,37521
730,346,35,1,352,37866,37901,37555
729,346,38,3,354,37901,37939,37593
732,347,56,2,356,37939,37995,37648
734,347,73,2,354,37995,38068,37721
733,347,82,2,353,38068,38150,37803
731,347,89,3,366,38150,38239,37892
736,348,33,2,361,38239,38272,37924
737,348,57,1,358,38272,38329,37981
735,348,82,2,349,38329,38411,38063
738,349,91,1,353,38411,38502,38153
739,350,55,1,355,38502,38557,38207
741,351,58,3,361,38557,38615,38264
740,351,92,2,354,38615,38707,38356
742,352,1,2,366,38707,38708,38356
743,352,81,1,358,38708,38789,38437
744,353,18,1,370,38789,38807,38454
745,353,77,2,364,38807,38884,38531
746,354,29,1,363,38884,38913,38559
747,355,4,2,362,38913,38917,38562
748,356,62,2,372,38917,38979,38623
749,356,96,1,363,38979,39075,38719
750,357,90,3,368,39075,39165,38808
751,358,15,3,370,39165,39180,38822
756,359,4,2,367,39180,39184,38825
753,359,26,3,363,39184,39210,38851
752,359,46,3,379,39210,39256,38897
754,359,46,1,378,39256,39302,38943
755,359,76,3,368,39302,39378,39019
757,360,41,3,361,39378,39419,39059
759,361,76,1,380,39419,39495,39134
758,361,90,1,367,39495,39585,39224
760,362,89,2,373,39585,39674,39312
762,363,37,3,366,39674,39711,39348
761,363,78,1,379,39711,39789,39426
765,364,30,2,373,39789,39819,39455
764,364,49,2,365,39819,39868,39504
763,364,95,1,378,39868,39963,39599
766,365,2,1,376,39963,39965,39600
767,365,91,2,374,39965,40056,39691
768,366,19,3,379,40056,40075,39709
769,367,37,1,387,40075,40112,39745
770,368,53,1,385,40112,40165,39797
772,368,59,1,387,40165,40224,39856
771,368,90,3,372,40224,40314,39946
776,369,4,3,371,40314,40318,39949
774,369,47,1,387,40318,40365,39996
775,369,65,3,374,40365,40430,40061
773,369,98,1,374,40430,40528,40159
777,370,36,3,384,40528,40564,40194
778,371,33,3,382,40564,40597,40226
779,372,24,2,375,40597,40621,40249
781,372,29,2,381,40621,40650,40278
786,372,35,2,385,40650,40685,40313
782,372,36,2,385,40685,40721,40349
784,372,47,3,375,40721,40768,40396
785,372,56,2,373,40768,40824,40452
780,372,80,3,384,40824,40904,40532
783,372,98,3,386,40904,41002,40630
788,373,36,2,374,41002,41038,40665
787,373,69,3,377,41038,41107,40734
791,374,34,3,389,41107,41141,40767
789,374,80,3,376,41141,41221,40847
792,374,81,2,388,41221,41302,40928
790,374,88,3,377,41302,41390,41016
793,375,89,1,388,41390,41479,41104
794,375,90,2,393,41479,41569,41194
795,376,17,3,379,41569,41586,41210
796,377,42,3,384,41586,41628,41251
797,377,94,1,388,41628,41722,41345
798,378,50,3,390,41722,41772,41394
799,378,96,3,396,41772,41868,41490
801,379,2,1,388,41868,41870,41491
800,379,72,3,381,41870,41942,41563
802,380,14,1,392,41942,41956,41576
803,380,66,1,396,41956,42022,41642
804,381,65,1,397,42022,42087,41706
805,381,74,2,398,42087,42161,41780
807,382,13,1,401,42161,42174,41792
806,382,88,2,383,42174,42262,41880
808,383,65,3,391,42262,42327,41944
809,384,76,2,386,42327,42403,42019
810,385,88,1,401,42403,42491,42106
811,386,85,1,394,42491,42576,42190
812,387,4,2,390,42576,42580,42193
814,388,81,2,400,42580,42661,42273
813,388,95,3,390,42661,42756,42368
815,389,2,3,391,42756,42758,42369
816,390,27,1,392,42758,42785,42395
819,391,28,3,404,42785,42813,42422
820,391,63,3,403,42813,42876,42485
818,391,70,1,392,42876,42946,42555
817,391,99,2,397,42946,43045,42654
821,392,76,3,403,43045,43121,42729
822,393,52,2,403,43121,43173,42780
823,394,6,3,408,43173,43179,42785
824,395,12,3,397,43179,43191,42796
825,395,58,2,414,43191,43249,42854
826,395,64,3,398,43249,43313,42918
827,396,24,3,414,43313,43337,42941
828,396,45,1,409,43337,43382,42986
829,397,10,1,417,43382,43392,42995
830,397,61,2,402,43392,43453,43056
831,397,69,3,407,43453,43522,43125
833,398,28,2,416,43522,43550,43152
832,398,80,1,402,43550,43630,43232
834,399,31,3,412,43630,43661,43262
835,399,31,1,416,43661,43692,43293
836,400,25,2,418,43692,43717,43317
837,401,29,3,410,43717,43746,43345
843,402,11,2,417,43746,43757,43355
844,402,30,1,419,43757,43787,43385
845,402,37,1,413,43787,43824,43422
841,402,58,2,419,43824,43882,43480
839,402,71,3,409,43882,43953,43551
842,402,73,2,409,43953,44026,43624
840,402,76,1,409,44026,44102,43700
838,402,79,1,412,44102,44181,43779
848,403,6,1,412,44181,44187,43784
851,403,28,1,404,44187,44215,43812
846,403,47,3,420,44215,44262,43859
847,403,66,2,421,44262,44328,43925
849,403,68,1,406,44328,44396,43993
850,403,70,2,410,44396,44466,44063
856,404,8,3,416,44466,44474,44070
859,404,11,3,414,44474,44485,44081
855,404,27,1,417,44485,44512,44108
857,404,30,2,414,44512,44542,44138
852,404,65,2,414,44542,44607,44203
853,404,86,1,418,44607,44693,44289
854,404,88,2,415,44693,44781,44377
858,404,90,3,415,44781,44871,44467
860,405,21,2,416,44871,44892,44487
861,405,33,2,407,44892,44925,44520
862,406,87,1,408,44925,45012,44606
864,407,46,1,427,45012,45058,44651
863,407,75,1,419,45058,45133,44726
865,408,46,1,411,45133,45179,44771
866,409,17,3,425,45179,45196,44787
868,410,28,3,419,45196,45224,44814
869,410,37,2,417,45224,45261,44851
867,410,47,1,416,45261,45308,44898
870,410,63,2,423,45308,45371,44961
871,411,88,1,431,45371,45459,45048
872,412,5,3,424,45459,45464,45052
873,413,92,3,417,45464,45556,45143
874,414,55,1,421,45556,45611,45197
875,415,28,2,426,45611,45639,45224
877,416,25,2,425,45639,45664,45248
876,416,50,1,419,45664,45714,45298
879,417,7,1,424,45714,45721,45304
878,417,28,1,435,45721,45749,45332
881,418,26,3,432,45749,45775,45357
880,418,40,1,422,45775,45815,45397
882,419,3,2,428,45815,45818,45399
883,419,10,2,428,45818,45828,45409
884,420,4,1,427,45828,45832,45412
889,420,30,3,431,45832,45862,45442
887,420,31,2,427,45862,45893,45473
885,420,57,1,421,45893,45950,45530
886,420,58,3,432,45950,46008,45588
888,420,84,2,431,46008,46092,45672
890,421,45,3,433,46092,46137,45716
891,422,80,3,436,46137,46217,45795
892,423,5,2,436,46217,46222,45799
893,424,89,2,428,46222,46311,45887
894,425,10,1,440,46311,46321,45896
895,425,13,3,442,46321,46334,45909
896,425,42,3,433,46334,46376,45951
897,426,8,2,433,46376,46384,45958
899,426,10,2,427,46384,46394,45968
898,426,41,3,427,46394,46435,46009
900,426,68,2,445,46435,46503,46077
903,427,16,2,439,46503,46519,46092
905,427,46,2,437,46519,46565,46138
901,427,74,3,434,46565,46639,46212
902,427,76,1,442,46639,46715,46288
904,427,98,2,432,46715,46813,46386
910,428,6,3,430,46813,46819,46391
906,428,10,1,448,46819,46829,46401
911,428,19,3,434,46829,46848,46420
907,428,63,1,429,46848,46911,46483
908,428,71,3,433,46911,46982,46554
909,428,96,3,442,46982,47078,46650
914,429,4,2,442,47078,47082,46653
912,429,32,2,442,47082,47114,46685
913,429,59,3,436,47114,47173,46744
915,430,11,3,449,47173,47184,46754
916,431,55,1,437,47184,47239,46808
918,432,16,3,436,47239,47255,46823
917,432,69,2,451,47255,47324,46892
919,432,94,3,439,47324,47418,46986
920,433,53,3,449,47418,47471,47038
921,433,84,1,440,47471,47555,47122
924,434,49,3,444,47555,47604,47170
923,434,74,3,446,47604,47678,47244
922,434,97,3,443,47678,47775,47341
926,435,62,2,452,47775,47837,47402
925,435,86,3,444,47837,47923,47488
927,436,66,3,442,47923,47989,47553
928,437,84,2,449,47989,48073,47636
930,438,22,3,441,48073,48095,47657
929,438,72,1,441,48095,48167,47729
931,438,84,3,450,48167,48251,47813
932,438,99,1,447,48251,48350,47912
935,439,37,3,446,48350,48387,47948
934,439,74,3,454,48387,48461,48022
933,439,94,3,452,48461,48555,48116
936,440,6,2,449,48555,48561,48121
938,440,57,1,455,48561,48618,48178
937,440,96,1,445,48618,48714,48274
939,441,24,1,448,48714,48738,48297
941,442,5,3,451,48738,48743,48301
940,442,56,2,453,48743,48799,48357
942,442,83,1,455,48799,48882,48440
943,443,32,2,448,48882,48914,48471
945,443,82,3,448,48914,48996,48553
944,443,96,2,445,48996,49092,48649
946,443,100,1,452,49092,49192,48749
948,444,60,2,458,49192,49252,48808
947,444,72,1,445,49252,49324,48880
950,445,4,2,451,49324,49328,48883
949,445,35,2,460,49328,49363,48918
955,446,11,3,449,49363,49374,48928
953,446,22,1,454,49374,49396,48950
954,446,74,1,459,49396,49470,49024
952,446,85,1,447,49470,49555,49109
951,446,94,1,459,49555,49649,49203
956,446,95,3,447,49649,49744,49298
957,447,48,1,454,49744,49792,49345
958,447,58,2,458,49792,49850,49403
959,448,92,1,462,49850,49942,49494
960,449,6,2,458,49942,49948,49499
961,450,87,3,457,49948,50035,49585
962,451,10,3,466,50035,50045,49594
963,452,83,3,469,50045,50128,49676
964,453,61,1,454,50128,50189,49736
965,454,25,1,456,50189,50214,49760
966,454,42,1,458,50214,50256,49802
968,454,64,2,456,50256,50320,49866
967,454,79,2,455,50320,50399,49945
969,455,22,2,470,50399,50421,49966
970,455,50,1,466,50421,50471,50016
971,456,88,2,463,50471,50559,50103
972,457,44,1,470,50559,50603,50146
973,458,7,3,464,50603,50610,50152
974,459,21,2,475,50610,50631,50172
977,460,18,1,474,50631,50649,50189
976,460,37,1,479,50649,50686,50226
975,460,74,1,467,50686,50760,50300
979,461,5,2,468,50760,50765,50304
978,461,62,1,477,50765,50827,50366
980,462,49,1,473,50827,50876,50414
982,463,33,2,468,50876,50909,50446
981,463,55,1,480,50909,50964,50501
984,464,55,1,478,50964,51019,50555
983,464,84,2,484,51019,51103,50639
987,465,25,1,468,51103,51128,50663
986,465,32,3,469,51128,51160,50695
988,465,54,1,480,51160,51214,50749
985,465,71,1,477,51214,51285,50820
992,466,23,3,478,51285,51308,50842
990,466,43,1,477,51308,51351,50885
991,466,53,1,472,51351,51404,50938
989,466,85,3,478,51404,51489,51023
993,467,68,1,481,51489,51557,51090
994,468,53,1,478,51557,51610,51142
996,469,23,1,489,51610,51633,51164
998,469,54,1,485,51633,51687,51218
995,469,55,2,481,51687,51742,51273
997,469,57,1,486,51742,51799,51330
999,470,80,2,473,51799,51879,51409
1000,471,71,1,488,51879,51950,51479
1001,472,67,1,479,51950,52017,51545
1002,472,85,2,477,52017,52102,51630
1004,473,14,3,488,52102,52116,51643
1003,473,15,3,483,52116,52131,51658
1005,473,80,2,493,52131,52211,51738
1006,474,34,1,480,52211,52245,51771
1007,475,49,1,485,52245,52294,51819
1008,476,5,1,485,52294,52299,51823
1009,476,82,1,489,52299,52381,51905
1010,477,62,1,487,52381,52443,51966
1012,477,73,2,481,52443,52516,52039
1011,477,88,2,486,52516,52604,52127
1013,478,4,3,487,52604,52608,52130
1014,479,36,1,480,52608,52644,52165
1015,479,96,1,491,52644,52740,52261
1016,480,44,1,499,52740,52784,52304
1017,480,77,1,483,52784,52861,52381
1018,481,30,1,491,52861,52891,52410
1020,481,44,2,487,52891,52935,52454
1019,481,80,3,485,52935,53015,52534
1021,482,66,2,500,53015,53081,52599
1022,483,24,3,500,53081,53105,52622
1024,484,52,1,499,53105,53157,52673
1023,484,81,1,499,53157,53238,52754
1028,485,4,2,504,53238,53242,52757
1025,485,59,2,497,53242,53301,52816
1026,485,68,2,492,53301,53369,52884
1027,485,83,2,492,53369,53452,52967
1029,486,11,1,487,53452,53463,52977
1030,486,14,3,502,53463,53477,52991
1032,487,55,1,506,53477,53532,53045
1031,487,82,3,506,53532,53614,53127
1033,488,27,1,492,53614,53641,53153
1035,489,72,3,491,53641,53713,53224
1034,489,88,2,508,53713,53801,53312
1036,490,9,1,508,53801,53810,53320
1037,490,62,2,504,53810,53872,53382
1038,491,16,3,499,53872,53888,53397
1039,491,67,1,509,53888,53955,53464
1041,492,30,3,499,53955,53985,53493
1040,492,60,2,505,53985,54045,53553
1042,493,25,1,500,54045,54070,53577
1043,494,36,1,499,54070,54106,53612
1044,495,45,1,507,54106,54151,53656
1045,495,45,2,510,54151,54196,53701
1046,496,13,3,503,54196,54209,53713
1047,496,81,2,514,54209,54290,53794
1048,497,91,1,512,54290,54381,53884
1049,498,29,2,505,54381,54410,53912
1050,499,35,2,515,54410,54445,53946
1051,499,62,2,506,54445,54507,54008
1052,499,81,3,506,54507,54588,54089
1053,500,29,3,509,54588,54617,54117
1054,500,29,1,507,54617,54646,54146
1055,500,57,2,511,54646,54703,54203
1056,501,45,1,505,54703,54748,54247
1057,502,71,3,508,54748,54819,54317
1058,503,44,1,513,54819,54863,54360
1060,504,59,1,512,54863,54922,54418
1059,504,75,2,512,54922,54997,54493
1063,505,3,3,512,54997,55000,54495
1064,505,44,3,515,55000,55044,54539
1062,505,75,2,516,55044,55119,54614
1061,505,82,3,517,55119,55201,54696
1065,506,3,1,511,55201,55204,54698
1066,506,78,3,520,55204,55282,54776
1067,506,99,3,518,55282,55381,54875
1068,507,36,3,521,55381,55417,54910
1070,507,64,3,519,55417,55481,54974
1069,507,68,2,515,55481,55549,55042
1071,508,52,3,522,55549,55601,55093
1072,509,34,3,525,55601,55635,55126
1074,509,79,1,529,55635,55714,55205
1073,509,85,1,526,55714,55799,55290
1075,510,47,2,519,55799,55846,55336
1078,511,9,1,521,55846,55855,55344
1077,511,30,2,515,55855,55885,55374
1081,511,34,1,520,55885,55919,55408
1076,511,38,1,525,55919,55957,55446
1080,511,54,2,516,55957,56011,55500
1079,511,69,3,528,56011,56080,55569
1082,512,96,3,521,56080,56176,55664
1083,513,13,2,522,56176,56189,55676
1084,514,21,3,528,56189,56210,55696
1085,515,50,2,520,56210,56260,55745
1086,516,37,3,522,56260,56297,55781
1087,516,76,1,518,56297,56373,55857
1088,517,23,2,519,56373,56396,55879
1090,518,31,1,524,56396,56427,55909
1091,518,61,1,532,56427,56488,55970
1089,518,96,3,532,56488,56584,56066
1092,519,19,2,537,56584,56603,56084
1093,520,12,2,530,56603,56615,56095
1096,520,21,2,532,56615,56636,56116
1094,520,67,1,525,56636,56703,56183
1095,520,83,1,529,56703,56786,56266
1098,521,8,2,530,56786,56794,56273
1097,521,22,2,532,56794,56816,56295
1100,521,29,3,532,56816,56845,56324
1101,521,30,2,532,56845,56875,56354
1099,521,47,3,525,56875,56922,56401
1102,522,44,2,527,56922,56966,56444
1105,523,17,2,543,56966,56983,56460
1106,523,44,1,540,56983,57027,56504
1103,523,52,2,529,57027,57079,56556
1104,523,97,2,532,57079,57176,56653
1107,524,73,2,531,57176,57249,56725
1108,525,2,1,534,57249,57251,56726
1109,526,18,1,535,57251,57269,56743
1110,526,39,2,536,57269,57308,56782
1111,527,87,1,543,57308,57395,56868
1115,528,2,2,532,57395,57397,56869
1112,528,26,1,531,57397,57423,56895
1114,528,63,3,537,57423,57486,56958
1113,528,97,2,540,57486,57583,57055
1117,529,29,3,543,57583,57612,57083
1118,529,47,3,540,57612,57659,57130
1116,529,93,2,538,57659,57752,57223
1119,530,36,1,535,57752,57788,57258
1121,530,51,3,532,57788,57839,57309
1120,530,94,3,535,57839,57933,57403
1122,531,73,3,536,57933,58006,57475
1124,532,20,2,544,58006,58026,57494
1123,532,44,3,546,58026,58070,57538
1125,533,8,3,553,58070,58078,57545
1126,533,44,2,537,58078,58122,57589
1127,534,26,1,546,58122,58148,57614
1128,534,88,2,541,58148,58236,57702
1129,535,18,2,543,58236,58254,57719
1130,535,40,2,544,58254,58294,57759
1131,536,84,3,540,58294,58378,57842
1132,537,46,3,538,58378,58424,57887
1133,538,79,1,549,58424,58503,57965
1134,539,5,1,554,58503,58508,57969
1137,540,66,1,544,58508,58574,58034
1136,540,73,2,542,58574,58647,58107
1135,540,86,1,546,58647,58733,58193
1138,541,16,2,542,58733,58749,58208
1139,541,79,2,561,58749,58828,58287
1140,542,65,2,550,58828,58893,58351
1141,543,29,2,557,58893,58922,58379
1143,543,52,3,563,58922,58974,58431
1142,543,90,3,545,58974,59064,58521
1144,544,51,1,551,59064,59115,58571
1145,544,85,2,545,59115,59200,58656
1146,545,7,1,556,59200,59207,58662
1147,546,14,2,550,59207,59221,58675
1148,546,19,1,556,59221,59240,58694
1149,547,32,2,555,59240,59272,58725
1150,547,80,3,557,59272,59352,58805
1152,548,59,1,555,59352,59411,58863
1151,548,83,2,562,59411,59494,58946
1153,549,59,3,559,59494,59553,59004
1154,549,65,2,551,59553,59618,59069
1155,550,20,3,555,59618,59638,59088
1156,550,99,2,565,59638,59737,59187
1157,551,37,1,560,59737,59774,59223
1161,552,16,1,560,59774,59790,59238
1160,552,48,1,564,59790,59838,59286
1159,552,55,2,566,59838,59893,59341
1158,552,56,2,558,59893,59949,59397
1164,553,19,1,565,59949,59968,59415
1162,553,46,3,565,59968,60014,59461
1163,553,78,1,568,60014,60092,59539
1167,554,17,2,574,60092,60109,59555
1165,554,26,1,572,60109,60135,59581
1169,554,68,3,565,60135,60203,59649
1168,554,79,1,567,60203,60282,59728
1166,554,87,1,556,60282,60369,59815
1170,555,59,3,561,60369,60428,59873
1173,556,30,1,576,60428,60458,59902
1172,556,31,1,569,60458,60489,59933
1171,556,34,1,559,60489,60523,59967
1176,557,12,1,574,60523,60535,59978
1174,557,30,1,573,60535,60565,60008
1175,557,88,3,562,60565,60653,60096
1177,558,42,3,570,60653,60695,60137
1178,559,7,3,575,60695,60702,60143
1179,560,96,3,569,60702,60798,60238
1180,561,55,1,578,60798,60853,60292
1181,562,85,1,582,60853,60938,60376
1182,562,99,3,566,60938,61037,60475
1183,563,34,1,583,61037,61071,60508
1184,563,86,2,582,61071,61157,60594
1185,564,14,3,579,61157,61171,60607
1186,565,47,1,582,61171,61218,60653
1190,566,7,3,581,61218,61225,60659
1187,566,30,1,573,61225,61255,60689
1192,566,31,2,583,61255,61286,60720
1191,566,71,2,578,61286,61357,60791
1188,566,86,3,573,61357,61443,60877
1189,566,99,1,581,61443,61542,60976
1193,567,67,1,569,61542,61609,61042
1194,568,46,2,569,61609,61655,61087
1195,569,64,2,580,61655,61719,61150
1196,569,88,3,575,61719,61807,61238
1197,570,53,1,577,61807,61860,61290
1198,571,92,2,591,61860,61952,61381
1200,572,8,2,588,61952,61960,61388
1201,572,9,1,582,61960,61969,61397
1199,572,75,2,589,61969,62044,61472
1202,573,5,2,590,62044,62049,61476
1206,573,8,2,592,62049,62057,61484
1205,573,24,3,590,62057,62081,61508
1204,573,34,2,590,62081,62115,61542
1203,573,70,2,582,62115,62185,61612
1207,574,17,3,575,62185,62202,61628
1209,574,82,1,586,62202,62284,61710
1208,574,88,2,582,62284,62372,61798
1211,575,24,1,591,62372,62396,61821
1210,575,73,3,578,62396,62469,61894
1212,576,1,2,594,62469,62470,61894
1214,577,13,3,580,62470,62483,61906
1213,577,25,1,594,62483,62508,61931
1215,578,66,2,593,62508,62574,61996
1216,578,76,2,586,62574,62650,62072
1217,579,85,3,595,62650,62735,62156
1219,580,57,3,595,62735,62792,62212
1218,580,81,2,590,62792,62873,62293
1222,581,67,2,599,62873,62940,62359
1221,581,77,1,600,62940,63017,62436
1220,581,97,2,590,63017,63114,62533
1223,582,55,3,587,63114,63169,62587
1225,583,7,2,600,63169,63176,62593
1224,583,22,2,588,63176,63198,62615
1226,584,62,2,598,63198,63260,62676
1227,585,22,1,589,63260,63282,62697
1228,586,49,2,601,63282,63331,62745
1231,586,52,2,606,63331,63383,62797
1230,586,62,2,599,63383,63445,62859
1229,586,71,2,595,63445,63516,62930
1232,587,30,2,602,63516,63546,62959
1233,587,47,1,603,63546,63593,63006
1234,588,78,1,607,63593,63671,63083
1235,589,71,3,592,63671,63742,63153
1236,590,41,1,605,63742,63783,63193
1237,591,50,1,610,63783,63833,63242
1238,591,98,2,608,63833,63931,63340
1243,592,12,3,599,63931,63943,63351
1239,592,38,1,609,63943,63981,63389
1245,592,40,2,610,63981,64021,63429
1244,592,44,3,595,64021,64065,63473
1242,592,58,1,608,64065,64123,63531
1240,592,71,2,600,64123,64194,63602
1241,592,73,3,597,64194,64267,63675
1246,593,81,3,613,64267,64348,63755
1247,594,13,2,612,64348,64361,63767
1249,594,33,3,612,64361,64394,63800
1248,594,57,3,608,64394,64451,63857
1250,595,21,2,609,64451,64472,63877
1252,596,62,2,600,64472,64534,63938
1251,596,81,2,601,64534,64615,64019
1253,597,38,2,615,64615,64653,64056
1254,598,68,2,610,64653,64721,64123
1255,599,24,1,610,64721,64745,64146
1257,600,47,1,605,64745,64792,64192
1256,600,85,2,613,64792,64877,64277
1259,601,2,2,619,64877,64879,64278
1258,601,63,3,603,64879,64942,64341
1260,601,98,3,612,64942,65040,64439
1261,602,74,3,614,65040,65114,64512
1262,602,81,1,612,65114,65195,64593
1263,603,26,2,619,65195,65221,64618
1266,604,7,3,616,65221,65228,64624
1265,604,20,3,606,65228,65248,64644
1264,604,36,2,620,65248,65284,64680
1267,604,40,1,608,65284,65324,64720
1268,604,51,3,609,65324,65375,64771
1271,605,17,2,607,65375,65392,64787
1274,605,21,3,619,65392,65413,64808
1270,605,32,3,614,65413,65445,64840
1272,605,35,2,611,65445,65480,64875
1273,605,64,1,624,65480,65544,64939
1269,605,75,1,623,65544,65619,65014
1275,606,70,1,619,65619,65689,65083
1276,606,93,1,617,65689,65782,65176
1277,607,12,2,611,65782,65794,65187
1278,608,33,3,623,65794,65827,65219
1279,609,92,2,614,65827,65919,65310
1283,610,26,2,625,65919,65945,65335
1281,610,38,3,616,65945,65983,65373
1280,610,63,3,611,65983,66046,65436
1282,610,93,1,626,66046,66139,65529
1284,611,25,1,628,66139,66164,65553
1293,612,5,1,616,66164,66169,65557
1291,612,17,3,628,66169,66186,65574
1285,612,24,3,613,66186,66210,65598
1288,612,65,1,627,66210,66275,65663
1286,612,76,2,623,66275,66351,65739
1289,612,81,1,614,66351,66432,65820
1292,612,86,2,628,66432,66518,65906
1290,612,89,1,617,66518,66607,65995
1287,612,91,2,615,66607,66698,66086
1295,613,13,1,614,66698,66711,66098
1296,613,79,1,617,66711,66790,66177
1294,613,86,2,615,66790,66876,66263
1297,613,86,2,618,66876,66962,66349
1298,614,60,3,626,66962,67022,66408
1299,615,98,3,629,67022,67120,66505
1300,616,43,1,629,67120,67163,66547
1302,617,28,1,630,67163,67191,66574
1301,617,78,3,626,67191,67269,66652
1303,618,60,2,629,67269,67329,66711
1304,619,81,3,636,67329,67410,66791
1305,620,17,2,633,67410,67427,66807
1307,621,10,1,623,67427,67437,66816
1306,621,25,1,628,67437,67462,66841
1308,621,90,2,632,67462,67552,66931
1312,622,19,3,626,67552,67571,66949
1311,622,34,3,634,67571,67605,66983
1309,622,63,2,637,67605,67668,67046
1310,622,91,3,624,67668,67759,67137
1315,623,12,2,635,67759,67771,67148
1314,623,73,1,629,67771,67844,67221
1313,623,75,1,642,67844,67919,67296
1316,624,1,3,639,67919,67920,67296
1317,624,33,2,625,67920,67953,67329
1319,625,6,2,643,67953,67959,67334
1318,625,46,1,644,67959,68005,67380
1320,626,8,3,636,68005,68013,67387
1321,627,50,1,629,68013,68063,67436
1322,627,85,3,647,68063,68148,67521
1323,628,5,2,646,68148,68153,67525
1325,628,62,3,639,68153,68215,67587
1324,628,87,3,634,68215,68302,67674
1326,629,95,1,641,68302,68397,67768
1327,630,7,3,642,68397,68404,67774
1328,630,29,2,646,68404,68433,67803
1329,631,60,1,639,68433,68493,67862
1330,632,81,3,648,68493,68574,67942
1331,633,13,1,639,68574,68587,67954
1332,634,30,1,651,68587,68617,67983
1333,634,47,2,645,68617,68664,68030
1334,635,45,1,655,68664,68709,68074
1335,635,96,1,645,68709,68805,68170
1336,636,5,1,655,68805,68810,68174
1337,637,46,1,653,68810,68856,68219
1338,638,100,1,644,68856,68956,68318
1339,639,45,3,659,68956,69001,68362
1340,640,94,1,650,69001,69095,68455
1341,641,74,2,651,69095,69169,68528
1342,642,10,2,657,69169,69179,68537
1347,643,31,2,656,69179,69210,68567
1346,643,38,2,658,69210,69248,68605
1345,643,55,3,647,69248,69303,68660
1343,643,64,3,658,69303,69367,68724
1344,643,98,3,656,69367,69465,68822
1348,644,82,2,647,69465,69547,68903
1349,644,95,3,652,69547,69642,68998
1351,645,44,2,651,69642,69686,69041
1350,645,53,2,661,69686,69739,69094
1354,646,2,3,662,69739,69741,69095
1353,646,22,3,654,69741,69763,69117
1352,646,43,3,649,69763,69806,69160
1355,646,46,2,648,69806,69852,69206
1356,647,32,2,654,69852,69884,69237
1357,648,47,1,652,69884,69931,69283
1359,649,12,2,656,69931,69943,69294
1362,649,14,2,651,69943,69957,69308
1358,649,15,2,665,69957,69972,69323
1363,649,85,2,655,69972,70057,69408
1361,649,90,3,655,70057,70147,69498
1360,649,91,2,655,70147,70238,69589
1365,650,25,2,651,70238,70263,69613
1364,650,93,1,664,70263,70356,69706
1367,651,54,3,670,70356,70410,69759
1366,651,99,2,661,70410,70509,69858
1368,652,15,2,665,70509,70524,69872
1369,652,27,2,664,70524,70551,69899
1372,653,2,3,657,70551,70553,69900
1371,653,15,1,673,70553,70568,69915
1370,653,51,2,654,70568,70619,69966
1374,654,3,1,674,70619,70622,69968
1373,654,42,1,673,70622,70664,70010
1375,655,32,3,670,70664,70696,70041
1377,656,51,3,664,70696,70747,70091
1376,656,60,1,670,70747,70807,70151
1378,657,9,3,660,70807,70816,70159
1379,658,2,2,664,70816,70818,70160
1380,659,58,2,679,70818,70876,70217
1381,660,34,1,673,70876,70910,70250
1382,660,66,1,668,70910,70976,70316
1383,661,43,1,678,70976,71019,70358
1384,662,3,1,678,71019,71022,70360
1387,662,13,1,682,71022,71035,70373
1385,662,27,3,663,71035,71062,70400
1386,662,92,3,666,71062,71154,70492
1388,663,7,1,664,71154,71161,70498
1389,664,29,3,677,71161,71190,70526
1390,665,2,1,679,71190,71192,70527
1391,666,36,1,669,71192,71228,70562
1393,667,46,1,687,71228,71274,70607
1392,667,85,1,674,71274,71359,70692
1394,668,15,3,684,71359,71374,70706
1396,669,74,2,677,71374,71448,70779
1395,669,78,2,689,71448,71526,70857
1397,670,8,2,673,71526,71534,70864
1398,670,42,2,674,71534,71576,70906
1399,671,16,3,680,71576,71592,70921
1400,672,9,3,692,71592,71601,70929
1401,672,31,3,688,71601,71632,70960
1402,672,56,3,691,71632,71688,71016
1403,673,82,1,677,71688,71770,71097
1406,674,4,3,677,71770,71774,71100
1413,674,5,2,682,71774,71779,71105
1411,674,33,3,684,71779,71812,71138
1409,674,37,3,676,71812,71849,71175
1404,674,43,1,688,71849,71892,71218
1405,674,53,1,688,71892,71945,71271
1408,674,54,2,677,71945,71999,71325
1410,674,58,1,685,71999,72057,71383
1414,674,59,2,690,72057,72116,71442
1412,674,63,2,687,72116,72179,71505
1407,674,78,1,692,72179,72257,71583
1418,675,10,3,686,72257,72267,71592
1419,675,28,2,682,72267,72295,71620
1415,675,30,2,680,72295,72325,71650
1417,675,68,2,681,72325,72393,71718
1416,675,85,1,685,72393,72478,71803
1420,676,68,3,696,72478,72546,71870
1421,677,19,3,694,72546,72565,71888
1422,678,80,2,679,72565,72645,71967
1424,679,10,1,688,72645,72655,71976
1425,679,11,1,697,72655,72666,71987
1423,679,22,3,688,72666,72688,72009
1426,680,15,3,684,72688,72703,72023
1427,681,27,1,701,72703,72730,72049
1428,681,30,3,694,72730,72760,72079
1429,681,77,1,694,72760,72837,72156
1430,682,87,1,696,72837,72924,72242
1431,683,40,2,702,72924,72964,72281
1432,684,14,1,701,72964,72978,72294
1434,684,83,1,691,72978,73061,72377
1433,684,97,2,686,73061,73158,72474
1435,685,35,3,691,73158,73193,72508
1436,686,44,1,695,73193,73237,72551
1437,687,34,1,700,73237,73271,72584
1438,688,25,2,705,73271,73296,72608
1439,688,33,1,696,73296,73329,72641
1440,689,68,2,692,73329,73397,72708
1442,690,27,1,697,73397,73424,72734
1441,690,57,1,707,73424,73481,72791
1443,691,72,1,697,73481,73553,72862
1444,692,73,1,697,73553,73626,72934
1445,693,26,1,699,73626,73652,72959
1446,693,52,3,703,73652,73704,73011
1447,694,4,2,709,73704,73708,73014
1448,695,24,1,701,73708,73732,73037
1449,696,2,1,703,73732,73734,73038
1452,696,29,3,700,73734,73763,73067
1451,696,40,2,698,73763,73803,73107
1450,696,55,3,714,73803,73858,73162
1454,697,39,3,705,73858,73897,73200
1457,697,62,3,709,73897,73959,73262
1455,697,74,2,714,73959,74033,73336
1453,697,84,2,716,74033,74117,73420
1456,697,86,3,705,74117,74203,73506
1458,698,44,2,708,74203,74247,73549
1459,698,50,2,710,74247,74297,73599
1460,698,75,2,701,74297,74372,73674
1461,699,28,2,714,74372,74400,73701
1462,700,70,3,701,74400,74470,73770
1465,701,25,2,705,74470,74495,73794
1464,701,55,1,719,74495,74550,73849
1463,701,94,2,706,74550,74644,73943
1469,702,6,2,715,74644,74650,73948
1466,702,19,3,721,74650,74669,73967
1468,702,32,2,714,74669,74701,73999
1470,702,91,3,704,74701,74792,74090
1467,702,98,1,716,74792,74890,74188
1471,703,27,1,707,74890,74917,74214
1472,703,58,3,716,74917,74975,74272
1474,704,35,1,713,74975,75010,74306
1473,704,82,2,723,75010,75092,74388
1476,705,8,1,717,75092,75100,74395
1475,705,76,1,723,75100,75176,74471
1479,706,7,2,718,75176,75183,74477
1478,706,34,3,707,75183,75217,74511
1477,706,43,3,708,75217,75260,74554
1481,707,54,2,722,75260,75314,74607
1480,707,57,1,710,75314,75371,74664
1482,708,32,3,718,75371,75403,74695
1485,709,42,2,712,75403,75445,74736
1484,709,58,2,722,75445,75503,74794
1483,709,82,1,725,75503,75585,74876
1489,710,4,1,722,75585,75589,74879
1488,710,34,2,722,75589,75623,74913
1487,710,79,2,722,75623,75702,74992
1486,710,99,2,718,75702,75801,75091
1490,711,3,2,726,75801,75804,75093
1491,712,25,1,720,75804,75829,75117
1492,713,41,2,725,75829,75870,75157
1493,714,60,1,716,75870,75930,75216
1494,715,8,1,725,75930,75938,75223
1495,716,20,2,733,75938,75958,75242
1496,717,31,2,729,75958,75989,75272
1497,717,62,2,728,75989,76051,75334
1498,718,97,1,722,76051,76148,75430
1501,719,8,3,725,76148,76156,75437
1502,719,8,1,727,76156,76164,75445
1500,719,33,1,722,76164,76197,75478
1499,719,36,1,734,76197,76233,75514
1504,720,42,3,735,76233,76275,75555
1506,720,42,3,729,76275,76317,75597
1503,720,64,2,737,76317,76381,75661
1505,720,90,3,738,76381,76471,75751
1509,721,9,2,738,76471,76480,75759
1511,721,28,3,740,76480,76508,75787
1508,721,51,2,723,76508,76559,75838
1507,721,52,2,734,76559,76611,75890
1512,721,57,3,736,76611,76668,75947
1510,721,67,2,730,76668,76735,76014
1513,722,41,3,736,76735,76776,76054
1514,723,77,2,724,76776,76853,76130
1515,724,30,2,726,76853,76883,76159
1516,724,60,3,725,76883,76943,76219
1517,725,92,2,730,76943,77035,76310
1519,726,33,3,742,77035,77068,76342
1518,726,44,2,742,77068,77112,76386
1522,727,25,3,732,77112,77137,76410
1521,727,27,2,739,77137,77164,76437
1520,727,58,1,737,77164,77222,76495
1524,728,14,1,745,77222,77236,76508
1523,728,44,3,730,77236,77280,76552
1525,729,43,2,731,77280,77323,76594
1526,730,93,1,739,77323,77416,76686
1533,731,5,1,745,77416,77421,76690
1532,731,13,2,744,77421,77434,76703
1529,731,23,2,743,77434,77457,76726
1528,731,59,3,746,77457,77516,76785
1527,731,61,2,748,77516,77577,76846
1530,731,67,3,748,77577,77644,76913
1531,731,98,2,733,77644,77742,77011
1534,732,76,2,750,77742,77818,77086
1535,733,43,2,741,77818,77861,77128
1536,734,20,1,750,77861,77881,77147
1537,734,63,2,746,77881,77944,77210
1538,735,32,2,739,77944,77976,77241
1539,736,78,1,738,77976,78054,77318
1540,737,84,2,748,78054,78138,77401
1541,738,66,1,744,78138,78204,77466
1543,739,57,1,759,78204,78261,77522
1542,739,93,2,754,78261,78354,77615
1544,740,26,1,741,78354,78380,77640
1545,741,33,1,747,78380,78413,77672
1546,742,35,1,752,78413,78448,77706
1547,743,20,1,751,78448,78468,77725
1549,744,25,3,750,78468,78493,77749
1548,744,52,3,746,78493,78545,77801
1550,745,43,3,762,78545,78588,77843
1553,746,4,2,766,78588,78592,77846
1552,746,27,1,758,78592,78619,77873
1551,746,76,3,759,78619,78695,77949
1554,747,55,3,755,78695,78750,78003
1555,748,66,1,755,78750,78816,78068
1556,749,45,3,757,78816,78861,78112
1557,750,39,2,761,78861,78900,78150
1558,751,65,2,761,78900,78965,78214
1559,751,83,3,759,78965,79048,78297
1560,752,73,1,764,79048,79121,78369
1562,753,20,2,760,79121,79141,78388
1564,753,28,3,766,79141,79169,78416
1563,753,37,2,771,79169,79206,78453
1561,753,77,3,762,79206,79283,78530
1565,754,50,1,766,79283,79333,78579
1568,755,11,2,765,79333,79344,78589
1566,755,42,2,775,79344,79386,78631
1567,755,73,1,773,79386,79459,78704
1570,756,13,2,757,79459,79472,78716
1572,756,33,1,761,79472,79505,78749
1569,756,80,2,762,79505,79585,78829
1571,756,100,2,771,79585,79685,78929
1573,757,41,2,761,79685,79726,78969
1574,758,21,3,775,79726,79747,78989
1580,759,43,3,773,79747,79790,79031
1576,759,50,2,771,79790,79840,79081
1575,759,62,2,763,79840,79902,79143
1577,759,91,2,771,79902,79993,79234
1578,759,91,3,769,79993,80084,79325
1579,759,92,2,770,80084,80176,79417
1581,760,44,3,763,80176,80220,79460
1583,761,2,1,762,80220,80222,79461
1585,761,22,2,776,80222,80244,79483
1582,761,45,3,768,80244,80289,79528
1584,761,72,2,776,80289,80361,79600
1586,762,60,1,780,80361,80421,79659
1587,763,65,3,770,80421,80486,79723
1588,764,79,2,770,80486,80565,79801
1589,765,34,2,781,80565,80599,79834
1591,765,55,3,780,80599,80654,79889
1590,765,98,1,784,80654,80752,79987
1592,766,83,3,770,80752,80835,80069
1593,767,7,2,785,80835,80842,80075
1595,767,30,2,771,80842,80872,80105
1596,767,50,1,769,80872,80922,80155
1594,767,55,3,782,80922,80977,80210
1597,768,93,3,788,80977,81070,80302
1598,769,35,1,774,81070,81105,80336
1599,769,89,2,772,81105,81194,80425
1600,770,8,2,782,81194,81202,80432
1601,770,74,2,783,81202,81276,80506
1602,771,27,2,791,81276,81303,80532
1603,771,51,1,781,81303,81354,80583
1604,772,42,2,786,81354,81396,80624
1605,773,27,2,786,81396,81423,80650
1606,773,49,1,778,81423,81472,80699
1607,773,60,2,786,81472,81532,80759
1609,774,92,2,775,81532,81624,80850
1608,774,96,1,779,81624,81720,80946
1610,775,76,2,791,81720,81796,81021
1613,776,17,3,787,81796,81813,81037
1611,776,58,2,787,81813,81871,81095
1614,776,63,3,779,81871,81934,81158
1615,776,70,2,781,81934,82004,81228
1612,776,86,1,795,82004,82090,81314
1616,777,9,3,784,82090,82099,81322
1617,777,79,1,784,82099,82178,81401
1618,778,11,1,793,82178,82189,81411
1620,778,11,2,793,82189,82200,81422
1619,778,41,1,795,82200,82241,81463
1621,778,81,3,792,82241,82322,81544
1622,779,37,2,787,82322,82359,81580
1625,780,15,1,789,82359,82374,81594
1623,780,24,2,798,82374,82398,81618
1626,780,31,1,786,82398,82429,81649
1624,780,51,1,798,82429,82480,81700
1627,781,7,1,801,82480,82487,81706
1628,782,49,3,791,82487,82536,81754
1631,783,56,3,788,82536,82592,81809
1630,783,61,1,803,82592,82653,81870
1632,783,79,2,794,82653,82732,81949
1629,783,88,1,798,82732,82820,82037
1633,784,14,1,800,82820,82834,82050
1635,785,66,3,797,82834,82900,82115
1634,785,97,1,796,82900,82997,82212
1636,786,80,3,788,82997,83077,82291
1639,787,1,2,805,83077,83078,82291
1640,787,16,2,790,83078,83094,82307
1641,787,19,2,791,83094,83113,82326
1637,787,43,2,789,83113,83156,82369
1638,787,96,1,803,83156,83252,82465
1643,788,30,3,802,83252,83282,82494
1642,788,88,2,792,83282,83370,82582
1644,788,97,2,801,83370,83467,82679
1645,789,13,1,806,83467,83480,82691
1646,790,25,2,798,83480,83505,82715
1647,790,50,3,801,83505,83555,82765
1649,791,21,3,805,83555,83576,82785
1648,791,41,2,799,83576,83617,82826
1653,792,13,2,802,83617,83630,82838
1654,792,16,1,795,83630,83646,82854
1655,792,23,2,811,83646,83669,82877
1651,792,40,1,808,83669,83709,82917
1652,792,52,1,809,83709,83761,82969
1650,792,71,2,811,83761,83832,83040
1656,793,51,3,797,83832,83883,83090
1657,793,57,3,802,83883,83940,83147
1659,794,25,2,803,83940,83965,83171
1658,794,65,3,811,83965,84030,83236
1660,794,100,3,797,84030,84130,83336
1661,795,75,1,809,84130,84205,83410
1662,796,10,3,801,84205,84215,83419
1664,796,12,2,811,84215,84227,83431
1663,796,41,1,808,84227,84268,83472
1665,796,60,3,806,84268,84328,83532
1667,797,9,1,810,84328,84337,83540
1668,797,16,1,807,84337,84353,83556
1666,797,67,3,814,84353,84420,83623
1669,798,56,3,814,84420,84476,83678
1670,798,76,2,809,84476,84552,83754
1671,798,83,1,816,84552,84635,83837
1673,799,15,1,800,84635,84650,83851
1672,799,44,2,817,84650,84694,83895
1675,800,53,3,819,84694,84747,83947
1674,800,99,2,810,84747,84846,84046
1676,801,12,1,806,84846,84858,84057
1682,802,6,2,813,84858,84864,84062
1679,802,9,1,815,84864,84873,84071
1681,802,14,3,820,84873,84887,84085
1677,802,21,1,818,84887,84908,84106
1685,802,42,2,805,84908,84950,84148
1680,802,47,3,819,84950,84997,84195
1684,802,64,1,822,84997,85061,84259
1678,802,88,2,810,85061,85149,84347
1683,802,89,1,817,85149,85238,84436
1686,803,39,3,808,85238,85277,84474
1687,803,100,2,804,85277,85377,84574
1692,804,1,2,822,85377,85378,84574
1689,804,25,1,820,85378,85403,84599
1691,804,54,1,815,85403,85457,84653
1688,804,75,2,822,85457,85532,84728
1690,804,90,1,810,85532,85622,84818
1693,805,62,1,825,85622,85684,84879
1694,805,81,1,812,85684,85765,84960
1695,806,73,3,822,85765,85838,85032
1696,807,71,2,821,85838,85909,85102
1699,808,5,1,823,85909,85914,85106
1697,808,28,1,824,85914,85942,85134
1700,808,44,3,812,85942,85986,85178
1701,808,52,1,812,85986,86038,85230
1702,808,57,1,821,86038,86095,85287
1698,808,66,2,819,86095,86161,85353
1703,809,21,1,828,86161,86182,85373
1706,809,30,2,813,86182,86212,85403
1705,809,35,2,810,86212,86247,85438
1704,809,61,3,813,86247,86308,85499
1707,810,36,2,823,86308,86344,85534
1708,810,95,3,818,86344,86439,85629
1713,811,63,3,830,86439,86502,85691
1709,811,64,1,815,86502,86566,85755
1710,811,74,2,824,86566,86640,85829
1712,811,90,1,829,86640,86730,85919
1711,811,99,2,822,86730,86829,86018
1716,812,4,1,825,86829,86833,86021
1715,812,13,1,830,86833,86846,86034
1717,812,30,2,832,86846,86876,86064
1714,812,52,3,825,86876,86928,86116
1721,813,32,2,822,86928,86960,86147
1720,813,35,3,828,86960,86995,86182
1719,813,57,1,827,86995,87052,86239
1718,813,94,2,819,87052,87146,86333
1722,814,100,3,828,87146,87246,86432
1723,815,20,3,834,87246,87266,86451
1725,815,24,3,828,87266,87290,86475
1724,815,45,3,825,87290,87335,86520
1726,816,34,1,823,87335,87369,86553
1727,816,56,2,817,87369,87425,86609
1728,817,15,2,824,87425,87440,86623
1729,817,87,3,829,87440,87527,86710
1730,818,13,1,819,87527,87540,86722
1731,818,94,1,838,87540,87634,86816
1732,819,2,1,825,87634,87636,86817
1733,820,33,1,828,87636,87669,86849
1735,821,39,1,841,87669,87708,86887
1734,821,49,3,834,87708,87757,86936
1736,822,24,2,836,87757,87781,86959
1737,823,31,3,829,87781,87812,86989
1738,824,74,2,833,87812,87886,87062
1739,825,32,3,841,87886,87918,87093
1740,826,1,3,828,87918,87919,87093
1745,827,21,2,839,87919,87940,87113
1742,827,32,2,842,87940,87972,87145
1741,827,54,3,835,87972,88026,87199
1743,827,63,3,846,88026,88089,87262
1744,827,90,1,841,88089,88179,87352
1746,828,28,2,831,88179,88207,87379
1747,828,90,3,845,88207,88297,87469
1749,829,22,1,830,88297,88319,87490
1750,829,90,2,833,88319,88409,87580
1748,829,91,3,830,88409,88500,87671
1751,830,42,3,845,88500,88542,87712
1752,831,6,2,842,88542,88548,87717
1753,832,69,2,844,88548,88617,87785
1754,833,22,1,847,88617,88639,87806
1755,834,14,3,848,88639,88653,87819
1756,835,47,2,843,88653,88700,87865
1757,835,84,3,846,88700,88784,87949
1758,836,29,2,840,88784,88813,87977
1759,837,97,3,846,88813,88910,88073
1761,838,29,1,855,88910,88939,88101
1760,838,89,2,844,88939,89028,88190
1763,839,91,2,859,89028,89119,88280
1764,839,91,2,845,89119,89210,88371
1765,839,93,2,857,89210,89303,88464
1762,839,94,3,857,89303,89397,88558
1768,840,23,1,857,89397,89420,88580
1767,840,80,2,846,89420,89500,88660
1766,840,87,1,841,89500,89587,88747
1769,841,51,1,852,89587,89638,88797
1770,841,65,3,861,89638,89703,88862
1771,842,3,2,846,89703,89706,88864
1772,842,99,2,859,89706,89805,88963
1774,843,8,2,848,89805,89813,88970
1773,843,24,3,850,89813,89837,88994
1775,843,51,1,851,89837,89888,89045
1776,844,8,3,858,89888,89896,89052
1777,845,37,2,858,89896,89933,89088
1778,846,49,1,863,89933,89982,89136
1779,846,61,1,850,89982,90043,89197
1780,847,94,2,857,90043,90137,89290
1782,848,51,3,865,90137,90188,89340
1781,848,55,3,851,90188,90243,89395
1783,848,82,1,851,90243,90325,89477
1784,849,30,2,868,90325,90355,89506
1785,850,53,2,852,90355,90408,89558
1787,851,6,3,855,90408,90414,89563
1786,851,13,3,859,90414,90427,89576
1788,851,15,1,858,90427,90442,89591
1789,851,54,3,871,90442,90496,89645
1791,852,14,3,863,90496,90510,89658
1790,852,92,2,856,90510,90602,89750
1792,853,17,2,869,90602,90619,89766
1794,853,44,2,859,90619,90663,89810
1793,853,45,1,862,90663,90708,89855
1796,854,43,3,867,90708,90751,89897
1795,854,63,1,864,90751,90814,89960
1797,854,66,1,873,90814,90880,90026
1798,855,53,1,865,90880,90933,90078
1799,855,74,1,868,90933,91007,90152
1800,856,49,2,873,91007,91056,90200
1803,857,34,3,862,91056,91090,90233
1801,857,61,2,870,91090,91151,90294
1802,857,72,2,871,91151,91223,90366
1805,858,56,2,862,91223,91279,90421
1806,858,62,2,877,91279,91341,90483
1804,858,86,2,859,91341,91427,90569
1807,859,45,1,874,91427,91472,90613
1808,860,40,2,876,91472,91512,90652
1809,861,34,2,872,91512,91546,90685
1810,861,78,2,866,91546,91624,90763
1812,862,7,3,879,91624,91631,90769
1813,862,9,1,881,91631,91640,90778
1816,862,61,3,876,91640,91701,90839
1811,862,72,1,874,91701,91773,90911
1814,862,90,1,871,91773,91863,91001
1815,862,95,3,877,91863,91958,91096
1817,863,21,1,878,91958,91979,91116
1818,863,69,2,880,91979,92048,91185
1822,864,53,3,878,92048,92101,91237
1821,864,57,3,869,92101,92158,91294
1819,864,76,2,877,92158,92234,91370
1820,864,86,2,875,92234,92320,91456
1825,865,62,2,880,92320,92382,91517
1823,865,69,3,874,92382,92451,91586
1824,865,90,2,885,92451,92541,91676
1830,866,21,2,881,92541,92562,91696
1827,866,26,2,879,92562,92588,91722
1828,866,27,2,869,92588,92615,91749
1826,866,70,1,870,92615,92685,91819
1829,866,84,1,885,92685,92769,91903
1834,867,35,2,883,92769,92804,91937
1833,867,49,2,879,92804,92853,91986
1832,867,78,2,886,92853,92931,92064
1831,867,80,1,879,92931,93011,92144
1835,868,30,3,876,93011,93041,92173
1836,869,88,2,879,93041,93129,92260
1837,870,51,1,883,93129,93180,92310
1838,871,54,2,878,93180,93234,92363
1839,872,2,3,882,93234,93236,92364
1840,873,16,1,875,93236,93252,92379
1841,874,11,1,882,93252,93263,92389
1842,875,18,2,886,93263,93281,92406
1843,876,75,1,879,93281,93356,92480
1844,877,31,1,884,93356,93387,92510
1845,878,88,1,888,93387,93475,92597
1847,879,1,1,883,93475,93476,92597
1846,879,56,1,891,93476,93532,92653
1848,879,71,2,891,93532,93603,92724
1849,880,12,3,887,93603,93615,92735
1850,881,6,2,897,93615,93621,92740
1851,882,99,1,895,93621,93720,92838
1853,883,4,2,903,93720,93724,92841
1852,883,78,2,897,93724,93802,92919
1854,884,69,2,903,93802,93871,92987
1855,885,11,2,898,93871,93882,92997
1856,886,31,1,892,93882,93913,93027
1857,886,34,2,889,93913,93947,93061
1860,887,6,2,904,93947,93953,93066
1858,887,20,2,903,93953,93973,93086
1859,887,38,3,895,93973,94011,93124
1861,887,91,1,897,94011,94102,93215
1862,888,4,2,890,94102,94106,93218
1863,888,9,2,900,94106,94115,93227
1864,889,38,1,891,94115,94153,93264
1866,890,33,1,895,94153,94186,93296
1865,890,73,1,893,94186,94259,93369
1868,891,18,3,900,94259,94277,93386
1867,891,93,3,892,94277,94370,93479
1870,892,14,3,903,94370,94384,93492
1869,892,51,3,910,94384,94435,93543
1872,893,36,3,903,94435,94471,93578
1871,893,48,3,897,94471,94519,93626
1873,894,69,3,906,94519,94588,93694
1874,894,71,3,907,94588,94659,93765
1875,895,89,3,902,94659,94748,93853
1876,896,41,2,906,94748,94789,93893
1877,896,100,3,906,94789,94889,93993
1878,897,16,2,901,94889,94905,94008
1880,898,50,1,905,94905,94955,94057
1879,898,75,2,906,94955,95030,94132
1881,899,21,3,903,95030,95051,94152
1882,899,28,1,903,95051,95079,94180
1884,899,36,2,902,95079,95115,94216
1883,899,55,1,916,95115,95170,94271
1885,900,56,2,903,95170,95226,94326
1886,901,41,3,913,95226,95267,94366
1888,902,58,2,919,95267,95325,94423
1889,902,63,3,910,95325,95388,94486
1887,902,86,2,921,95388,95474,94572
1890,903,27,3,910,95474,95501,94598
1891,904,25,3,922,95501,95526,94622
1892,905,32,1,920,95526,95558,94653
1893,905,84,1,917,95558,95642,94737
1895,906,59,1,918,95642,95701,94795
1894,906,69,1,919,95701,95770,94864
1896,907,41,1,926,95770,95811,94904
1897,908,18,2,914,95811,95829,94921
1898,909,84,3,927,95829,95913,95004
1899,910,73,3,916,95913,95986,95076
1900,911,64,3,922,95986,96050,95139
1901,912,97,1,932,96050,96147,95235
1904,913,70,3,933,96147,96217,95304
1903,913,88,2,930,96217,96305,95392
1902,913,98,2,929,96305,96403,95490
1905,914,89,1,919,96403,96492,95578
1906,915,3,2,930,96492,96495,95580
1907,916,34,2,932,96495,96529,95613
1911,916,56,2,918,96529,96585,95669
1908,916,57,1,928,96585,96642,95726
1909,916,95,2,936,96642,96737,95821
1910,916,95,1,936,96737,96832,95916
1913,917,22,1,927,96832,96854,95937
1912,917,32,1,922,96854,96886,95969
1914,918,8,2,929,96886,96894,95976
1916,919,25,1,925,96894,96919,96000
1915,919,30,2,920,96919,96949,96030
1917,920,51,1,934,96949,97000,96080
1918,921,52,1,940,97000,97052,96131
1919,922,60,2,923,97052,97112,96190
1920,922,61,1,923,97112,97173,96251
1921,922,93,2,924,97173,97266,96344
1922,923,12,1,943,97266,97278,96355
1923,923,43,3,924,97278,97321,96398
1927,924,5,1,933,97321,97326,96402
1926,924,26,3,938,97326,97352,96428
1928,924,63,1,933,97352,97415,96491
1925,924,67,3,942,97415,97482,96558
1924,924,76,2,943,97482,97558,96634
1929,925,56,1,935,97558,97614,96689
1930,925,88,3,939,97614,97702,96777
1931,926,30,3,939,97702,97732,96806
1932,926,39,2,933,97732,97771,96845
1933,927,41,3,938,97771,97812,96885
1935,927,63,3,940,97812,97875,96948
1934,927,71,2,947,97875,97946,97019
1936,928,77,3,934,97946,98023,97095
1937,929,43,2,931,98023,98066,97137
1938,929,60,3,948,98066,98126,97197
1940,930,8,2,950,98126,98134,97204
1939,930,76,1,940,98134,98210,97280
1941,931,44,2,951,98210,98254,97323
1943,932,44,2,949,98254,98298,97366
1942,932,51,1,938,98298,98349,97417
1944,933,61,3,937,98349,98410,97477
1948,934,8,1,935,98410,98418,97484
1946,934,33,1,939,98418,98451,97517
1945,934,34,2,942,98451,98485,97551
1947,934,82,3,940,98485,98567,97633
1950,935,2,1,947,98567,98569,97634
1949,935,94,1,945,98569,98663,97728
1951,936,17,2,946,98663,98680,97744
1952,936,51,1,942,98680,98731,97795
1954,937,24,3,943,98731,98755,97818
1953,937,29,1,949,98755,98784,97847
1955,938,75,1,943,98784,98859,97921
1956,939,31,2,948,98859,98890,97951
1957,940,98,2,960,98890,98988,98048
1958,941,90,1,952,98988,99078,98137
1960,942,23,3,953,99078,99101,98159
1959,942,94,3,955,99101,99195,98253
1963,943,42,2,961,99195,99237,98294
1961,943,60,2,950,99237,99297,98354
1962,943,97,3,959,99297,99394,98451
1964,944,33,1,951,99394,99427,98483
1965,945,61,2,960,99427,99488,98543
1969,946,12,2,951,99488,99500,98554
1966,946,35,3,962,99500,99535,98589
1967,946,86,2,963,99535,99621,98675
1968,946,99,1,959,99621,99720,98774
1970,947,87,3,950,99720,99807,98860
1973,948,33,1,968,99807,99840,98892
1974,948,33,1,964,99840,99873,98925
1972,948,57,2,950,99873,99930,98982
1971,948,94,3,960,99930,100024,99076
1975,949,46,2,962,100024,100070,99121
1976,949,93,1,950,100070,100163,99214
1977,950,75,1,969,100163,100238,99288
1978,951,12,1,952,100238,100250,99299
1979,952,22,3,969,100250,100272,99320
1980,953,47,1,968,100272,100319,99366
1981,954,70,3,966,100319,100389,99435
1986,955,8,2,970,100389,100397,99442
1987,955,11,2,960,100397,100408,99453
1984,955,29,1,975,100408,100437,99482
1985,955,77,2,975,100437,100514,99559
1982,955,91,3,961,100514,100605,99650
1983,955,98,2,959,100605,100703,99748
1988,956,16,3,966,100703,100719,99763
1989,957,1,3,974,100719,100720,99763
1991,958,62,3,977,100720,100782,99824
1990,958,92,2,973,100782,100874,99916
1992,959,21,1,961,100874,100895,99936
1993,960,16,2,962,100895,100911,99951
1994,960,25,1,961,100911,100936,99976
1995,961,81,2,970,100936,101017,100056
1996,962,4,3,973,101017,101021,100059
1997,962,53,1,966,101021,101074,100112
1998,963,75,1,969,101074,101149,100186
1999,964,1,1,970,101149,101150,100186
2000,965,21,1,980,101150,101171,100206
2001,966,85,1,975,101171,101256,100290
2002,967,42,3,968,101256,101298,100331
2003,968,59,1,980,101298,101357,100389
2004,969,78,2,988,101357,101435,100466
2005,970,82,1,983,101435,101517,100547
2007,970,85,2,986,101517,101602,100632
2006,970,92,1,974,101602,101694,100724
2008,971,10,1,978,101694,101704,100733
2009,971,85,1,980,101704,101789,100818
2010,972,2,3,984,101789,101791,100819
2011,972,29,3,974,101791,101820,100848
2012,973,3,3,974,101820,101823,100850
2014,973,45,1,980,101823,101868,100895
2013,973,57,3,979,101868,101925,100952
2015,974,4,1,993,101925,101929,100955
2016,975,72,1,988,101929,102001,101026
2017,976,30,2,988,102001,102031,101055
2019,977,18,1,994,102031,102049,101072
2018,977,74,2,985,102049,102123,101146
2022,978,35,3,981,102123,102158,101180
2023,978,37,3,998,102158,102195,101217
2021,978,60,1,987,102195,102255,101277
2020,978,74,2,986,102255,102329,101351
2024,979,51,1,990,102329,102380,101401
2025,980,61,3,998,102380,102441,101461
2026,981,16,1,989,102441,102457,101476
2027,981,16,2,994,102457,102473,101492
2028,981,82,2,989,102473,102555,101574
2031,982,30,3,996,102555,102585,101603
2030,982,32,3,993,102585,102617,101635
2029,982,56,2,997,102617,102673,101691
2033,983,23,3,1002,102673,102696,101713
2034,983,43,1,1002,102696,102739,101756
2035,983,51,1,987,102739,102790,101807
2032,983,56,3,994,102790,102846,101863
2036,984,88,3,1004,102846,102934,101950
2037,985,46,2,1001,102934,102980,101995
2039,986,6,1,1005,102980,102986,102000
2040,986,87,3,997,102986,103073,102087
2038,986,95,2,988,103073,103168,102182
2041,987,85,2,999,103168,103253,102266
2043,988,54,3,994,103253,103307,102319
2042,988,82,3,1008,103307,103389,102401
2044,989,15,2,995,103389,103404,102415
2047,989,73,1,1004,103404,103477,102488
2045,989,84,1,1002,103477,103561,102572
2046,989,100,3,997,103561,103661,102672
2048,990,8,2,997,103661,103669,102679
2049,990,16,2,1002,103669,103685,102695
2050,991,41,2,1000,103685,103726,102735
2052,992,71,2,995,103726,103797,102805
2051,992,97,2,994,103797,103894,102902
2053,993,63,2,1005,103894,103957,102964
2054,993,97,3,997,103957,104054,103061
2056,994,16,3,999,104054,104070,103076
2055,994,79,1,1002,104070,104149,103155
2057,995,6,1,1008,104149,104155,103160
2059,995,39,2,1002,104155,104194,103199
2058,995,87,3,998,104194,104281,103286
2060,996,70,3,1007,104281,104351,103355
2061,997,9,2,1004,104351,104360,103363
2062,998,42,1,1016,104360,104402,103404
2063,998,48,2,1002,104402,104450,103452
2064,999,69,2,1006,104450,104519,103520
2065,1000,28,2,1018,104519,104547,103547
2068,1001,16,2,1011,104547,104563,103562
2066,1001,22,2,1015,104563,104585,103584
2070,1001,50,1,1004,104585,104635,103634
2067,1001,86,3,1018,104635,104721,103720
2069,1001,96,2,1015,104721,104817,103816
2072,1002,26,2,1015,104817,104843,103841
2071,1002,48,3,1009,104843,104891,103889
2073,1003,52,1,1022,104891,104943,103940
2074,1004,78,1,1010,104943,105021,104017
2076,1005,51,3,1007,105021,105072,104067
2075,1005,89,1,1008,105072,105161,104156
2077,1006,16,1,1010,105161,105177,104171
2080,1006,29,1,1013,105177,105206,104200
2079,1006,34,1,1018,105206,105240,104234
2078,1006,89,1,1025,105240,105329,104323
2081,1007,1,1,1008,105329,105330,104323
2082,1008,27,1,1013,105330,105357,104349
2083,1009,83,3,1021,105357,105440,104431
2084,1010,40,1,1019,105440,105480,104470
2085,1011,51,2,1030,105480,105531,104520
2086,1012,86,1,1020,105531,105617,104605
2088,1013,13,2,1030,105617,105630,104617
2087,1013,23,1,1027,105630,105653,104640
2091,1013,32,1,1031,105653,105685,104672
2090,1013,40,3,1031,105685,105725,104712
2089,1013,80,1,1018,105725,105805,104792
2093,1014,22,2,1019,105805,105827,104813
2092,1014,81,1,1034,105827,105908,104894
2095,1015,4,1,1024,105908,105912,104897
2094,1015,78,1,1018,105912,105990,104975
2096,1016,83,1,1018,105990,106073,105057
2098,1017,1,2,1018,106073,106074,105057
2097,1017,55,3,1036,106074,106129,105112
2099,1017,70,2,1029,106129,106199,105182
2100,1018,6,1,1023,106199,106205,105187
2101,1019,1,2,1030,106205,106206,105187
2102,1019,67,2,1032,106206,106273,105254
2103,1020,43,2,1040,106273,106316,105296
2104,1021,2,3,1024,106316,106318,105297
2105,1022,94,2,1039,106318,106412,105390
2107,1023,56,3,1042,106412,106468,105445
2106,1023,65,3,1026,106468,106533,105510
2108,1024,68,2,1043,106533,106601,105577
2109,1025,15,2,1043,106601,106616,105591
2110,1025,15,2,1037,106616,106631,105606
2111,1025,41,1,1036,106631,106672,105647
2112,1026,57,3,1046,106672,106729,105703
2113,1027,77,1,1044,106729,106806,105779
2115,1028,19,2,1046,106806,106825,105797
2114,1028,76,1,1039,106825,106901,105873
2117,1029,14,2,1034,106901,106915,105886
2116,1029,99,2,1040,106915,107014,105985
2118,1030,71,3,1033,107014,107085,106055
2119,1031,58,1,1037,107085,107143,106112
2122,1032,33,1,1045,107143,107176,106144
2121,1032,47,3,1051,107176,107223,106191
2120,1032,94,2,1034,107223,107317,106285
2123,1033,76,2,1034,107317,107393,106360
2125,1034,11,2,1045,107393,107404,106370
2124,1034,12,3,1043,107404,107416,106382
2126,1034,16,3,1048,107416,107432,106398
2127,1035,64,3,1047,107432,107496,106461
2129,1036,13,3,1041,107496,107509,106473
2128,1036,95,1,1041,107509,107604,106568
2130,1037,75,3,1057,107604,107679,106642
2131,1037,84,1,1054,107679,107763,106726
2132,1038,22,2,1039,107763,107785,106747
2133,1039,65,2,1040,107785,107850,106811
2134,1040,38,1,1050,107850,107888,106848
2135,1041,26,2,1051,107888,107914,106873
2136,1042,77,3,1049,107914,107991,106949
2137,1043,24,1,1044,107991,108015,106972
2138,1044,64,1,1058,108015,108079,107035
2143,1045,3,1,1064,108079,108082,107037
2139,1045,7,1,1056,108082,108089,107044
2141,1045,39,1,1059,108089,108128,107083
2140,1045,43,3,1046,108128,108171,107126
2142,1045,97,1,1061,108171,108268,107223
2144,1046,43,1,1064,108268,108311,107265
2145,1047,48,3,1062,108311,108359,107312
2146,1047,58,1,1049,108359,108417,107370
2147,1048,7,1,1051,108417,108424,107376
2150,1049,11,3,1064,108424,108435,107386
2149,1049,52,1,1052,108435,108487,107438
2151,1049,57,2,1052,108487,108544,107495
2148,1049,100,3,1055,108544,108644,107595
2152,1050,85,1,1067,108644,108729,107679
2153,1050,89,3,1060,108729,108818,107768
2154,1051,33,1,1052,108818,108851,107800
2155,1052,65,3,1060,108851,108916,107864
2156,1053,55,2,1062,108916,108971,107918
2158,1054,29,2,1058,108971,109000,107946
2157,1054,33,3,1064,109000,109033,107979
2162,1055,25,3,1059,109033,109058,108003
2161,1055,62,1,1073,109058,109120,108065
2159,1055,73,1,1072,109120,109193,108138
2160,1055,77,3,1060,109193,109270,108215
2164,1056,17,3,1059,109270,109287,108231
2163,1056,52,3,1068,109287,109339,108283
2165,1057,44,1,1076,109339,109383,108326
2166,1057,79,1,1067,109383,109462,108405
2167,1057,85,2,1072,109462,109547,108490
2170,1058,21,3,1060,109547,109568,108510
2168,1058,73,2,1065,109568,109641,108583
2169,1058,89,3,1061,109641,109730,108672
2172,1059,26,2,1068,109730,109756,108697
2173,1059,74,3,1060,109756,109830,108771
2174,1059,87,3,1068,109830,109917,108858
2171,1059,99,3,1078,109917,110016,108957
2176,1060,5,2,1080,110016,110021,108961
2177,1060,18,1,1063,110021,110039,108979
2175,1060,97,1,1072,110039,110136,109076
2178,1061,15,1,1066,110136,110151,109090
2180,1061,59,2,1071,110151,110210,109149
2179,1061,88,3,1078,110210,110298,109237
2181,1062,15,2,1078,110298,110313,109251
2182,1063,2,1,1066,110313,110315,109252
2184,1063,3,1,1068,110315,110318,109255
2183,1063,57,1,1066,110318,110375,109312
2185,1064,8,2,1073,110375,110383,109319
2186,1065,76,3,1078,110383,110459,109394
2188,1066,38,2,1076,110459,110497,109431
2187,1066,65,2,1078,110497,110562,109496
2191,1067,20,2,1074,110562,110582,109515
2190,1067,21,2,1074,110582,110603,109536
2189,1067,30,2,1075,110603,110633,109566
2192,1067,43,2,1078,110633,110676,109609
2194,1068,37,2,1083,110676,110713,109645
2193,1068,68,1,1079,110713,110781,109713
2195,1069,34,1,1088,110781,110815,109746
2196,1070,45,1,1081,110815,110860,109790
2197,1070,79,1,1087,110860,110939,109869
2198,1071,72,3,1089,110939,111011,109940
2199,1072,34,3,1089,111011,111045,109973
2200,1073,81,2,1079,111045,111126,110053
2201,1074,37,1,1084,111126,111163,110089
2202,1075,93,1,1087,111163,111256,110181
2204,1076,29,2,1093,111256,111285,110209
2203,1076,66,2,1094,111285,111351,110275
2206,1077,84,2,1082,111351,111435,110358
2205,1077,94,3,1084,111435,111529,110452
2207,1077,98,3,1088,111529,111627,110550
2208,1078,47,1,1091,111627,111674,110596
2209,1078,83,3,1082,111674,111757,110679
2210,1079,81,1,1098,111757,111838,110759
2211,1079,81,2,1088,111838,111919,110840
2212,1080,99,1,1082,111919,112018,110938
2214,1081,6,2,1091,112018,112024,110943
2213,1081,53,3,1086,112024,112077,110996
2215,1081,57,2,1091,112077,112134,111053
2216,1082,3,2,1083,112134,112137,111055
2218,1083,50,1,1093,112137,112187,111104
2217,1083,68,3,1103,112187,112255,111172
2219,1083,82,2,1097,112255,112337,111254
2220,1084,32,3,1088,112337,112369,111285
2221,1084,67,3,1090,112369,112436,111352
2222,1085,40,3,1097,112436,112476,111391
2223,1086,31,1,1099,112476,112507,111421
2224,1086,85,2,1087,112507,112592,111506
2225,1087,37,1,1088,112592,112629,111542
2226,1088,11,3,1101,112629,112640,111552
2227,1089,15,1,1095,112640,112655,111566
2228,1089,75,3,1106,112655,112730,111641
2229,1090,30,2,1101,112730,112760,111670
2231,1091,17,2,1106,112760,112777,111686
2230,1091,70,1,1102,112777,112847,111756
2233,1091,83,3,1093,112847,112930,111839
2232,1091,93,2,1106,112930,113023,111932
2234,1092,5,2,1103,113023,113028,111936
2235,1093,39,2,1097,113028,113067,111974
2236,1094,48,2,1107,113067,113115,112021
2237,1095,77,3,1115,113115,113192,112097
2238,1096,9,2,1113,113192,113201,112105
2239,1096,94,2,1113,113201,113295,112199
2240,1097,34,3,1100,113295,113329,112232
2241,1098,46,1,1099,113329,113375,112277
2242,1099,39,1,1105,113375,113414,112315
2243,1099,77,3,1111,113414,113491,112392
2244,1100,28,2,1119,113491,113519,112419
2245,1101,66,3,1111,113519,113585,112484
2246,1102,2,2,1122,113585,113587,112485
2248,1103,5,3,1120,113587,113592,112489
2247,1103,12,1,1113,113592,113604,112501
2249,1103,79,2,1105,113604,113683,112580
2250,1104,6,1,1117,113683,113689,112585
2253,1105,5,3,1110,113689,113694,112589
2251,1105,10,1,1123,113694,113704,112599
2252,1105,41,3,1121,113704,113745,112640
2254,1106,26,1,1126,113745,113771,112665
2256,1106,40,1,1107,113771,113811,112705
2257,1106,50,2,1109,113811,113861,112755
2255,1106,68,3,1126,113861,113929,112823
2260,1107,15,2,1124,113929,113944,112837
2258,1107,34,2,1122,113944,113978,112871
2259,1107,85,1,1116,113978,114063,112956
2261,1108,29,1,1125,114063,114092,112984
2262,1109,99,2,1113,114092,114191,113082
2263,1110,13,1,1115,114191,114204,113094
2264,1111,42,1,1126,114204,114246,113135
2265,1112,78,2,1119,114246,114324,113212
2266,1113,63,2,1124,114324,114387,113274
2267,1114,86,2,1118,114387,114473,113359
2268,1115,37,2,1134,114473,114510,113395
2269,1116,51,1,1124,114510,114561,113445
2271,1117,26,1,1134,114561,114587,113470
2273,1117,29,2,1131,114587,114616,113499
2272,1117,35,3,1136,114616,114651,113534
2270,1117,42,3,1134,114651,114693,113576
2274,1117,51,2,1132,114693,114744,113627
2275,1117,76,2,1118,114744,114820,113703
2277,1118,45,3,1123,114820,114865,113747
2276,1118,48,3,1123,114865,114913,113795
2279,1119,28,3,1132,114913,114941,113822
2278,1119,34,3,1122,114941,114975,113856
2280,1119,74,2,1127,114975,115049,113930
2281,1120,12,2,1127,115049,115061,113941
2282,1120,80,3,1125,115061,115141,114021
2283,1121,28,3,1123,115141,115169,114048
2284,1121,56,1,1123,115169,115225,114104
2286,1122,80,3,1135,115225,115305,114183
2285,1122,82,2,1129,115305,115387,114265
2287,1123,34,2,1130,115387,115421,114298
2288,1123,34,1,1135,115421,115455,114332
2289,1123,93,3,1124,115455,115548,114425
2290,1124,53,1,1133,115548,115601,114477
2291,1125,55,2,1130,115601,115656,114531
2292,1126,20,1,1133,115656,115676,114550
2293,1127,33,3,1133,115676,115709,114582
2296,1127,58,3,1147,115709,115767,114640
2297,1127,74,3,1133,115767,115841,114714
2294,1127,76,1,1135,115841,115917,114790
2295,1127,98,2,1140,115917,116015,114888
2298,1128,27,2,1145,116015,116042,114914
2299,1129,4,2,1141,116042,116046,114917
2300,1130,56,3,1142,116046,116102,114972
2304,1131,52,2,1143,116102,116154,115023
2302,1131,54,3,1133,116154,116208,115077
2301,1131,70,2,1140,116208,116278,115147
2303,1131,72,1,1151,116278,116350,115219
2305,1131,77,2,1150,116350,116427,115296
2306,1132,43,1,1150,116427,116470,115338
2307,1133,94,1,1142,116470,116564,115431
2310,1134,36,2,1154,116564,116600,115466
2308,1134,37,3,1143,116600,116637,115503
2309,1134,62,3,1135,116637,116699,115565
2311,1135,32,3,1144,116699,116731,115596
2312,1136,34,1,1146,116731,116765,115629
2313,1137,86,2,1141,116765,116851,115714
2314,1138,40,2,1148,116851,116891,115753
2315,1138,62,2,1148,116891,116953,115815
2316,1139,31,2,1151,116953,116984,115845
2317,1140,36,2,1154,116984,117020,115880
2318,1140,88,2,1148,117020,117108,115968
2319,1140,92,2,1158,117108,117200,116060
2320,1141,16,1,1143,117200,117216,116075
2321,1141,49,1,1143,117216,117265,116124
2322,1141,63,2,1155,117265,117328,116187
2323,1142,56,1,1162,117328,117384,116242
2325,1143,54,3,1158,117384,117438,116295
2324,1143,99,3,1153,117438,117537,116394
2334,1144,13,3,1153,117537,117550,116406
2326,1144,14,1,1163,117550,117564,116420
2333,1144,19,1,1151,117564,117583,116439
2331,1144,33,2,1147,117583,117616,116472
2329,1144,35,1,1151,117616,117651,116507
2327,1144,36,3,1150,117651,117687,116543
2328,1144,40,1,1151,117687,117727,116583
2330,1144,73,3,1153,117727,117800,116656
2332,1144,97,1,1153,117800,117897,116753
2335,1145,95,1,1150,117897,117992,116847
2336,1146,5,3,1156,117992,117997,116851
2337,1146,30,2,1159,117997,118027,116881
2338,1146,66,1,1163,118027,118093,116947
2339,1146,66,2,1155,118093,118159,117013
2340,1147,32,1,1154,118159,118191,117044
2341,1148,10,2,1167,118191,118201,117053
2342,1148,12,2,1165,118201,118213,117065
2343,1149,75,1,1151,118213,118288,117139
2344,1149,90,3,1160,118288,118378,117229
2346,1150,43,2,1161,118378,118421,117271
2345,1150,74,3,1151,118421,118495,117345
2347,1151,33,3,1154,118495,118528,117377
2348,1152,69,1,1167,118528,118597,117445
2350,1153,12,2,1154,118597,118609,117456
2353,1153,44,2,1170,118609,118653,117500
2352,1153,69,3,1164,118653,118722,117569
2351,1153,73,3,1159,118722,118795,117642
2349,1153,79,3,1172,118795,118874,117721
2354,1154,32,3,1161,118874,118906,117752
2356,1154,43,2,1167,118906,118949,117795
2355,1154,66,2,1162,118949,119015,117861
2357,1155,58,3,1156,119015,119073,117918
2359,1156,75,3,1162,119073,119148,117992
2358,1156,99,2,1163,119148,119247,118091
2365,1157,20,2,1166,119247,119267,118110
2360,1157,53,2,1164,119267,119320,118163
2361,1157,57,2,1166,119320,119377,118220
2364,1157,60,2,1160,119377,119437,118280
2363,1157,82,2,1158,119437,119519,118362
2362,1157,89,3,1160,119519,119608,118451
2367,1158,11,1,1166,119608,119619,118461
2366,1158,90,1,1159,119619,119709,118551
2369,1159,13,3,1171,119709,119722,118563
2368,1159,82,2,1164,119722,119804,118645
2370,1160,35,1,1162,119804,119839,118679
2372,1161,38,2,1174,119839,119877,118716
2371,1161,86,1,1163,119877,119963,118802
2373,1162,91,1,1172,119963,120054,118892
2375,1163,37,3,1176,120054,120091,118928
2374,1163,97,2,1182,120091,120188,119025
2376,1164,1,3,1174,120188,120189,119025
2377,1164,82,1,1169,120189,120271,119107
2379,1165,64,1,1176,120271,120335,119170
2378,1165,87,2,1171,120335,120422,119257
2382,1166,19,3,1175,120422,120441,119275
2383,1166,27,1,1182,120441,120468,119302
2380,1166,48,1,1170,120468,120516,119350
2381,1166,57,1,1169,120516,120573,119407
2384,1167,22,3,1179,120573,120595,119428
2385,1168,16,3,1172,120595,120611,119443
2386,1168,18,3,1175,120611,120629,119461
2387,1168,71,1,1177,120629,120700,119532
2392,1169,13,3,1172,120700,120713,119544
2394,1169,17,3,1183,120713,120730,119561
2390,1169,28,2,1183,120730,120758,119589
2388,1169,29,2,1177,120758,120787,119618
2393,1169,82,1,1177,120787,120869,119700
2389,1169,86,3,1186,120869,120955,119786
2391,1169,98,2,1174,120955,121053,119884
2395,1170,26,2,1172,121053,121079,119909
2396,1171,39,3,1176,121079,121118,119947
2397,1171,75,2,1191,121118,121193,120022
2398,1172,20,2,1192,121193,121213,120041
2399,1173,76,1,1186,121213,121289,120116
2400,1174,15,3,1187,121289,121304,120130
2403,1174,36,1,1186,121304,121340,120166
2404,1174,58,1,1190,121340,121398,120224
2401,1174,93,1,1184,121398,121491,120317
2402,1174,95,1,1181,121491,121586,120412
2405,1175,11,1,1193,121586,121597,120422
2406,1176,15,3,1181,121597,121612,120436
2408,1176,65,2,1177,121612,121677,120501
2407,1176,84,1,1178,121677,121761,120585
2409,1177,92,2,1192,121761,121853,120676
2410,1178,26,2,1184,121853,121879,120701
2411,1178,52,1,1179,121879,121931,120753
2414,1179,3,2,1186,121931,121934,120755
2412,1179,36,1,1183,121934,121970,120791
2415,1179,64,1,1189,121970,122034,120855
2413,1179,65,3,1192,122034,122099,120920
2416,1180,15,3,1200,122099,122114,120934
2418,1180,16,2,1196,122114,122130,120950
2417,1180,41,1,1188,122130,122171,120991
2419,1181,11,1,1185,122171,122182,121001
2423,1181,22,3,1183,122182,122204,121023
2421,1181,36,2,1193,122204,122240,121059
2422,1181,96,2,1187,122240,122336,121155
2420,1181,99,1,1191,122336,122435,121254
2424,1182,27,2,1196,122435,122462,121280
2425,1183,12,1,1199,122462,122474,121291
2426,1184,2,2,1198,122474,122476,121292
2427,1185,73,2,1205,122476,122549,121364
2429,1186,53,2,1198,122549,122602,121416
2428,1186,64,3,1188,122602,122666,121480
2430,1187,16,2,1200,122666,122682,121495
2431,1188,13,3,1189,122682,122695,121507
2432,1189,40,2,1196,122695,122735,121546
2433,1189,63,1,1193,122735,122798,121609
2434,1190,85,2,1192,122798,122883,121693
2435,1191,5,3,1194,122883,122888,121697
2436,1191,5,2,1208,122888,122893,121702
2438,1192,33,2,1208,122893,122926,121734
2437,1192,66,1,1196,122926,122992,121800
2439,1192,84,2,1197,122992,123076,121884
2441,1193,1,1,1204,123076,123077,121884
2440,1193,14,3,1194,123077,123091,121898
2442,1194,15,3,1198,123091,123106,121912
2443,1195,8,3,1201,123106,123114,121919
2444,1196,7,2,1205,123114,123121,121925
2445,1196,42,1,1203,123121,123163,121967
2446,1196,67,2,1205,123163,123230,122034
2450,1197,32,1,1207,123230,123262,122065
2447,1197,42,3,1208,123262,123304,122107
2452,1197,46,3,1200,123304,123350,122153
2453,1197,53,1,1217,123350,123403,122206
2448,1197,68,1,1205,123403,123471,122274
2449,1197,76,1,1198,123471,123547,122350
2451,1197,92,1,1204,123547,123639,122442
2455,1198,25,1,1210,123639,123664,122466
2454,1198,26,3,1201,123664,123690,122492
2456,1198,73,3,1206,123690,123763,122565
2457,1199,67,3,1209,123763,123830,122631
2458,1200,1,1,1201,123830,123831,122631
2459,1201,28,3,1211,123831,123859,122658
2460,1201,91,3,1212,123859,123950,122749
2461,1202,42,2,1211,123950,123992,122790
2462,1203,76,1,1217,123992,124068,122865
2463,1204,9,3,1213,124068,124077,122873
2464,1204,57,3,1215,124077,124134,122930
2465,1205,70,3,1225,124134,124204,122999
2467,1206,5,2,1214,124204,124209,123003
2466,1206,35,1,1220,124209,124244,123038
2469,1206,70,3,1207,124244,124314,123108
2468,1206,97,1,1215,124314,124411,123205
2470,1207,47,1,1217,124411,124458,123251
2471,1208,21,3,1217,124458,124479,123271
2473,1209,27,2,1229,124479,124506,123297
2472,1209,32,3,1214,124506,124538,123329
2474,1209,34,1,1229,124538,124572,123363
2475,1210,7,2,1228,124572,124579,123369
2476,1210,48,3,1221,124579,124627,123417
2478,1211,10,1,1216,124627,124637,123426
2477,1211,24,3,1228,124637,124661,123450
2479,1211,44,2,1221,124661,124705,123494
2480,1212,75,1,1219,124705,124780,123568
2481,1213,67,2,1232,124780,124847,123634
2482,1214,60,1,1223,124847,124907,123693
2485,1215,44,1,1232,124907,124951,123736
2484,1215,64,3,1229,124951,125015,123800
2483,1215,94,1,1219,125015,125109,123894
2486,1216,40,1,1224,125109,125149,123933
2488,1217,65,3,1221,125149,125214,123997
2487,1217,80,2,1224,125214,125294,124077
2489,1218,12,2,1223,125294,125306,124088
2491,1219,77,1,1238,125306,125383,124164
2490,1219,91,1,1239,125383,125474,124255
2496,1220,1,1,1240,125474,125475,124255
2494,1220,3,2,1229,125475,125478,124258
2495,1220,27,1,1226,125478,125505,124285
2493,1220,71,1,1230,125505,125576,124356
2492,1220,75,1,1223,125576,125651,124431
2497,1220,87,3,1226,125651,125738,124518
2498,1221,39,3,1238,125738,125777,124556
2499,1222,4,1,1239,125777,125781,124559
2500,1222,23,1,1224,125781,125804,124582
2501,1223,4,3,1231,125804,125808,124585
2502,1223,68,3,1235,125808,125876,124653
2503,1224,31,3,1227,125876,125907,124683
2505,1225,48,2,1245,125907,125955,124730
2504,1225,57,2,1240,125955,126012,124787
2506,1225,97,1,1228,126012,126109,124884
2507,1226,52,1,1232,126109,126161,124935
2509,1227,35,1,1245,126161,126196,124969
2508,1227,66,1,1243,126196,126262,125035
2510,1227,76,3,1228,126262,126338,125111
2512,1228,20,2,1231,126338,126358,125130
2511,1228,85,2,1235,126358,126443,125215
2513,1229,30,1,1233,126443,126473,125244
2514,1230,26,1,1231,126473,126499,125269
2516,1231,22,2,1235,126499,126521,125290
2515,1231,69,3,1250,126521,126590,125359
2517,1231,71,2,1245,126590,126661,125430
2518,1231,73,3,1235,126661,126734,125503
2519,1231,82,1,1241,126734,126816,125585
2524,1232,8,1,1241,126816,126824,125592
2520,1232,15,2,1243,126824,126839,125607
2523,1232,58,1,1235,126839,126897,125665
2522,1232,69,2,1240,126897,126966,125734
2521,1232,71,3,1251,126966,127037,125805
2525,1233,67,3,1251,127037,127104,125871
2527,1234,21,3,1247,127104,127125,125891
2526,1234,65,3,1253,127125,127190,125956
2529,1235,25,1,1244,127190,127215,125980
2528,1235,82,3,1247,127215,127297,126062
2530,1236,88,3,1246,127297,127385,126149
2531,1237,32,2,1251,127385,127417,126180
2532,1238,15,3,1253,127417,127432,126194
2533,1239,7,1,1258,127432,127439,126200
2534,1240,79,3,1242,127439,127518,126278
2535,1241,82,1,1243,127518,127600,126359
2536,1242,20,1,1262,127600,127620,126378
2537,1243,67,1,1247,127620,127687,126444
2538,1244,22,3,1246,127687,127709,126465
2539,1245,82,2,1263,127709,127791,126546
2541,1246,43,2,1257,127791,127834,126588
2542,1246,67,2,1262,127834,127901,126655
2540,1246,78,3,1266,127901,127979,126733
2543,1247,41,2,1265,127979,128020,126773
2551,1248,13,1,1262,128020,128033,126785
2545,1248,23,2,1268,128033,128056,126808
2547,1248,43,1,1260,128056,128099,126851
2548,1248,51,3,1250,128099,128150,126902
2549,1248,58,2,1250,128150,128208,126960
2550,1248,62,2,1254,128208,128270,127022
2546,1248,79,3,1256,128270,128349,127101
2544,1248,89,3,1261,128349,128438,127190
2552,1249,72,1,1254,128438,128510,127261
2558,1250,31,3,1256,128510,128541,127291
2561,1250,49,3,1265,128541,128590,127340
2555,1250,61,2,1258,128590,128651,127401
2553,1250,75,3,1264,128651,128726,127476
2559,1250,82,2,1263,128726,128808,127558
2554,1250,90,2,1254,128808,128898,127648
2557,1250,90,2,1251,128898,128988,127738
2556,1250,91,3,1266,128988,129079,127829
2560,1250,97,3,1258,129079,129176,127926
2563,1251,31,1,1267,129176,129207,127956
2562,1251,81,1,1263,129207,129288,128037
2564,1252,96,1,1254,129288,129384,128132
2565,1253,65,2,1272,129384,129449,128196
2567,1253,74,1,1267,129449,129523,128270
2566,1253,77,1,1271,129523,129600,128347
2568,1254,7,3,1257,129600,129607,128353
2569,1254,62,2,1269,129607,129669,128415
2570,1254,83,2,1256,129669,129752,128498
2571,1255,47,1,1259,129752,129799,128544
2573,1256,35,3,1262,129799,129834,128578
2572,1256,36,1,1257,129834,129870,128614
2574,1257,14,3,1266,129870,129884,128627
2575,1257,15,2,1266,129884,129899,128642
2576,1257,54,2,1267,129899,129953,128696
2577,1258,72,3,1276,129953,130025,128767
2578,1259,63,2,1262,130025,130088,128829
2579,1260,25,2,1271,130088,130113,128853
2580,1260,55,1,1280,130113,130168,128908
2581,1260,66,3,1273,130168,130234,128974
2583,1261,15,1,1262,130234,130249,128988
2582,1261,87,1,1265,130249,130336,129075
2584,1262,96,1,1264,130336,130432,129170
2585,1263,51,1,1281,130432,130483,129220
2586,1264,22,1,1279,130483,130505,129241
2587,1265,1,1,1274,130505,130506,129241
2588,1266,26,3,1279,130506,130532,129266
2589,1267,46,2,1268,130532,130578,129311
2590,1267,52,1,1287,130578,130630,129363
2592,1267,68,3,1280,130630,130698,129431
2591,1267,82,2,1283,130698,130780,129513
2594,1268,26,3,1272,130780,130806,129538
2593,1268,53,3,1286,130806,130859,129591
2597,1269,51,1,1288,130859,130910,129641
2595,1269,74,2,1289,130910,130984,129715
2596,1269,76,3,1281,130984,131060,129791
2598,1270,60,3,1274,131060,131120,129850
2599,1271,4,2,1277,131120,131124,129853
2600,1272,16,1,1275,131124,131140,129868
2601,1273,5,1,1280,131140,131145,129872
2603,1273,23,1,1293,131145,131168,129895
2602,1273,52,3,1279,131168,131220,129947
2604,1274,36,3,1282,131220,131256,129982
2605,1274,91,3,1288,131256,131347,130073
2606,1275,63,1,1281,131347,131410,130135
2607,1276,49,1,1286,131410,131459,130183
2608,1277,7,3,1280,131459,131466,130189
2611,1278,2,3,1285,131466,131468,130190
2614,1278,9,2,1291,131468,131477,130199
2609,1278,19,3,1282,131477,131496,130218
2612,1278,31,3,1291,131496,131527,130249
2615,1278,68,2,1287,131527,131595,130317
2613,1278,93,3,1292,131595,131688,130410
2610,1278,94,3,1282,131688,131782,130504
2616,1279,96,2,1296,131782,131878,130599
2617,1280,78,2,1289,131878,131956,130676
2618,1281,7,2,1301,131956,131963,130682
2622,1282,24,1,1295,131963,131987,130705
2620,1282,29,2,1295,131987,132016,130734
2619,1282,44,1,1292,132016,132060,130778
2621,1282,69,2,1285,132060,132129,130847
2623,1283,59,1,1297,132129,132188,130905
2625,1283,65,1,1300,132188,132253,130970
2626,1283,87,3,1295,132253,132340,131057
2624,1283,99,3,1288,132340,132439,131156
2627,1284,71,1,1293,132439,132510,131226
2628,1285,74,2,1298,132510,132584,131299
2629,1286,58,3,1306,132584,132642,131356
2630,1287,17,1,1293,132642,132659,131372
2631,1288,55,1,1300,132659,132714,131426
2632,1289,79,2,1294,132714,132793,131504
2633,1290,14,1,1305,132793,132807,131517
2634,1290,90,1,1295,132807,132897,131607
2635,1291,73,1,1311,132897,132970,131679
2636,1292,1,3,1304,132970,132971,131679
2638,1292,20,2,1309,132971,132991,131699
2637,1292,30,2,1293,132991,133021,131729
2641,1293,3,3,1301,133021,133024,131731
2643,1293,28,3,1313,133024,133052,131759
2639,1293,76,1,1313,133052,133128,131835
2640,1293,95,3,1309,133128,133223,131930
2642,1293,97,3,1307,133223,133320,132027
2644,1294,74,3,1300,133320,133394,132100
2645,1295,84,1,1301,133394,133478,132183
2646,1296,53,3,1302,133478,133531,132235
2647,1297,37,2,1301,133531,133568,132271
2649,1297,52,2,1304,133568,133620,132323
2648,1297,98,2,1309,133620,133718,132421
2650,1298,48,2,1316,133718,133766,132468
2652,1299,57,1,1300,133766,133823,132524
2651,1299,89,3,1314,133823,133912,132613
2653,1300,27,1,1304,133912,133939,132639
2654,1301,19,3,1315,133939,133958,132657
2656,1302,85,1,1306,133958,134043,132741
2655,1302,96,2,1306,134043,134139,132837
2658,1303,25,3,1322,134139,134164,132861
2657,1303,96,2,1322,134164,134260,132957
2660,1304,75,1,1312,134260,134335,133031
2659,1304,88,2,1309,134335,134423,133119
2661,1305,47,3,1325,134423,134470,133165
2662,1306,87,1,1315,134470,134557,133251
2664,1307,52,3,1317,134557,134609,133302
2663,1307,63,1,1317,134609,134672,133365
2665,1308,85,2,1321,134672,134757,133449
2667,1309,22,3,1326,134757,134779,133470
2666,1309,43,2,1329,134779,134822,133513
2670,1310,17,3,1327,134822,134839,133529
2669,1310,18,3,1313,134839,134857,133547
2668,1310,36,3,1316,134857,134893,133583
2671,1311,42,3,1331,134893,134935,133624
2672,1312,54,1,1314,134935,134989,133677
2674,1313,7,3,1325,134989,134996,133683
2673,1313,18,3,1316,134996,135014,133701
2676,1313,28,1,1330,135014,135042,133729
2677,1313,49,3,1323,135042,135091,133778
2675,1313,92,1,1316,135091,135183,133870
2679,1314,11,2,1322,135183,135194,133880
2680,1314,58,3,1327,135194,135252,133938
2678,1314,80,3,1328,135252,135332,134018
2681,1315,37,2,1323,135332,135369,134054
2682,1316,70,1,1331,135369,135439,134123
2683,1317,13,3,1322,135439,135452,134135
2686,1318,41,3,1332,135452,135493,134175
2685,1318,50,1,1324,135493,135543,134225
2684,1318,80,1,1332,135543,135623,134305
2689,1319,13,1,1331,135623,135636,134317
2687,1319,36,2,1331,135636,135672,134353
2690,1319,37,3,1337,135672,135709,134390
2688,1319,82,2,1330,135709,135791,134472
2692,1320,13,3,1331,135791,135804,134484
2693,1320,14,1,1330,135804,135818,134498
2691,1320,38,1,1324,135818,135856,134536
2694,1321,34,3,1323,135856,135890,134569
2695,1322,63,3,1324,135890,135953,134631
2696,1323,24,2,1339,135953,135977,134654
2697,1324,43,1,1338,135977,136020,134696
2698,1325,36,3,1343,136020,136056,134731
2699,1325,80,1,1335,136056,136136,134811
2700,1326,78,1,1344,136136,136214,134888
2702,1327,54,2,1345,136214,136268,134941
2701,1327,91,1,1342,136268,136359,135032
2703,1328,44,3,1337,136359,136403,135075
2704,1329,54,3,1338,136403,136457,135128
2705,1330,91,2,1331,136457,136548,135218
2706,1330,100,1,1345,136548,136648,135318
2708,1331,18,1,1333,136648,136666,135335
2707,1331,65,2,1351,136666,136731,135400
2709,1332,49,3,1349,136731,136780,135448
2712,1333,48,1,1340,136780,136828,135495
2711,1333,85,3,1339,136828,136913,135580
2710,1333,90,2,1336,136913,137003,135670
2714,1334,36,2,1341,137003,137039,135705
2713,1334,91,2,1345,137039,137130,135796
2716,1335,48,1,1348,137130,137178,135843
2715,1335,96,3,1338,137178,137274,135939
2717,1336,95,3,1349,137274,137369,136033
2719,1337,1,2,1338,137369,137370,136033
2718,1337,58,1,1357,137370,137428,136091
2721,1338,70,1,1357,137428,137498,136160
2723,1338,95,3,1350,137498,137593,136255
2720,1338,98,2,1346,137593,137691,136353
2722,1338,98,3,1350,137691,137789,136451
2724,1339,62,2,1348,137789,137851,136512
2725,1340,14,2,1353,137851,137865,136525
2726,1341,62,1,1359,137865,137927,136586
2727,1342,60,3,1358,137927,137987,136645
2731,1343,15,3,1354,137987,138002,136659
2728,1343,71,1,1360,138002,138073,136730
2729,1343,90,1,1351,138073,138163,136820
2732,1343,90,2,1351,138163,138253,136910
2730,1343,93,3,1344,138253,138346,137003
2736,1344,14,3,1351,138346,138360,137016
2735,1344,25,2,1349,138360,138385,137041
2734,1344,61,1,1357,138385,138446,137102
2733,1344,73,2,1359,138446,138519,137175
2740,1345,5,1,1346,138519,138524,137179
2737,1345,29,3,1352,138524,138553,137208
2741,1345,67,2,1364,138553,138620,137275
2739,1345,83,3,1358,138620,138703,137358
2738,1345,84,3,1357,138703,138787,137442
2743,1346,59,2,1356,138787,138846,137500
2742,1346,80,2,1352,138846,138926,137580
2744,1347,39,1,1362,138926,138965,137618
2745,1347,43,2,1355,138965,139008,137661
2746,1348,10,3,1358,139008,139018,137670
2748,1348,41,2,1362,139018,139059,137711
2747,1348,68,2,1353,139059,139127,137779
2749,1349,4,3,1350,139127,139131,137782
2750,1349,17,1,1355,139131,139148,137799
2754,1350,8,1,1355,139148,139156,137806
2751,1350,51,1,1362,139156,139207,137857
2755,1350,61,2,1352,139207,139268,137918
2752,1350,73,3,1367,139268,139341,137991
2753,1350,88,1,1359,139341,139429,138079
2756,1351,80,1,1354,139429,139509,138158
2759,1352,5,1,1365,139509,139514,138162
2758,1352,6,1,1357,139514,139520,138168
2762,1352,9,2,1361,139520,139529,138177
2761,1352,23,3,1362,139529,139552,138200
2760,1352,53,3,1359,139552,139605,138253
2757,1352,78,2,1371,139605,139683,138331
2763,1353,48,3,1366,139683,139731,138378
2764,1354,96,2,1372,139731,139827,138473
2766,1355,31,1,1370,139827,139858,138503
2765,1355,81,3,1367,139858,139939,138584
2767,1356,58,2,1362,139939,139997,138641
2768,1357,86,3,1363,139997,140083,138726
2770,1358,6,2,1363,140083,140089,138731
2769,1358,68,2,1371,140089,140157,138799
2771,1359,67,3,1366,140157,140224,138865
2772,1360,78,1,1371,140224,140302,138942
2773,1360,82,1,1367,140302,140384,139024
2775,1361,37,3,1362,140384,140421,139060
2774,1361,54,3,1367,140421,140475,139114
2776,1362,63,3,1381,140475,140538,139176
2777,1363,97,1,1374,140538,140635,139272
2778,1364,90,2,1377,140635,140725,139361
2779,1365,17,1,1381,140725,140742,139377
2780,1366,37,1,1371,140742,140779,139413
2782,1367,79,3,1379,140779,140858,139491
2781,1367,80,2,1375,140858,140938,139571
2783,1368,38,3,1372,140938,140976,139608
2786,1369,21,1,1380,140976,140997,139628
2785,1369,58,3,1378,140997,141055,139686
2784,1369,89,3,1382,141055,141144,139775
2787,1370,20,1,1384,141144,141164,139794
2788,1371,53,1,1373,141164,141217,139846
2789,1372,14,2,1375,141217,141231,139859
2790,1372,35,2,1375,141231,141266,139894
2791,1373,12,2,1379,141266,141278,139905
2793,1374,20,2,1389,141278,141298,139924
2792,1374,30,1,1383,141298,141328,139954
2794,1374,49,1,1382,141328,141377,140003
2795,1375,58,3,1388,141377,141435,140060
2796,1376,81,1,1386,141435,141516,140140
2797,1377,36,2,1382,141516,141552,140175
2799,1378,1,1,1396,141552,141553,140175
2798,1378,91,3,1379,141553,141644,140266
2801,1379,30,1,1389,141644,141674,140295
2800,1379,39,1,1398,141674,141713,140334
2802,1380,66,1,1382,141713,141779,140399
2803,1381,31,1,1401,141779,141810,140429
2804,1381,85,3,1401,141810,141895,140514
2806,1382,52,2,1386,141895,141947,140565
2807,1382,66,3,1398,141947,142013,140631
2805,1382,83,2,1395,142013,142096,140714
2808,1383,80,2,1398,142096,142176,140793
2809,1384,53,1,1395,142176,142229,140845
2810,1385,8,2,1392,142229,142237,140852
2811,1385,96,3,1403,142237,142333,140948
2812,1386,15,2,1406,142333,142348,140962
2813,1387,34,3,1397,142348,142382,140995
2814,1388,37,3,1398,142382,142419,141031
2815,1389,2,2,1405,142419,142421,141032
2816,1390,2,1,1397,142421,142423,141033
2817,1390,39,3,1398,142423,142462,141072
2818,1390,86,3,1393,142462,142548,141158
2819,1391,58,2,1396,142548,142606,141215
2820,1392,30,3,1401,142606,142636,141244
2821,1392,74,1,1408,142636,142710,141318
2822,1393,32,2,1402,142710,142742,141349
2823,1393,81,2,1406,142742,142823,141430
2828,1394,13,2,1409,142823,142836,141442
2829,1394,16,2,1409,142836,142852,141458
2826,1394,47,2,1396,142852,142899,141505
2827,1394,66,2,1411,142899,142965,141571
2824,1394,74,3,1411,142965,143039,141645
2825,1394,75,2,1409,143039,143114,141720
2830,1395,93,3,1401,143114,143207,141812
2831,1396,70,1,1404,143207,143277,141881
2837,1397,3,1,1404,143277,143280,141883
2840,1397,39,3,1401,143280,143319,141922
2832,1397,51,2,1417,143319,143370,141973
2838,1397,55,3,1399,143370,143425,142028
2833,1397,60,2,1408,143425,143485,142088
2836,1397,63,3,1413,143485,143548,142151
2834,1397,67,3,1398,143548,143615,142218
2839,1397,76,2,1403,143615,143691,142294
2835,1397,96,2,1414,143691,143787,142390
2841,1398,76,2,1418,143787,143863,142465
2842,1399,16,2,1403,143863,143879,142480
2843,1399,52,3,1401,143879,143931,142532
2844,1400,9,3,1415,143931,143940,142540
2845,1400,51,2,1403,143940,143991,142591
2846,1401,84,1,1404,143991,144075,142674
2847,1402,24,2,1410,144075,144099,142697
2848,1402,87,2,1422,144099,144186,142784
2849,1403,90,2,1411,144186,144276,142873
2850,1404,29,1,1417,144276,144305,142901
2851,1405,11,3,1417,144305,144316,142911
2854,1405,23,1,1424,144316,144339,142934
2853,1405,47,3,1410,144339,144386,142981
2857,1405,57,2,1411,144386,144443,143038
2855,1405,58,1,1423,144443,144501,143096
2852,1405,70,2,1410,144501,144571,143166
2856,1405,85,3,1408,144571,144656,143251
2860,1406,12,3,1419,144656,144668,143262
2863,1406,13,3,1412,144668,144681,143275
2858,1406,26,1,1422,144681,144707,143301
2859,1406,40,3,1408,144707,144747,143341
2861,1406,41,2,1417,144747,144788,143382
2862,1406,50,2,1414,144788,144838,143432
2864,1406,59,3,1418,144838,144897,143491
2865,1406,60,1,1411,144897,144957,143551
2866,1406,81,1,1414,144957,145038,143632
2867,1406,84,2,1422,145038,145122,143716
2868,1407,52,3,1424,145122,145174,143767
2871,1408,26,2,1426,145174,145200,143792
2870,1408,54,2,1424,145200,145254,143846
2869,1408,93,3,1428,145254,145347,143939
2872,1409,1,3,1428,145347,145348,143939
2873,1409,90,1,1416,145348,145438,144029
2874,1410,18,2,1423,145438,145456,144046
2875,1411,77,2,1424,145456,145533,144122
2876,1412,1,3,1431,145533,145534,144122
2877,1412,18,3,1424,145534,145552,144140
2878,1413,40,2,1419,145552,145592,144179
2879,1413,52,1,1431,145592,145644,144231
2883,1414,4,1,1420,145644,145648,144234
2885,1414,4,3,1424,145648,145652,144238
2882,1414,10,1,1422,145652,145662,144248
2886,1414,31,1,1425,145662,145693,144279
2881,1414,40,3,1426,145693,145733,144319
2888,1414,47,3,1416,145733,145780,144366
2887,1414,60,3,1426,145780,145840,144426
2884,1414,62,3,1424,145840,145902,144488
2880,1414,100,3,1428,145902,146002,144588
2889,1415,67,3,1416,146002,146069,144654
2890,1416,44,2,1426,146069,146113,144697
2891,1417,96,1,1423,146113,146209,144792
2893,1418,32,2,1421,146209,146241,144823
2892,1418,86,1,1434,146241,146327,144909
2895,1419,20,3,1430,146327,146347,144928
2894,1419,66,3,1436,146347,146413,144994
2896,1420,12,1,1423,146413,146425,145005
2897,1421,71,2,1432,146425,146496,145075
2898,1422,100,3,1429,146496,146596,145174
2899,1423,11,1,1437,146596,146607,145184
2901,1424,32,2,1439,146607,146639,145215
2900,1424,54,3,1425,146639,146693,145269
2902,1425,57,1,1442,146693,146750,145325
2904,1426,7,2,1446,146750,146757,145331
2903,1426,95,1,1434,146757,146852,145426
2905,1427,68,3,1437,146852,146920,145493
2907,1428,13,1,1445,146920,146933,145505
2906,1428,37,1,1446,146933,146970,145542
2908,1429,22,3,1437,146970,146992,145563
2912,1430,6,3,1433,146992,146998,145568
2913,1430,40,3,1449,146998,147038,145608
2909,1430,58,3,1440,147038,147096,145666
2910,1430,63,2,1432,147096,147159,145729
2911,1430,65,3,1436,147159,147224,145794
2915,1431,38,2,1443,147224,147262,145831
2914,1431,62,3,1449,147262,147324,145893
2916,1432,27,2,1438,147324,147351,145919
2917,1432,52,3,1442,147351,147403,145971
2919,1433,62,1,1435,147403,147465,146032
2918,1433,94,3,1442,147465,147559,146126
2920,1434,99,3,1439,147559,147658,146224
2921,1435,65,2,1438,147658,147723,146288
2922,1435,94,1,1455,147723,147817,146382
2925,1436,6,2,1450,147817,147823,146387
2924,1436,17,3,1448,147823,147840,146404
2923,1436,85,3,1438,147840,147925,146489
2928,1437,5,3,1455,147925,147930,146493
2927,1437,10,2,1441,147930,147940,146503
2926,1437,99,1,1445,147940,148039,146602
2929,1438,13,1,1448,148039,148052,146614
2930,1438,98,2,1457,148052,148150,146712
2933,1439,12,3,1446,148150,148162,146723
2931,1439,34,3,1449,148162,148196,146757
2932,1439,40,2,1444,148196,148236,146797
2934,1440,28,2,1446,148236,148264,146824
2935,1441,1,2,1456,148264,148265,146824
2936,1442,27,1,1443,148265,148292,146850
2938,1442,37,2,1450,148292,148329,146887
2937,1442,46,2,1458,148329,148375,146933
2939,1443,63,2,1453,148375,148438,146995
2940,1444,67,2,1463,148438,148505,147061
2941,1445,20,3,1452,148505,148525,147080
2943,1446,9,2,1461,148525,148534,147088
2942,1446,42,1,1461,148534,148576,147130
2944,1446,93,1,1449,148576,148669,147223
2946,1447,63,3,1449,148669,148732,147285
2947,1447,65,1,1454,148732,148797,147350
2945,1447,83,3,1448,148797,148880,147433
2948,1448,10,3,1455,148880,148890,147442
2949,1448,31,2,1462,148890,148921,147473
2951,1449,1,3,1458,148921,148922,147473
2950,1449,77,1,1453,148922,148999,147550
2952,1450,5,3,1463,148999,149004,147554
2953,1451,79,2,1453,149004,149083,147632
2955,1452,13,2,1463,149083,149096,147644
2959,1452,22,3,1469,149096,149118,147666
2958,1452,27,1,1463,149118,149145,147693
2962,1452,53,3,1455,149145,149198,147746
2957,1452,55,1,1465,149198,149253,147801
2954,1452,75,1,1461,149253,149328,147876
2961,1452,78,3,1453,149328,149406,147954
2956,1452,81,3,1471,149406,149487,148035
2960,1452,97,1,1469,149487,149584,148132
2963,1453,25,3,1457,149584,149609,148156
2964,1454,81,2,1471,149609,149690,148236
2965,1455,10,1,1466,149690,149700,148245
2966,1456,28,2,1457,149700,149728,148272
2967,1457,91,2,1468,149728,149819,148362
2968,1458,63,2,1469,149819,149882,148424
2969,1459,31,2,1466,149882,149913,148454
2970,1460,37,2,1468,149913,149950,148490
2971,1460,46,2,1462,149950,149996,148536
2972,1460,98,2,1479,149996,150094,148634
2974,1461,16,2,1479,150094,150110,148649
2975,1461,44,2,1476,150110,150154,148693
2973,1461,49,3,1462,150154,150203,148742
2976,1462,99,3,1481,150203,150302,148840
2977,1463,44,2,1477,150302,150346,148883
2980,1464,41,2,1479,150346,150387,148923
2981,1464,52,3,1471,150387,150439,148975
2978,1464,96,1,1465,150439,150535,149071
2979,1464,99,2,1476,150535,150634,149170
2982,1465,11,3,1466,150634,150645,149180
2984,1465,93,3,1478,150645,150738,149273
2983,1465,95,3,1478,150738,150833,149368
2985,1466,61,2,1481,150833,150894,149428
2986,1467,20,2,1486,150894,150914,149447
2990,1467,31,3,1481,150914,150945,149478
2987,1467,34,3,1484,150945,150979,149512
2989,1467,37,3,1483,150979,151016,149549
2988,1467,78,1,1485,151016,151094,149627
2991,1468,26,3,1477,151094,151120,149652
2992,1469,24,2,1481,151120,151144,149675
2994,1469,32,3,1477,151144,151176,149707
2993,1469,77,1,1476,151176,151253,149784
2995,1470,100,1,1481,151253,151353,149883
2997,1471,5,1,1488,151353,151358,149887
2996,1471,35,3,1484,151358,151393,149922
2999,1471,91,1,1482,151393,151484,150013
3000,1471,94,2,1475,151484,151578,150107
2998,1471,95,1,1480,151578,151673,150202
3002,1472,53,2,1492,151673,151726,150254
3001,1472,98,2,1482,151726,151824,150352
3003,1473,20,2,1490,151824,151844,150371
3007,1473,35,2,1486,151844,151879,150406
3005,1473,41,2,1489,151879,151920,150447
3006,1473,60,2,1476,151920,151980,150507
3004,1473,81,2,1492,151980,152061,150588
3010,1474,14,2,1481,152061,152075,150601
3008,1474,36,3,1487,152075,152111,150637
3011,1474,92,3,1484,152111,152203,150729
3009,1474,95,2,1475,152203,152298,150824
3012,1475,83,1,1476,152298,152381,150906
3013,1476,20,3,1479,152381,152401,150925
3015,1477,42,2,1479,152401,152443,150966
3014,1477,98,2,1489,152443,152541,151064
3016,1478,68,3,1489,152541,152609,151131
3017,1479,75,3,1491,152609,152684,151205
3018,1480,1,3,1491,152684,152685,151205
3019,1480,50,2,1495,152685,152735,151255
3020,1481,43,1,1484,152735,152778,151297
3021,1482,3,2,1496,152778,152781,151299
3022,1483,34,2,1490,152781,152815,151332
3023,1484,30,3,1504,152815,152845,151361
3024,1484,32,2,1488,152845,152877,151393
3025,1484,53,3,1494,152877,152930,151446
3026,1485,54,3,1491,152930,152984,151499
3027,1486,31,1,1493,152984,153015,151529
3028,1486,79,2,1505,153015,153094,151608
3029,1487,33,2,1503,153094,153127,151640
3030,1488,8,2,1496,153127,153135,151647
3031,1488,64,2,1497,153135,153199,151711
3033,1489,64,1,1496,153199,153263,151774
3032,1489,85,3,1496,153263,153348,151859
3035,1490,49,2,1496,153348,153397,151907
3034,1490,63,1,1491,153397,153460,151970
3036,1490,69,3,1510,153460,153529,152039
3037,1491,27,3,1508,153529,153556,152065
3038,1492,77,1,1497,153556,153633,152141
3040,1493,34,2,1511,153633,153667,152174
3039,1493,54,3,1497,153667,153721,152228
3041,1494,12,3,1504,153721,153733,152239
3042,1495,53,2,1504,153733,153786,152291
3044,1496,14,3,1505,153786,153800,152304
3043,1496,50,2,1516,153800,153850,152354
3045,1497,11,1,1501,153850,153861,152364
3050,1498,1,2,1517,153861,153862,152364
3049,1498,5,2,1513,153862,153867,152369
3052,1498,46,1,1502,153867,153913,152415
3046,1498,54,1,1510,153913,153967,152469
3053,1498,73,1,1501,153967,154040,152542
3048,1498,75,1,1510,154040,154115,152617
3051,1498,80,1,1503,154115,154195,152697
3047,1498,93,1,1510,154195,154288,152790
3055,1499,2,1,1509,154288,154290,152791
3056,1499,7,3,1512,154290,154297,152798
3054,1499,59,3,1511,154297,154356,152857
3059,1499,67,2,1513,154356,154423,152924
3057,1499,75,2,1501,154423,154498,152999
3058,1499,80,1,1509,154498,154578,153079
3060,1500,39,2,1510,154578,154617,153117
3062,1500,53,1,1516,154617,154670,153170
3061,1500,77,3,1504,154670,154747,153247
3066,1501,3,2,1506,154747,154750,153249
3063,1501,57,3,1504,154750,154807,153306
3064,1501,72,1,1520,154807,154879,153378
3065,1501,98,3,1515,154879,154977,153476
3067,1502,50,1,1514,154977,155027,153525
3068,1503,5,2,1504,155027,155032,153529
3069,1503,23,2,1523,155032,155055,153552
3071,1504,4,3,1506,155055,155059,153555
3070,1504,18,1,1509,155059,155077,153573
3072,1504,31,3,1516,155077,155108,153604
3073,1505,55,1,1520,155108,155163,153658
3074,1506,17,2,1525,155163,155180,153674
3075,1507,61,1,1521,155180,155241,153734
3076,1507,79,1,1515,155241,155320,153813
3077,1508,24,2,1520,155320,155344,153836
3078,1508,28,2,1523,155344,155372,153864
3079,1508,77,2,1513,155372,155449,153941
3080,1509,26,2,1510,155449,155475,153966
3081,1510,44,1,1523,155475,155519,154009
3083,1511,23,2,1523,155519,155542,154031
3084,1511,23,1,1512,155542,155565,154054
3082,1511,100,3,1517,155565,155665,154154
3085,1512,62,2,1523,155665,155727,154215
3086,1512,97,3,1523,155727,155824,154312
3088,1513,22,3,1518,155824,155846,154333
3087,1513,67,3,1517,155846,155913,154400
3090,1513,69,1,1526,155913,155982,154469
3089,1513,93,1,1519,155982,156075,154562
3091,1514,1,2,1518,156075,156076,154562
3093,1515,6,1,1528,156076,156082,154567
3092,1515,13,2,1519,156082,156095,154580
3096,1515,15,2,1523,156095,156110,154595
3097,1515,31,3,1535,156110,156141,154626
3095,1515,36,2,1516,156141,156177,154662
3094,1515,57,2,1531,156177,156234,154719
3098,1516,61,3,1531,156234,156295,154779
3099,1517,69,3,1523,156295,156364,154847
3100,1518,4,1,1537,156364,156368,154850
3102,1518,51,2,1519,156368,156419,154901
3101,1518,85,2,1527,156419,156504,154986
3109,1519,8,1,1530,156504,156512,154993
3105,1519,24,1,1525,156512,156536,155017
3107,1519,43,3,1539,156536,156579,155060
3104,1519,65,2,1530,156579,156644,155125
3106,1519,81,1,1525,156644,156725,155206
3103,1519,92,2,1538,156725,156817,155298
3108,1519,96,1,1535,156817,156913,155394
3110,1520,57,1,1523,156913,156970,155450
3111,1521,23,2,1537,156970,156993,155472
3112,1521,43,1,1534,156993,157036,155515
3113,1521,97,1,1528,157036,157133,155612
3114,1522,31,2,1538,157133,157164,155642
3118,1523,19,2,1532,157164,157183,155660
3116,1523,31,1,1543,157183,157214,155691
3121,1523,37,1,1533,157214,157251,155728
3115,1523,63,2,1542,157251,157314,155791
3120,1523,65,2,1527,157314,157379,155856
3119,1523,66,3,1542,157379,157445,155922
3117,1523,84,2,1543,157445,157529,156006
3123,1524,8,2,1537,157529,157537,156013
3122,1524,25,3,1540,157537,157562,156038
3124,1525,91,2,1530,157562,157653,156128
3125,1526,25,2,1532,157653,157678,156152
3126,1527,84,3,1543,157678,157762,156235
3127,1528,22,3,1536,157762,157784,156256
3128,1528,82,1,1540,157784,157866,156338
3129,1529,25,1,1531,157866,157891,156362
3130,1529,65,3,1544,157891,157956,156427
3131,1530,93,1,1537,157956,158049,156519
3133,1531,15,2,1536,158049,158064,156533
3132,1531,73,2,1549,158064,158137,156606
3134,1532,65,2,1543,158137,158202,156670
3135,1533,21,3,1553,158202,158223,156690
3136,1534,19,3,1554,158223,158242,156708
3137,1535,30,3,1551,158242,158272,156737
3138,1536,85,3,1554,158272,158357,156821
3139,1537,83,1,1554,158357,158440,156903
3140,1538,68,3,1545,158440,158508,156970
3143,1539,18,3,1544,158508,158526,156987
3141,1539,69,1,1554,158526,158595,157056
3142,1539,86,3,1550,158595,158681,157142
3146,1540,10,3,1547,158681,158691,157151
3145,1540,22,3,1549,158691,158713,157173
3144,1540,88,2,1553,158713,158801,157261
3147,1541,30,3,1556,158801,158831,157290
3150,1542,26,3,1545,158831,158857,157315
3148,1542,51,3,1561,158857,158908,157366
3151,1542,75,3,1554,158908,158983,157441
3149,1542,100,2,1561,158983,159083,157541
3156,1543,30,2,1562,159083,159113,157570
3153,1543,42,2,1559,159113,159155,157612
3154,1543,42,1,1549,159155,159197,157654
3152,1543,75,1,1554,159197,159272,157729
3155,1543,85,2,1563,159272,159357,157814
3157,1544,58,2,1546,159357,159415,157871
3158,1545,21,3,1547,159415,159436,157891
3159,1546,9,1,1562,159436,159445,157899
3160,1547,79,1,1558,159445,159524,157977
3165,1548,12,3,1566,159524,159536,157988
3164,1548,34,1,1565,159536,159570,158022
3161,1548,57,3,1563,159570,159627,158079
3163,1548,70,3,1556,159627,159697,158149
3162,1548,79,2,1563,159697,159776,158228
3166,1549,3,1,1565,159776,159779,158230
3170,1550,3,1,1563,159779,159782,158232
3167,1550,47,2,1551,159782,159829,158279
3168,1550,77,1,1556,159829,159906,158356
3169,1550,77,3,1552,159906,159983,158433
3171,1550,92,1,1569,159983,160075,158525
3172,1551,87,3,1570,160075,160162,158611
3175,1552,30,3,1557,160162,160192,158640
3173,1552,40,2,1560,160192,160232,158680
3174,1552,96,1,1561,160232,160328,158776
3178,1553,4,2,1565,160328,160332,158779
3177,1553,35,3,1567,160332,160367,158814
3179,1553,68,2,1566,160367,160435,158882
3176,1553,86,1,1561,160435,160521,158968
3182,1554,61,2,1570,160521,160582,159028
3181,1554,85,1,1563,160582,160667,159113
3183,1554,87,1,1558,160667,160754,159200
3180,1554,91,3,1573,160754,160845,159291
3184,1555,11,2,1572,160845,160856,159301
3185,1556,48,2,1575,160856,160904,159348
3186,1557,26,2,1569,160904,160930,159373
3187,1557,67,1,1564,160930,160997,159440
3188,1558,38,1,1576,160997,161035,159477
3189,1559,23,3,1579,161035,161058,159499
3190,1559,81,1,1570,161058,161139,159580
3191,1560,17,2,1578,161139,161156,159596
3192,1561,58,1,1577,161156,161214,159653
3195,1562,22,3,1568,161214,161236,159674
3193,1562,39,1,1577,161236,161275,159713
3194,1562,98,1,1572,161275,161373,159811
3197,1563,29,2,1576,161373,161402,159839
3196,1563,42,2,1580,161402,161444,159881
3199,1563,64,3,1569,161444,161508,159945
3198,1563,65,1,1568,161508,161573,160010
3201,1564,23,1,1570,161573,161596,160032
3203,1564,56,3,1569,161596,161652,160088
3200,1564,67,3,1569,161652,161719,160155
3202,1564,86,2,1584,161719,161805,160241
3204,1565,1,1,1572,161805,161806,160241
3205,1565,68,1,1570,161806,161874,160309
3207,1566,35,1,1578,161874,161909,160343
3206,1566,63,1,1580,161909,161972,160406
3208,1567,13,3,1583,161972,161985,160418
3209,1568,37,2,1572,161985,162022,160454
3210,1568,83,3,1576,162022,162105,160537
3211,1569,32,1,1574,162105,162137,160568
3213,1570,69,1,1581,162137,162206,160636
3212,1570,100,1,1588,162206,162306,160736
3214,1571,28,1,1591,162306,162334,160763
3216,1571,50,3,1574,162334,162384,160813
3215,1571,79,1,1572,162384,162463,160892
3217,1572,67,1,1588,162463,162530,160958
3220,1573,21,3,1584,162530,162551,160978
3218,1573,38,3,1591,162551,162589,161016
3219,1573,100,1,1590,162589,162689,161116
3224,1574,30,2,1576,162689,162719,161145
3222,1574,37,1,1592,162719,162756,161182
3221,1574,80,1,1582,162756,162836,161262
3223,1574,87,2,1579,162836,162923,161349
3225,1575,54,2,1576,162923,162977,161402
3226,1576,49,2,1585,162977,163026,161450
3227,1577,46,2,1580,163026,163072,161495
3228,1578,93,2,1586,163072,163165,161587
3229,1579,39,1,1587,163165,163204,161625
3232,1580,28,2,1593,163204,163232,161652
3230,1580,35,3,1584,163232,163267,161687
3231,1580,49,1,1594,163267,163316,161736
3233,1580,97,3,1581,163316,163413,161833
3234,1581,60,3,1589,163413,163473,161892
3235,1581,83,1,1586,163473,163556,161975
3236,1582,92,1,1592,163556,163648,162066
3237,1583,18,3,1587,163648,163666,162083
3239,1583,21,2,1587,163666,163687,162104
3238,1583,89,1,1598,163687,163776,162193
3240,1584,17,3,1592,163776,163793,162209
3242,1585,34,2,1605,163793,163827,162242
3241,1585,67,1,1594,163827,163894,162309
3245,1586,28,1,1602,163894,163922,162336
3244,1586,31,2,1597,163922,163953,162367
3243,1586,72,3,1602,163953,164025,162439
3247,1587,7,2,1594,164025,164032,162445
3246,1587,94,2,1597,164032,164126,162539
3248,1588,82,3,1592,164126,164208,162620
3249,1589,83,2,1598,164208,164291,162702
3250,1590,96,1,1597,164291,164387,162797
3251,1591,13,2,1601,164387,164400,162809
3252,1591,63,3,1605,164400,164463,162872
3254,1592,38,3,1597,164463,164501,162909
3253,1592,67,1,1605,164501,164568,162976
3255,1592,86,2,1600,164568,164654,163062
3256,1592,97,3,1596,164654,164751,163159
3258,1593,19,1,1610,164751,164770,163177
3257,1593,83,3,1608,164770,164853,163260
3259,1594,47,1,1604,164853,164900,163306
3260,1594,62,3,1609,164900,164962,163368
3261,1595,48,3,1606,164962,165010,163415
3262,1596,45,2,1615,165010,165055,163459
3263,1596,78,1,1615,165055,165133,163537
3264,1597,8,2,1614,165133,165141,163544
3265,1598,59,1,1618,165141,165200,163602
3266,1599,32,1,1611,165200,165232,163633
3267,1600,59,1,1617,165232,165291,163691
3270,1601,30,3,1621,165291,165321,163720
3268,1601,57,1,1616,165321,165378,163777
3269,1601,72,1,1613,165378,165450,163849
3271,1602,87,3,1618,165450,165537,163935
3272,1603,17,1,1609,165537,165554,163951
3273,1603,56,3,1608,165554,165610,164007
3274,1603,70,2,1605,165610,165680,164077
3275,1604,89,1,1621,165680,165769,164165
3277,1605,12,1,1616,165769,165781,164176
3278,1605,12,1,1613,165781,165793,164188
3276,1605,88,3,1618,165793,165881,164276
3279,1606,25,1,1615,165881,165906,164300
3280,1607,9,3,1625,165906,165915,164308
3282,1607,60,1,1609,165915,165975,164368
3281,1607,100,1,1621,165975,166075,164468
3284,1608,53,2,1615,166075,166128,164520
3285,1608,72,1,1618,166128,166200,164592
3283,1608,100,2,1611,166200,166300,164692
3286,1609,6,3,1624,166300,166306,164697
3287,1610,34,2,1628,166306,166340,164730
3289,1611,13,3,1624,166340,166353,164742
3288,1611,26,2,1613,166353,166379,164768
3290,1612,52,1,1623,166379,166431,164819
3293,1613,7,3,1620,166431,166438,164825
3292,1613,54,2,1630,166438,166492,164879
3294,1613,54,2,1621,166492,166546,164933
3291,1613,97,1,1624,166546,166643,165030
3296,1614,26,2,1629,166643,166669,165055
3297,1614,54,3,1620,166669,166723,165109
3295,1614,64,1,1626,166723,166787,165173
3299,1615,41,1,1633,166787,166828,165213
3298,1615,56,2,1617,166828,166884,165269
3300,1615,77,3,1632,166884,166961,165346
3301,1616,32,2,1620,166961,166993,165377
3302,1616,69,3,1634,166993,167062,165446
3303,1617,75,1,1637,167062,167137,165520
3304,1618,28,3,1636,167137,167165,165547
3306,1618,28,3,1625,167165,167193,165575
3305,1618,37,2,1622,167193,167230,165612
3308,1619,41,3,1634,167230,167271,165652
3307,1619,76,2,1626,167271,167347,165728
3309,1620,57,3,1633,167347,167404,165784
3311,1621,26,1,1639,167404,167430,165809
3312,1621,35,1,1635,167430,167465,165844
3310,1621,61,1,1635,167465,167526,165905
3313,1622,25,1,1625,167526,167551,165929
3315,1623,57,2,1629,167551,167608,165985
3314,1623,83,3,1637,167608,167691,166068
3317,1624,18,3,1625,167691,167709,166085
3316,1624,50,3,1628,167709,167759,166135
3318,1624,54,3,1627,167759,167813,166189
3320,1625,20,2,1626,167813,167833,166208
3319,1625,89,1,1627,167833,167922,166297
3321,1625,91,1,1645,167922,168013,166388
3322,1626,44,3,1629,168013,168057,166431
3323,1627,38,3,1645,168057,168095,166468
3325,1628,21,2,1630,168095,168116,166488
3324,1628,61,1,1644,168116,168177,166549
3327,1629,1,3,1633,168177,168178,166549
3326,1629,54,1,1632,168178,168232,166603
3330,1630,3,1,1631,168232,168235,166605
3331,1630,24,2,1649,168235,168259,166629
3329,1630,59,1,1634,168259,168318,166688
3328,1630,68,3,1644,168318,168386,166756
3332,1631,68,2,1640,168386,168454,166823
3333,1631,76,3,1636,168454,168530,166899
3334,1632,24,2,1637,168530,168554,166922
3335,1633,70,1,1647,168554,168624,166991
3338,1634,42,1,1641,168624,168666,167032
3337,1634,52,3,1642,168666,168718,167084
3336,1634,90,1,1652,168718,168808,167174
3339,1635,37,1,1642,168808,168845,167210
3340,1636,98,2,1656,168845,168943,167307
3341,1637,2,3,1641,168943,168945,167308
3342,1638,33,3,1651,168945,168978,167340
3343,1639,13,3,1652,168978,168991,167352
3344,1640,30,1,1641,168991,169021,167381
3346,1641,6,2,1660,169021,169027,167386
3345,1641,12,2,1652,169027,169039,167398
3347,1641,83,3,1661,169039,169122,167481
3348,1642,37,1,1658,169122,169159,167517
3349,1643,27,2,1652,169159,169186,167543
3350,1643,67,2,1644,169186,169253,167610
3351,1644,44,2,1653,169253,169297,167653
3352,1645,4,1,1656,169297,169301,167656
3353,1645,60,1,1650,169301,169361,167716
3354,1645,82,2,1647,169361,169443,167798
3355,1646,76,1,1651,169443,169519,167873
3356,1647,74,2,1663,169519,169593,167946
3357,1648,24,2,1659,169593,169617,167969
3358,1648,44,2,1666,169617,169661,168013
3360,1649,26,2,1658,169661,169687,168038
3359,1649,42,2,1658,169687,169729,168080
3363,1650,19,2,1670,169729,169748,168098
3361,1650,77,2,1658,169748,169825,168175
3362,1650,80,2,1656,169825,169905,168255
3368,1651,58,1,1667,169905,169963,168312
3364,1651,62,3,1659,169963,170025,168374
3367,1651,71,3,1669,170025,170096,168445
3366,1651,89,3,1655,170096,170185,168534
3365,1651,100,1,1667,170185,170285,168634
3370,1652,20,3,1667,170285,170305,168653
3369,1652,65,1,1661,170305,170370,168718
3371,1652,93,2,1658,170370,170463,168811
3372,1652,96,2,1670,170463,170559,168907
3373,1653,48,2,1670,170559,170607,168954
3374,1653,88,3,1665,170607,170695,169042
3375,1654,44,1,1656,170695,170739,169085
3376,1654,73,1,1666,170739,170812,169158
3377,1655,45,2,1673,170812,170857,169202
3379,1656,2,2,1657,170857,170859,169203
3378,1656,97,1,1663,170859,170956,169300
3380,1657,28,3,1675,170956,170984,169327
3381,1658,22,3,1662,170984,171006,169348
3383,1658,22,2,1678,171006,171028,169370
3382,1658,59,2,1668,171028,171087,169429
3384,1658,80,1,1676,171087,171167,169509
3385,1659,28,1,1673,171167,171195,169536
3386,1659,30,2,1679,171195,171225,169566
3387,1660,1,3,1680,171225,171226,169566
3388,1660,81,1,1678,171226,171307,169647
3389,1661,46,3,1669,171307,171353,169692
3390,1661,57,2,1676,171353,171410,169749
3391,1662,58,2,1671,171410,171468,169806
3392,1663,87,1,1671,171468,171555,169892
3393,1664,78,3,1678,171555,171633,169969
3394,1665,43,3,1675,171633,171676,170011
3395,1665,90,1,1683,171676,171766,170101
3396,1666,88,1,1667,171766,171854,170188
3398,1667,21,3,1669,171854,171875,170208
3397,1667,70,3,1676,171875,171945,170278
3399,1668,79,3,1676,171945,172024,170356
3400,1668,96,3,1676,172024,172120,170452
3403,1669,54,1,1681,172120,172174,170505
3401,1669,81,2,1673,172174,172255,170586
3404,1669,81,3,1684,172255,172336,170667
3405,1669,89,1,1674,172336,172425,170756
3402,1669,91,2,1677,172425,172516,170847
3408,1670,13,1,1685,172516,172529,170859
3406,1670,80,2,1679,172529,172609,170939
3409,1670,96,3,1690,172609,172705,171035
3407,1670,99,3,1690,172705,172804,171134
3410,1671,51,2,1686,172804,172855,171184
3411,1671,69,1,1689,172855,172924,171253
3412,1671,86,1,1679,172924,173010,171339
3413,1672,67,2,1675,173010,173077,171405
3414,1672,86,2,1685,173077,173163,171491
3416,1673,1,3,1693,173163,173164,171491
3415,1673,68,2,1677,173164,173232,171559
3417,1674,96,3,1690,173232,173328,171654
3419,1675,39,3,1689,173328,173367,171692
3418,1675,62,1,1679,173367,173429,171754
3420,1676,20,2,1685,173429,173449,171773
3421,1676,77,3,1683,173449,173526,171850
3422,1676,97,3,1692,173526,173623,171947
3423,1677,93,3,1688,173623,173716,172039
3425,1678,34,2,1688,173716,173750,172072
3426,1678,55,1,1682,173750,173805,172127
3427,1678,75,1,1696,173805,173880,172202
3424,1678,78,3,1691,173880,173958,172280
3431,1679,15,3,1681,173958,173973,172294
3429,1679,56,1,1688,173973,174029,172350
3430,1679,59,3,1680,174029,174088,172409
3428,1679,63,3,1689,174088,174151,172472
3432,1680,88,1,1698,174151,174239,172559
3433,1681,86,2,1701,174239,174325,172644
3434,1682,52,1,1702,174325,174377,172695
3435,1683,42,2,1697,174377,174419,172736
3436,1684,19,3,1689,174419,174438,172754
3437,1684,61,1,1695,174438,174499,172815
3438,1685,48,2,1699,174499,174547,172862
3439,1686,43,2,1698,174547,174590,172904
3441,1687,67,1,1690,174590,174657,172970
3440,1687,78,3,1694,174657,174735,173048
3444,1688,19,2,1689,174735,174754,173066
3442,1688,44,1,1689,174754,174798,173110
3443,1688,51,3,1700,174798,174849,173161
3445,1688,70,2,1700,174849,174919,173231
3446,1689,86,2,1695,174919,175005,173316
3447,1690,65,3,1702,175005,175070,173380
3448,1691,100,2,1698,175070,175170,173479
3449,1692,77,2,1695,175170,175247,173555
3450,1693,91,2,1701,175247,175338,173645
3451,1694,20,1,1711,175338,175358,173664
3452,1694,92,2,1713,175358,175450,173756
3453,1695,71,2,1697,175450,175521,173826
3454,1696,25,2,1710,175521,175546,173850
3456,1697,17,2,1703,175546,175563,173866
3455,1697,57,2,1705,175563,175620,173923
3457,1698,6,3,1703,175620,175626,173928
3459,1698,34,1,1702,175626,175660,173962
3458,1698,35,3,1699,175660,175695,173997
3460,1699,23,3,1712,175695,175718,174019
3461,1699,84,3,1704,175718,175802,174103
3465,1700,7,3,1701,175802,175809,174109
3462,1700,39,2,1717,175809,175848,174148
3463,1700,87,1,1714,175848,175935,174235
3464,1700,90,3,1719,175935,176025,174325
3466,1701,3,3,1718,176025,176028,174327
3467,1702,13,2,1714,176028,176041,174339
3469,1702,35,3,1706,176041,176076,174374
3468,1702,94,3,1711,176076,176170,174468
3470,1703,24,3,1704,176170,176194,174491
3473,1704,45,2,1713,176194,176239,174535
3472,1704,48,1,1712,176239,176287,174583
3471,1704,58,2,1721,176287,176345,174641
3474,1705,76,3,1725,176345,176421,174716
3475,1706,6,2,1722,176421,176427,174721
3476,1707,8,2,1721,176427,176435,174728
3477,1707,60,2,1713,176435,176495,174788
3478,1707,66,1,1714,176495,176561,174854
3479,1707,69,3,1727,176561,176630,174923
3480,1707,71,2,1715,176630,176701,174994
3481,1708,20,2,1714,176701,176721,175013
3482,1708,65,3,1710,176721,176786,175078
3483,1709,93,2,1720,176786,176879,175170
3484,1710,70,1,1729,176879,176949,175239
3486,1711,22,1,1722,176949,176971,175260
3485,1711,94,1,1731,176971,177065,175354
3487,1712,54,2,1719,177065,177119,175407
3488,1713,10,2,1729,177119,177129,175416
3489,1713,53,3,1723,177129,177182,175469
3492,1714,43,3,1732,177182,177225,175511
3491,1714,47,1,1728,177225,177272,175558
3490,1714,79,3,1716,177272,177351,175637
3493,1715,53,1,1716,177351,177404,175689
3494,1716,47,1,1723,177404,177451,175735
3498,1717,4,2,1729,177451,177455,175738
3499,1717,21,2,1734,177455,177476,175759
3496,1717,25,1,1726,177476,177501,175784
3497,1717,57,3,1731,177501,177558,175841
3500,1717,96,3,1719,177558,177654,175937
3495,1717,97,1,1737,177654,177751,176034
3501,1718,54,3,1735,177751,177805,176087
3502,1719,21,3,1735,177805,177826,176107
3503,1720,7,3,1722,177826,177833,176113
3504,1720,79,1,1721,177833,177912,176192
3508,1721,24,3,1739,177912,177936,176215
3509,1721,35,3,1724,177936,177971,176250
3507,1721,38,1,1727,177971,178009,176288
3511,1721,57,1,1740,178009,178066,176345
3512,1721,94,1,1735,178066,178160,176439
3513,1721,95,1,1725,178160,178255,176534
3510,1721,96,3,1728,178255,178351,176630
3505,1721,98,1,1735,178351,178449,176728
3506,1721,98,2,1727,178449,178547,176826
3514,1722,48,1,1735,178547,178595,176873
3515,1723,64,2,1737,178595,178659,176936
3516,1723,97,3,1735,178659,178756,177033
3517,1724,82,1,1742,178756,178838,177114
3518,1725,54,2,1727,178838,178892,177167
3520,1726,24,1,1731,178892,178916,177190
3519,1726,91,1,1736,178916,179007,177281
3521,1727,48,3,1736,179007,179055,177328
3522,1728,56,3,1739,179055,179111,177383
3523,1728,56,1,1736,179111,179167,177439
3525,1729,45,3,1733,179167,179212,177483
3524,1729,75,2,1744,179212,179287,177558
3528,1730,9,2,1735,179287,179296,177566
3526,1730,18,2,1741,179296,179314,177584
3529,1730,23,3,1736,179314,179337,177607
3527,1730,91,1,1737,179337,179428,177698
3532,1731,21,2,1750,179428,179449,177718
3530,1731,29,3,1739,179449,179478,177747
3531,1731,89,1,1743,179478,179567,177836
3533,1732,69,1,1742,179567,179636,177904
3534,1733,35,2,1741,179636,179671,177938
3536,1734,17,1,1744,179671,179688,177954
3537,1734,49,2,1745,179688,179737,178003
3538,1734,71,2,1751,179737,179808,178074
3535,1734,74,2,1753,179808,179882,178148
3540,1735,19,2,1746,179882,179901,178166
3541,1735,43,2,1740,179901,179944,178209
3539,1735,44,3,1743,179944,179988,178253
3542,1736,99,2,1755,179988,180087,178351
3543,1737,17,1,1742,180087,180104,178367
3544,1737,39,3,1739,180104,180143,178406
3546,1738,82,1,1758,180143,180225,178487
3547,1738,82,2,1748,180225,180307,178569
3545,1738,100,1,1757,180307,180407,178669
3548,1739,10,2,1740,180407,180417,178678
3549,1740,70,2,1744,180417,180487,178747
3550,1740,98,1,1742,180487,180585,178845
3551,1741,30,2,1746,180585,180615,178874
3552,1742,49,2,1748,180615,180664,178922
3553,1743,12,1,1750,180664,180676,178933
3554,1743,88,3,1762,180676,180764,179021
3555,1744,90,3,1746,180764,180854,179110
3556,1745,9,2,1762,180854,180863,179118
3557,1745,11,1,1755,180863,180874,179129
3558,1745,38,2,1763,180874,180912,179167
3559,1746,93,1,1764,180912,181005,179259
3560,1747,29,3,1753,181005,181034,179287
3561,1748,36,3,1766,181034,181070,179322
3562,1749,63,2,1754,181070,181133,179384
3564,1750,30,3,1758,181133,181163,179413
3563,1750,76,1,1754,181163,181239,179489
3569,1751,13,3,1760,181239,181252,179501
3570,1751,29,3,1758,181252,181281,179530
3568,1751,38,2,1765,181281,181319,179568
3567,1751,55,2,1771,181319,181374,179623
3565,1751,66,2,1752,181374,181440,179689
3566,1751,78,1,1757,181440,181518,179767
3572,1752,24,2,1754,181518,181542,179790
3571,1752,55,3,1756,181542,181597,179845
3573,1753,77,2,1756,181597,181674,179921
3574,1753,87,3,1766,181674,181761,180008
3575,1754,17,1,1764,181761,181778,180024
3576,1755,17,3,1767,181778,181795,180040
3578,1755,24,2,1761,181795,181819,180064
3577,1755,35,2,1773,181819,181854,180099
3579,1755,48,3,1760,181854,181902,180147
3580,1756,74,1,1769,181902,181976,180220
3586,1757,41,2,1767,181976,182017,180260
3583,1757,60,3,1765,182017,182077,180320
3584,1757,62,2,1766,182077,182139,180382
3582,1757,65,2,1759,182139,182204,180447
3581,1757,76,3,1766,182204,182280,180523
3585,1757,81,3,1772,182280,182361,180604
3587,1758,92,3,1768,182361,182453,180695
3588,1759,72,1,1768,182453,182525,180766
3592,1760,41,1,1779,182525,182566,180806
3591,1760,62,2,1777,182566,182628,180868
3590,1760,88,1,1761,182628,182716,180956
3589,1760,99,2,1770,182716,182815,181055
3594,1761,30,2,1767,182815,182845,181084
3593,1761,36,3,1771,182845,182881,181120
3595,1762,36,3,1774,182881,182917,181155
3597,1763,96,3,1766,182917,183013,181250
3596,1763,100,1,1766,183013,183113,181350
3599,1764,30,1,1775,183113,183143,181379
3598,1764,82,1,1775,183143,183225,181461
3600,1765,10,3,1775,183225,183235,181470
3601,1766,1,3,1768,183235,183236,181470
3602,1766,10,1,1783,183236,183246,181480
3604,1766,54,2,1782,183246,183300,181534
3603,1766,68,1,1783,183300,183368,181602
3606,1767,6,3,1772,183368,183374,181607
3607,1767,13,3,1771,183374,183387,181620
3608,1767,42,1,1786,183387,183429,181662
3605,1767,74,2,1787,183429,183503,181736
3609,1768,59,3,1778,183503,183562,181794
3610,1769,36,3,1783,183562,183598,181829
3611,1770,44,1,1790,183598,183642,181872
3612,1771,51,2,1778,183642,183693,181922
3614,1771,52,3,1786,183693,183745,181974
3613,1771,57,1,1778,183745,183802,182031
3615,1772,33,3,1787,183802,183835,182063
3616,1772,81,3,1792,183835,183916,182144
3617,1772,94,1,1782,183916,184010,182238
3618,1773,93,1,1790,184010,184103,182330
3619,1773,97,3,1791,184103,184200,182427
3620,1774,38,1,1779,184200,184238,182464
3623,1775,6,3,1784,184238,184244,182469
3624,1775,62,2,1776,184244,184306,182531
3621,1775,65,1,1784,184306,184371,182596
3625,1775,74,1,1777,184371,184445,182670
3622,1775,96,2,1794,184445,184541,182766
3626,1776,9,2,1779,184541,184550,182774
3628,1776,24,3,1780,184550,184574,182798
3630,1776,45,1,1795,184574,184619,182843
3627,1776,50,1,1778,184619,184669,182893
3629,1776,81,2,1781,184669,184750,182974
3632,1777,11,1,1788,184750,184761,182984
3633,1777,38,3,1778,184761,184799,183022
3631,1777,41,2,1781,184799,184840,183063
3634,1778,46,3,1798,184840,184886,183108
3635,1779,41,3,1799,184886,184927,183148
3636,1780,63,2,1784,184927,184990,183210
3637,1781,54,2,1786,184990,185044,183263
3640,1782,20,2,1784,185044,185064,183282
3638,1782,43,3,1800,185064,185107,183325
3641,1782,54,2,1800,185107,185161,183379
3643,1782,54,3,1784,185161,185215,183433
3642,1782,56,1,1794,185215,185271,183489
3639,1782,83,3,1785,185271,185354,183572
3644,1783,70,1,1784,185354,185424,183641
3645,1784,73,3,1796,185424,185497,183713
3646,1785,73,2,1799,185497,185570,183785
3647,1786,43,3,1798,185570,185613,183827
3648,1787,49,1,1800,185613,185662,183875
3651,1788,13,2,1805,185662,185675,183887
3650,1788,14,3,1806,185675,185689,183901
3652,1788,47,3,1794,185689,185736,183948
3649,1788,66,1,1790,185736,185802,184014
3653,1788,74,3,1795,185802,185876,184088
3654,1789,53,3,1792,185876,185929,184140
3656,1790,31,3,1802,185929,185960,184170
3655,1790,53,2,1803,185960,186013,184223
3657,1791,49,1,1795,186013,186062,184271
3658,1792,90,3,1794,186062,186152,184360
3659,1793,31,3,1804,186152,186183,184390
3660,1794,5,1,1802,186183,186188,184394
3661,1795,64,1,1803,186188,186252,184457
3662,1796,5,3,1805,186252,186257,184461
3665,1796,17,1,1812,186257,186274,184478
3666,1796,53,3,1801,186274,186327,184531
3663,1796,54,3,1797,186327,186381,184585
3664,1796,99,3,1803,186381,186480,184684
3668,1797,78,1,1805,186480,186558,184761
3667,1797,93,1,1812,186558,186651,184854
3669,1798,11,3,1808,186651,186662,184864
3670,1799,26,3,1812,186662,186688,184889
3671,1799,68,1,1812,186688,186756,184957
3673,1800,38,1,1811,186756,186794,184994
3672,1800,89,2,1802,186794,186883,185083
3674,1801,7,3,1806,186883,186890,185089
3675,1801,30,3,1802,186890,186920,185119
3676,1801,35,1,1820,186920,186955,185154
3677,1802,22,2,1822,186955,186977,185175
3678,1802,72,2,1817,186977,187049,185247
3679,1802,79,3,1818,187049,187128,185326
3682,1803,17,1,1804,187128,187145,185342
3680,1803,61,2,1811,187145,187206,185403
3681,1803,66,3,1818,187206,187272,185469
3684,1804,52,1,1817,187272,187324,185520
3683,1804,85,2,1822,187324,187409,185605
3685,1805,13,3,1818,187409,187422,185617
3686,1805,64,1,1821,187422,187486,185681
3687,1806,32,3,1815,187486,187518,185712
3689,1807,13,2,1825,187518,187531,185724
3688,1807,24,2,1817,187531,187555,185748
3690,1807,80,1,1816,187555,187635,185828
3691,1808,37,2,1810,187635,187672,185864
3692,1809,34,1,1823,187672,187706,185897
3695,1810,25,2,1814,187706,187731,185921
3693,1810,45,3,1818,187731,187776,185966
3694,1810,81,3,1823,187776,187857,186047
3697,1811,46,3,1829,187857,187903,186092
3696,1811,81,1,1828,187903,187984,186173
3698,1812,8,1,1820,187984,187992,186180
3699,1812,49,1,1818,187992,188041,186229
3700,1812,95,2,1813,188041,188136,186324
3702,1813,34,1,1823,188136,188170,186357
3703,1813,35,2,1822,188170,188205,186392
3701,1813,88,2,1824,188205,188293,186480
3704,1814,67,2,1821,188293,188360,186546
3705,1815,54,2,1826,188360,188414,186599
3706,1816,70,1,1835,188414,188484,186668
3707,1817,14,3,1829,188484,188498,186681
3708,1817,26,1,1821,188498,188524,186707
3709,1818,40,1,1829,188524,188564,186746
3710,1818,56,3,1825,188564,188620,186802
3712,1819,21,2,1839,188620,188641,186822
3713,1819,45,2,1835,188641,188686,186867
3711,1819,90,3,1826,188686,188776,186957
3714,1819,93,1,1839,188776,188869,187050
3715,1820,5,2,1825,188869,188874,187054
3716,1821,31,3,1833,188874,188905,187084
3717,1822,42,1,1824,188905,188947,187125
3718,1822,96,3,1831,188947,189043,187221
3719,1823,91,2,1826,189043,189134,187311
3720,1824,66,3,1831,189134,189200,187376
3721,1825,1,3,1832,189200,189201,187376
3722,1826,45,1,1829,189201,189246,187420
3723,1826,75,2,1840,189246,189321,187495
3724,1827,26,1,1845,189321,189347,187520
3725,1827,48,1,1829,189347,189395,187568
3726,1828,11,2,1836,189395,189406,187578
3727,1829,9,1,1841,189406,189415,187586
3728,1830,22,3,1831,189415,189437,187607
3729,1830,69,2,1832,189437,189506,187676
3731,1831,15,1,1837,189506,189521,187690
3733,1831,20,3,1842,189521,189541,187710
3732,1831,31,1,1843,189541,189572,187741
3730,1831,44,2,1843,189572,189616,187785
3734,1831,59,2,1839,189616,189675,187844
3735,1832,38,2,1845,189675,189713,187881
3736,1833,87,1,1851,189713,189800,187967
3740,1834,3,3,1845,189800,189803,187969
3737,1834,19,3,1853,189803,189822,187988
3739,1834,19,3,1854,189822,189841,188007
3738,1834,40,1,1843,189841,189881,188047
3743,1835,23,1,1851,189881,189904,188069
3742,1835,37,2,1851,189904,189941,188106
3741,1835,47,3,1851,189941,189988,188153
3745,1836,62,2,1843,189988,190050,188214
3744,1836,77,1,1852,190050,190127,188291
3748,1837,21,2,1843,190127,190148,188311
3747,1837,29,3,1842,190148,190177,188340
3746,1837,49,2,1838,190177,190226,188389
3749,1838,55,3,1850,190226,190281,188443
3750,1839,55,1,1851,190281,190336,188497
3751,1839,55,2,1850,190336,190391,188552
3752,1840,2,2,1846,190391,190393,188553
3753,1840,27,3,1849,190393,190420,188580
3754,1841,10,3,1861,190420,190430,188589
3757,1841,32,2,1857,190430,190462,188621
3756,1841,43,2,1853,190462,190505,188664
3755,1841,70,1,1860,190505,190575,188734
3759,1842,6,2,1845,190575,190581,188739
3758,1842,36,1,1856,190581,190617,188775
3760,1843,21,1,1845,190617,190638,188795
3761,1843,42,3,1852,190638,190680,188837
3762,1844,62,3,1861,190680,190742,188898
3763,1845,21,2,1854,190742,190763,188918
3764,1846,9,3,1857,190763,190772,188926
3765,1846,87,1,1857,190772,190859,189013
3770,1847,14,3,1860,190859,190873,189026
3769,1847,43,3,1863,190873,190916,189069
3767,1847,55,3,1861,190916,190971,189124
3768,1847,61,2,1859,190971,191032,189185
3766,1847,88,2,1848,191032,191120,189273
3771,1848,47,2,1864,191120,191167,189319
3772,1849,35,2,1868,191167,191202,189353
3773,1850,88,1,1859,191202,191290,189440
3777,1851,2,1,1857,191290,191292,189441
3776,1851,41,2,1868,191292,191333,189482
3778,1851,60,2,1864,191333,191393,189542
3774,1851,73,2,1870,191393,191466,189615
3775,1851,87,1,1854,191466,191553,189702
3780,1852,7,3,1855,191553,191560,189708
3779,1852,19,2,1866,191560,191579,189727
3781,1853,55,2,1860,191579,191634,189781
3782,1854,23,3,1871,191634,191657,189803
3785,1855,6,2,1874,191657,191663,189808
3783,1855,55,1,1861,191663,191718,189863
3784,1855,60,1,1860,191718,191778,189923
3786,1856,31,3,1857,191778,191809,189953
3787,1857,30,3,1861,191809,191839,189982
3788,1857,77,2,1868,191839,191916,190059
3790,1858,48,2,1877,191916,191964,190106
3789,1858,71,3,1862,191964,192035,190177
3791,1858,84,3,1863,192035,192119,190261
3792,1859,81,3,1865,192119,192200,190341
3794,1860,75,1,1876,192200,192275,190415
3793,1860,81,1,1878,192275,192356,190496
3796,1861,1,1,1880,192356,192357,190496
3795,1861,14,3,1870,192357,192371,190510
3797,1862,5,3,1871,192371,192376,190514
3798,1862,96,3,1866,192376,192472,190610
3800,1863,33,3,1868,192472,192505,190642
3801,1863,36,3,1867,192505,192541,190678
3799,1863,98,2,1870,192541,192639,190776
3802,1864,67,2,1883,192639,192706,190842
3803,1865,18,2,1880,192706,192724,190859
3804,1866,5,3,1883,192724,192729,190863
3807,1866,11,3,1883,192729,192740,190874
3808,1866,41,1,1877,192740,192781,190915
3805,1866,42,1,1881,192781,192823,190957
3806,1866,65,2,1870,192823,192888,191022
3809,1867,73,3,1880,192888,192961,191094
3810,1868,89,3,1876,192961,193050,191182
3812,1869,42,2,1883,193050,193092,191223
3811,1869,46,2,1871,193092,193138,191269
3814,1869,46,1,1888,193138,193184,191315
3813,1869,86,3,1879,193184,193270,191401
3815,1869,99,1,1878,193270,193369,191500
3816,1870,76,1,1877,193369,193445,191575
3818,1871,28,1,1879,193445,193473,191602
3817,1871,45,1,1885,193473,193518,191647
3819,1872,12,2,1882,193518,193530,191658
3820,1872,27,2,1878,193530,193557,191685
3821,1873,20,1,1884,193557,193577,191704
3824,1874,30,1,1894,193577,193607,191733
3822,1874,68,1,1882,193607,193675,191801
3823,1874,78,3,1888,193675,193753,191879
3825,1875,51,3,1877,193753,193804,191929
3826,1876,2,3,1877,193804,193806,191930
3828,1876,72,2,1895,193806,193878,192002
3827,1876,91,1,1893,193878,193969,192093
3829,1877,6,1,1888,193969,193975,192098
3830,1877,77,3,1888,193975,194052,192175
3831,1878,55,3,1884,194052,194107,192229
3833,1879,19,1,1895,194107,194126,192247
3834,1879,39,3,1890,194126,194165,192286
3832,1879,72,2,1886,194165,194237,192358
3835,1879,85,1,1896,194237,194322,192443
3836,1880,3,2,1889,194322,194325,192445
3838,1880,37,2,1892,194325,194362,192482
3837,1880,50,1,1896,194362,194412,192532
3839,1881,9,3,1899,194412,194421,192540
3841,1882,1,3,1894,194421,194422,192540
3840,1882,55,1,1885,194422,194477,192595
3842,1883,31,2,1898,194477,194508,192625
3843,1884,50,1,1900,194508,194558,192674
3844,1885,13,2,1897,194558,194571,192686
3845,1886,73,1,1893,194571,194644,192758
3846,1887,21,1,1895,194644,194665,192778
3847,1888,12,2,1908,194665,194677,192789
3848,1889,71,1,1895,194677,194748,192859
3849,1890,32,1,1894,194748,194780,192890
3850,1890,61,1,1901,194780,194841,192951
3851,1891,96,3,1896,194841,194937,193046
3852,1892,62,2,1902,194937,194999,193107
3854,1893,10,2,1902,194999,195009,193116
3853,1893,16,3,1910,195009,195025,193132
3855,1894,72,1,1897,195025,195097,193203
3856,1895,13,3,1903,195097,195110,193215
3857,1895,75,1,1914,195110,195185,193290
3858,1896,29,2,1910,195185,195214,193318
3859,1897,22,3,1902,195214,195236,193339
3861,1898,51,1,1899,195236,195287,193389
3860,1898,75,2,1904,195287,195362,193464
3862,1899,57,2,1900,195362,195419,193520
3863,1900,36,3,1907,195419,195455,193555
3864,1900,75,2,1907,195455,195530,193630
3866,1901,71,2,1903,195530,195601,193700
3865,1901,85,3,1917,195601,195686,193785
3867,1902,54,3,1912,195686,195740,193838
3868,1903,34,2,1908,195740,195774,193871
3869,1904,27,2,1909,195774,195801,193897
3870,1905,10,2,1925,195801,195811,193906
3871,1906,43,1,1908,195811,195854,193948
3873,1906,47,2,1910,195854,195901,193995
3872,1906,68,3,1911,195901,195969,194063
3874,1906,75,2,1915,195969,196044,194138
3875,1907,13,1,1925,196044,196057,194150
3876,1908,88,1,1920,196057,196145,194237
3878,1909,33,3,1928,196145,196178,194269
3877,1909,82,1,1927,196178,196260,194351
3880,1910,39,2,1914,196260,196299,194389
3879,1910,58,2,1928,196299,196357,194447
3881,1911,65,2,1929,196357,196422,194511
3882,1912,14,1,1932,196422,196436,194524
3883,1912,100,1,1922,196436,196536,194624
3884,1913,4,1,1924,196536,196540,194627
3885,1914,9,2,1931,196540,196549,194635
3886,1914,24,2,1929,196549,196573,194659
3887,1915,32,3,1927,196573,196605,194690
3888,1916,73,3,1917,196605,196678,194762
3889,1917,18,1,1924,196678,196696,194779
3890,1918,40,3,1925,196696,196736,194818
3892,1919,12,3,1939,196736,196748,194829
3891,1919,27,1,1929,196748,196775,194856
3894,1919,54,2,1931,196775,196829,194910
3893,1919,58,3,1921,196829,196887,194968
3896,1920,34,1,1922,196887,196921,195001
3895,1920,39,2,1934,196921,196960,195040
3897,1921,13,1,1924,196960,196973,195052
3898,1922,39,3,1923,196973,197012,195090
3899,1923,52,2,1936,197012,197064,195141
3900,1924,87,3,1934,197064,197151,195227
3902,1925,4,1,1934,197151,197155,195230
3904,1925,10,2,1940,197155,197165,195240
3901,1925,43,1,1928,197165,197208,195283
3903,1925,50,3,1943,197208,197258,195333
3905,1926,92,2,1937,197258,197350,195424
3911,1927,9,3,1936,197350,197359,195432
3908,1927,14,2,1938,197359,197373,195446
3906,1927,34,3,1931,197373,197407,195480
3909,1927,63,1,1936,197407,197470,195543
3907,1927,73,3,1929,197470,197543,195616
3910,1927,74,3,1934,197543,197617,195690
3912,1927,82,3,1946,197617,197699,195772
3915,1928,15,3,1933,197699,197714,195786
3913,1928,38,2,1935,197714,197752,195824
3914,1928,82,3,1932,197752,197834,195906
3917,1929,18,3,1932,197834,197852,195923
3916,1929,64,3,1946,197852,197916,195987
3918,1930,47,3,1934,197916,197963,196033
3919,1930,84,2,1942,197963,198047,196117
3920,1931,1,3,1936,198047,198048,196117
3921,1931,75,2,1937,198048,198123,196192
3922,1932,30,3,1944,198123,198153,196221
3926,1933,3,2,1934,198153,198156,196223
3924,1933,42,3,1953,198156,198198,196265
3925,1933,84,3,1946,198198,198282,196349
3923,1933,86,1,1949,198282,198368,196435
3927,1934,51,3,1935,198368,198419,196485
3928,1934,75,2,1938,198419,198494,196560
3929,1935,66,3,1936,198494,198560,196625
3930,1936,33,2,1953,198560,198593,196657
3931,1936,100,3,1938,198593,198693,196757
3932,1937,32,1,1947,198693,198725,196788
3933,1938,58,1,1944,198725,198783,196845
3940,1939,3,1,1941,198783,198786,196847
3935,1939,31,3,1945,198786,198817,196878
3937,1939,41,3,1952,198817,198858,196919
3939,1939,61,1,1943,198858,198919,196980
3936,1939,76,2,1952,198919,198995,197056
3934,1939,85,3,1954,198995,199080,197141
3938,1939,95,1,1955,199080,199175,197236
3941,1939,98,1,1948,199175,199273,197334
3942,1940,92,3,1944,199273,199365,197425
3944,1941,1,2,1954,199365,199366,197425
3943,1941,65,3,1952,199366,199431,197490
3945,1941,78,2,1952,199431,199509,197568
3946,1942,29,2,1943,199509,199538,197596
3949,1942,72,1,1953,199538,199610,197668
3947,1942,87,3,1959,199610,199697,197755
3948,1942,95,1,1962,199697,199792,197850
3950,1943,80,3,1949,199792,199872,197929
3951,1944,37,1,1951,199872,199909,197965
3952,1944,60,1,1962,199909,199969,198025
3953,1945,63,2,1963,199969,200032,198087
3954,1946,99,3,1958,200032,200131,198185
3955,1947,36,3,1966,200131,200167,198220
3956,1947,87,1,1956,200167,200254,198307
3957,1948,49,2,1956,200254,200303,198355
3959,1948,59,3,1967,200303,200362,198414
3958,1948,63,1,1967,200362,200425,198477
3960,1949,4,2,1967,200425,200429,198480
3963,1950,5,1,1957,200429,200434,198484
3961,1950,17,1,1953,200434,200451,198501
3962,1950,90,2,1956,200451,200541,198591
3964,1951,97,1,1963,200541,200638,198687
3965,1952,10,3,1968,200638,200648,198696
3966,1952,27,2,1961,200648,200675,198723
3967,1952,94,1,1968,200675,200769,198817
3968,1953,22,1,1973,200769,200791,198838
3971,1954,2,2,1974,200791,200793,198839
3970,1954,30,3,1973,200793,200823,198869
3969,1954,56,2,1960,200823,200879,198925
3978,1955,5,1,1970,200879,200884,198929
3976,1955,47,3,1964,200884,200931,198976
3974,1955,51,3,1971,200931,200982,199027
3975,1955,56,2,1956,200982,201038,199083
3972,1955,72,3,1958,201038,201110,199155
3979,1955,77,2,1961,201110,201187,199232
3973,1955,97,1,1962,201187,201284,199329
3977,1955,98,1,1965,201284,201382,199427
3980,1956,54,3,1960,201382,201436,199480
3981,1957,99,3,1960,201436,201535,199578
3982,1958,92,2,1978,201535,201627,199669
3983,1958,100,2,1975,201627,201727,199769
3985,1959,3,3,1972,201727,201730,199771
3984,1959,24,3,1969,201730,201754,199795
3987,1959,41,3,1974,201754,201795,199836
3986,1959,90,3,1970,201795,201885,199926
3988,1960,47,3,1969,201885,201932,199972
3989,1961,96,2,1971,201932,202028,200067
3990,1962,13,1,1968,202028,202041,200079
3991,1962,85,2,1970,202041,202126,200164
3997,1963,1,2,1979,202126,202127,200164
3999,1963,5,3,1966,202127,202132,200169
3995,1963,16,3,1976,202132,202148,200185
3996,1963,31,2,1974,202148,202179,200216
3992,1963,63,3,1978,202179,202242,200279
3994,1963,63,3,1965,202242,202305,200342
3993,1963,65,3,1971,202305,202370,200407
3998,1963,80,3,1970,202370,202450,200487
4003,1964,6,2,1975,202450,202456,200492
4000,1964,30,3,1967,202456,202486,200522
4002,1964,34,1,1968,202486,202520,200556
4007,1964,59,3,1973,202520,202579,200615
4001,1964,69,1,1981,202579,202648,200684
4004,1964,70,3,1969,202648,202718,200754
4006,1964,70,3,1978,202718,202788,200824
4005,1964,94,2,1976,202788,202882,200918
4008,1965,73,1,1976,202882,202955,200990
4009,1965,82,2,1978,202955,203037,201072
4010,1966,38,1,1986,203037,203075,201109
4011,1966,71,2,1984,203075,203146,201180
4012,1967,69,2,1975,203146,203215,201248
4013,1968,26,3,1976,203215,203241,201273
4014,1969,15,2,1980,203241,203256,201287
4015,1969,36,2,1985,203256,203292,201323
4016,1970,10,2,1980,203292,203302,201332
4018,1971,86,2,1984,203302,203388,201417
4017,1971,97,3,1986,203388,203485,201514
4019,1972,76,3,1989,203485,203561,201589
4020,1973,26,1,1991,203561,203587,201614
4021,1973,79,2,1976,203587,203666,201693
4023,1974,68,2,1980,203666,203734,201760
4022,1974,87,3,1976,203734,203821,201847
4024,1974,95,1,1984,203821,203916,201942
4025,1975,38,2,1978,203916,203954,201979
4026,1976,82,2,1988,203954,204036,202060
4028,1977,46,2,1989,204036,204082,202105
4027,1977,81,2,1991,204082,204163,202186
4030,1978,47,3,1989,204163,204210,202232
4029,1978,90,2,1991,204210,204300,202322
4032,1979,54,3,1999,204300,204354,202375
4031,1979,84,1,1991,204354,204438,202459
4033,1980,26,1,1983,204438,204464,202484
4035,1981,8,1,1997,204464,204472,202491
4034,1981,86,3,1998,204472,204558,202577
4037,1982,11,3,1990,204558,204569,202587
4036,1982,76,1,1986,204569,204645,202663
4039,1983,13,2,1987,204645,204658,202675
4038,1983,87,1,1988,204658,204745,202762
4040,1984,94,1,1995,204745,204839,202855
4041,1985,57,3,1998,204839,204896,202911
4042,1986,48,1,1999,204896,204944,202958
4043,1987,59,3,1989,204944,205003,203016
4046,1988,76,2,1990,205003,205079,203091
4044,1988,84,2,2005,205079,205163,203175
4047,1988,87,1,2002,205163,205250,203262
4045,1988,95,2,2004,205250,205345,203357
4048,1989,28,3,1990,205345,205373,203384
4050,1990,63,3,2009,205373,205436,203446
4049,1990,84,2,1994,205436,205520,203530
4051,1991,33,3,2006,205520,205553,203562
4052,1991,47,3,2009,205553,205600,203609
4055,1992,18,3,2011,205600,205618,203626
4056,1992,25,2,2005,205618,205643,203651
4053,1992,81,2,1996,205643,205724,203732
4054,1992,84,1,2001,205724,205808,203816
4057,1993,7,1,1995,205808,205815,203822
4058,1994,61,1,2008,205815,205876,203882
4062,1995,5,2,2012,205876,205881,203886
4061,1995,18,2,1997,205881,205899,203904
4059,1995,52,2,1998,205899,205951,203956
4060,1995,93,3,1997,205951,206044,204049
4066,1996,10,3,2012,206044,206054,204058
4065,1996,19,1,1997,206054,206073,204077
4067,1996,28,2,2012,206073,206101,204105
4069,1996,35,2,2001,206101,206136,204140
4071,1996,41,3,2000,206136,206177,204181
4070,1996,45,1,2012,206177,206222,204226
4072,1996,46,3,2014,206222,206268,204272
4063,1996,64,1,2008,206268,206332,204336
4068,1996,76,1,2001,206332,206408,204412
4064,1996,90,3,2011,206408,206498,204502
4075,1997,30,2,2001,206498,206528,204531
4073,1997,33,3,1998,206528,206561,204564
4076,1997,60,3,2011,206561,206621,204624
4074,1997,71,1,1998,206621,206692,204695
4077,1998,71,1,2001,206692,206763,204765
4078,1998,79,1,2002,206763,206842,204844
4079,1999,58,1,2009,206842,206900,204901
4080,2000,27,3,2002,206900,206927,204927
4081,2001,28,3,2010,206927,206955,204954
4082,2001,97,1,2009,206955,207052,205051
4083,2002,42,3,2003,207052,207094,205092
4084,2003,19,2,2011,207094,207113,205110
4085,2003,27,2,2010,207113,207140,205137
4086,2003,55,3,2012,207140,207195,205192
4088,2004,15,1,2012,207195,207210,205206
4087,2004,44,1,2016,207210,207254,205250
4089,2004,86,1,2005,207254,207340,205336
4090,2005,9,2,2012,207340,207349,205344
4093,2005,42,1,2018,207349,207391,205386
4094,2005,60,1,2020,207391,207451,205446
4091,2005,90,1,2024,207451,207541,205536
4092,2005,93,1,2015,207541,207634,205629
4096,2006,76,2,2014,207634,207710,205704
4097,2006,84,2,2018,207710,207794,205788
4095,2006,95,1,2017,207794,207889,205883
4098,2007,85,3,2027,207889,207974,205967
4099,2008,84,1,2027,207974,208058,206050
4101,2009,1,2,2010,208058,208059,206050
4100,2009,84,1,2011,208059,208143,206134
4103,2010,56,1,2018,208143,208199,206189
4102,2010,90,1,2020,208199,208289,206279
4104,2011,70,3,2023,208289,208359,206348
4105,2012,12,3,2032,208359,208371,206359
4106,2013,2,3,2029,208371,208373,206360
4107,2014,66,2,2023,208373,208439,206425
4108,2015,42,1,2024,208439,208481,206466
4114,2016,14,1,2023,208481,208495,206479
4111,2016,15,1,2021,208495,208510,206494
4110,2016,52,3,2025,208510,208562,206546
4112,2016,80,2,2018,208562,208642,206626
4109,2016,91,2,2027,208642,208733,206717
4113,2016,92,1,2017,208733,208825,206809
4115,2017,86,2,2030,208825,208911,206894
4117,2018,61,2,2031,208911,208972,206954
4116,2018,98,2,2021,208972,209070,207052
4118,2019,94,1,2037,209070,209164,207145
4119,2020,30,3,2038,209164,209194,207174
4120,2021,64,2,2030,209194,209258,207237
4121,2021,89,2,2038,209258,209347,207326
4125,2022,26,1,2032,209347,209373,207351
4122,2022,34,3,2032,209373,209407,207385
4123,2022,57,3,2033,209407,209464,207442
4124,2022,100,3,2032,209464,209564,207542
4126,2023,39,1,2032,209564,209603,207580
4127,2023,65,1,2043,209603,209668,207645
4128,2024,7,2,2042,209668,209675,207651
4129,2024,71,2,2033,209675,209746,207722
4130,2025,49,3,2044,209746,209795,207770
4133,2026,18,3,2030,209795,209813,207787
4131,2026,39,3,2036,209813,209852,207826
4132,2026,85,3,2036,209852,209937,207911
4134,2027,26,1,2040,209937,209963,207936
4135,2027,89,3,2043,209963,210052,208025
4136,2028,10,2,2034,210052,210062,208034
4137,2029,45,2,2042,210062,210107,208078
4140,2029,46,3,2033,210107,210153,208124
4138,2029,48,2,2036,210153,210201,208172
4139,2029,55,3,2031,210201,210256,208227
4141,2029,83,1,2031,210256,210339,208310
4142,2030,81,2,2050,210339,210420,208390
4143,2031,44,1,2043,210420,210464,208433
4144,2032,25,1,2041,210464,210489,208457
4145,2033,33,2,2042,210489,210522,208489
4146,2034,49,3,2036,210522,210571,208537
4147,2035,49,1,2043,210571,210620,208585
4148,2036,61,3,2046,210620,210681,208645
4149,2036,91,2,2041,210681,210772,208736
4150,2037,18,2,2054,210772,210790,208753
4151,2038,65,3,2058,210790,210855,208817
4152,2039,93,1,2042,210855,210948,208909
4154,2040,45,1,2059,210948,210993,208953
4153,2040,87,3,2052,210993,211080,209040
4155,2041,23,1,2060,211080,211103,209062
4156,2041,39,1,2048,211103,211142,209101
4157,2041,40,3,2042,211142,211182,209141
4158,2042,4,1,2062,211182,211186,209144
4159,2042,48,3,2059,211186,211234,209192
4160,2043,62,2,2044,211234,211296,209253
4161,2044,12,3,2059,211296,211308,209264
4163,2045,35,3,2048,211308,211343,209298
4162,2045,45,3,2059,211343,211388,209343
4164,2046,1,1,2054,211388,211389,209343
4165,2046,82,2,2060,211389,211471,209425
4166,2047,90,3,2062,211471,211561,209514
4168,2048,71,2,2057,211561,211632,209584
4169,2048,90,1,2049,211632,211722,209674
4167,2048,92,2,2059,211722,211814,209766
4170,2049,88,3,2060,211814,211902,209853
4172,2050,15,1,2066,211902,211917,209867
4174,2050,70,3,2070,211917,211987,209937
4171,2050,72,2,2053,211987,212059,210009
4173,2050,98,1,2065,212059,212157,210107
4175,2051,25,3,2066,212157,212182,210131
4176,2051,65,3,2066,212182,212247,210196
4177,2052,83,2,2068,212247,212330,210278
4178,2053,34,2,2063,212330,212364,210311
4179,2054,29,2,2072,212364,212393,210339
4181,2055,1,3,2075,212393,212394,210339
4180,2055,32,2,2068,212394,212426,210371
4182,2055,58,2,2073,212426,212484,210429
4185,2056,49,1,2072,212484,212533,210477
4183,2056,63,3,2058,212533,212596,210540
4184,2056,64,1,2061,212596,212660,210604
4188,2056,70,3,2073,212660,212730,210674
4186,2056,75,3,2063,212730,212805,210749
4187,2056,96,3,2070,212805,212901,210845
4189,2057,6,3,2067,212901,212907,210850
4190,2057,8,3,2064,212907,212915,210858
4191,2057,52,2,2064,212915,212967,210910
4192,2058,18,3,2059,212967,212985,210927
4193,2059,68,3,2074,212985,213053,210994
4195,2060,1,1,2071,213053,213054,210994
4194,2060,96,1,2065,213054,213150,211090
4197,2061,38,1,2062,213150,213188,211127
4196,2061,69,1,2070,213188,213257,211196
4198,2062,69,3,2069,213257,213326,211264
4200,2063,57,1,2075,213326,213383,211320
4201,2063,76,1,2075,213383,213459,211396
4199,2063,98,1,2064,213459,213557,211494
4202,2064,89,1,2081,213557,213646,211582
4204,2065,35,2,2083,213646,213681,211616
4203,2065,39,2,2067,213681,213720,211655
4205,2066,69,1,2072,213720,213789,211723
4206,2067,38,3,2079,213789,213827,211760
4207,2067,68,1,2076,213827,213895,211828
4208,2068,63,3,2082,213895,213958,211890
4209,2069,13,3,2087,213958,213971,211902
4210,2070,11,1,2083,213971,213982,211912
4211,2071,17,1,2089,213982,213999,211928
4212,2072,74,2,2075,213999,214073,212001
4213,2073,40,3,2075,214073,214113,212040
4214,2074,49,1,2092,214113,214162,212088
4215,2075,59,2,2093,214162,214221,212146
4216,2076,54,2,2085,214221,214275,212199
4217,2077,11,1,2096,214275,214286,212209
4218,2078,89,2,2089,214286,214375,212297
4219,2079,6,2,2096,214375,214381,212302
4221,2080,16,2,2081,214381,214397,212317
4220,2080,92,3,2084,214397,214489,212409
4222,2081,8,3,2086,214489,214497,212416
4223,2081,25,2,2085,214497,214522,212441
4224,2081,90,3,2089,214522,214612,212531
4227,2082,1,2,2083,214612,214613,212531
4228,2082,14,3,2084,214613,214627,212545
4226,2082,31,2,2083,214627,214658,212576
4225,2082,32,1,2084,214658,214690,212608
4229,2082,86,3,2099,214690,214776,212694
4230,2083,54,2,2084,214776,214830,212747
4231,2084,14,3,2097,214830,214844,212760
4232,2085,10,2,2089,214844,214854,212769
4235,2085,57,1,2088,214854,214911,212826
4233,2085,78,1,2100,214911,214989,212904
4236,2085,91,3,2098,214989,215080,212995
4234,2085,96,2,2103,215080,215176,213091
4240,2086,14,2,2102,215176,215190,213104
4238,2086,38,1,2099,215190,215228,213142
4237,2086,57,1,2094,215228,215285,213199
4239,2086,60,2,2098,215285,215345,213259
4241,2087,11,2,2094,215345,215356,213269
4242,2088,40,1,2091,215356,215396,213308
4243,2089,77,3,2094,215396,215473,213384
4244,2090,84,3,2099,215473,215557,213467
4245,2091,78,2,2111,215557,215635,213544
4246,2092,28,1,2094,215635,215663,213571
4247,2092,74,3,2099,215663,215737,213645
4248,2093,44,2,2098,215737,215781,213688
4251,2094,12,2,2106,215781,215793,213699
4249,2094,17,2,2103,215793,215810,213716
4250,2094,62,1,2112,215810,215872,213778
4252,2095,37,1,2109,215872,215909,213814
4253,2096,29,3,2098,215909,215938,213842
4256,2097,26,3,2110,215938,215964,213867
4254,2097,43,3,2106,215964,216007,213910
4255,2097,97,2,2107,216007,216104,214007
4257,2098,23,2,2109,216104,216127,214029
4259,2098,56,2,2118,216127,216183,214085
4258,2098,86,2,2106,216183,216269,214171
4260,2098,96,2,2118,216269,216365,214267
4261,2099,35,3,2117,216365,216400,214301
4263,2100,47,3,2111,216400,216447,214347
4262,2100,84,3,2107,216447,216531,214431
4265,2101,8,3,2108,216531,216539,214438
4264,2101,77,1,2116,216539,216616,214515
4267,2102,4,2,2104,216616,216620,214518
4266,2102,84,3,2116,216620,216704,214602
4268,2103,51,2,2113,216704,216755,214652
4269,2104,58,2,2114,216755,216813,214709
4270,2105,10,1,2107,216813,216823,214718
4271,2106,19,1,2122,216823,216842,214736
4272,2106,34,3,2123,216842,216876,214770
4273,2106,46,2,2107,216876,216922,214816
4275,2107,53,3,2117,216922,216975,214868
4276,2107,78,2,2110,216975,217053,214946
4277,2107,96,1,2114,217053,217149,215042
4274,2107,97,2,2125,217149,217246,215139
4278,2108,43,2,2116,217246,217289,215181
4279,2108,82,2,2114,217289,217371,215263
4280,2108,98,1,2110,217371,217469,215361
4281,2109,13,1,2110,217469,217482,215373
4282,2110,72,1,2116,217482,217554,215444
4283,2111,72,3,2131,217554,217626,215515
4284,2112,8,2,2121,217626,217634,215522
4285,2112,19,2,2114,217634,217653,215541
4287,2113,25,3,2114,217653,217678,215565
4286,2113,85,2,2123,217678,217763,215650
4288,2114,8,1,2132,217763,217771,215657
4289,2114,82,3,2123,217771,217853,215739
4290,2114,99,1,2118,217853,217952,215838
4291,2115,5,1,2122,217952,217957,215842
4292,2115,47,3,2126,217957,218004,215889
4293,2116,76,1,2128,218004,218080,215964
4294,2117,14,3,2123,218080,218094,215977
4295,2118,15,1,2128,218094,218109,215991
4296,2119,9,2,2123,218109,218118,215999
4297,2119,60,1,2129,218118,218178,216059
4300,2120,10,2,2128,218178,218188,216068
4298,2120,25,1,2124,218188,218213,216093
4299,2120,39,3,2140,218213,218252,216132
4301,2121,98,3,2136,218252,218350,216229
4302,2122,78,3,2130,218350,218428,216306
4303,2123,11,2,2138,218428,218439,216316
4304,2124,3,1,2142,218439,218442,216318
4305,2125,54,2,2131,218442,218496,216371
4306,2126,75,1,2141,218496,218571,216445
4307,2127,29,3,2138,218571,218600,216473
4308,2127,47,2,2130,218600,218647,216520
4309,2128,93,1,2146,218647,218740,216612
4314,2129,26,2,2142,218740,218766,216637
4311,2129,34,1,2144,218766,218800,216671
4312,2129,40,2,2149,218800,218840,216711
4310,2129,73,1,2148,218840,218913,216784
4313,2129,89,1,2146,218913,219002,216873
4315,2130,12,2,2145,219002,219014,216884
4316,2130,48,1,2137,219014,219062,216932
4317,2131,1,3,2138,219062,219063,216932
4319,2131,80,1,2150,219063,219143,217012
4318,2131,100,3,2133,219143,219243,217112
4320,2132,13,2,2137,219243,219256,217124
4321,2132,19,3,2134,219256,219275,217143
4322,2132,73,2,2139,219275,219348,217216
4324,2133,15,1,2144,219348,219363,217230
4323,2133,36,3,2143,219363,219399,217266
4326,2134,7,2,2145,219399,219406,217272
4325,2134,53,2,2147,219406,219459,217325
4327,2135,23,3,2138,219459,219482,217347
4328,2135,81,1,2137,219482,219563,217428
4329,2136,39,3,2154,219563,219602,217466
4330,2137,75,2,2141,219602,219677,217540
4331,2138,2,2,2155,219677,219679,217541
4332,2138,58,3,2146,219679,219737,217599
4333,2139,13,1,2143,219737,219750,217611
4334,2139,32,1,2159,219750,219782,217643
4336,2140,23,1,2148,219782,219805,217665
4335,2140,55,1,2144,219805,219860,217720
4337,2141,86,3,2142,219860,219946,217805
4338,2142,44,3,2160,219946,219990,217848
4342,2143,7,1,2145,219990,219997,217854
4341,2143,32,2,2146,219997,220029,217886
4340,2143,35,3,2159,220029,220064,217921
4339,2143,63,2,2148,220064,220127,217984
4343,2144,19,2,2153,220127,220146,218002
4349,2144,23,2,2147,220146,220169,218025
4346,2144,34,1,2146,220169,220203,218059
4347,2144,34,3,2151,220203,220237,218093
4348,2144,34,2,2160,220237,220271,218127
4345,2144,54,1,2153,220271,220325,218181
4344,2144,79,2,2161,220325,220404,218260
4350,2145,23,3,2154,220404,220427,218282
4351,2146,64,2,2156,220427,220491,218345
4352,2147,33,1,2159,220491,220524,218377
4353,2147,35,3,2156,220524,220559,218412
4354,2147,99,3,2157,220559,220658,218511
4356,2148,10,1,2164,220658,220668,218520
4355,2148,23,3,2158,220668,220691,218543
4357,2149,33,3,2154,220691,220724,218575
4359,2150,8,2,2156,220724,220732,218582
4358,2150,76,1,2162,220732,220808,218658
4360,2151,93,1,2168,220808,220901,218750
4361,2152,49,3,2157,220901,220950,218798
4362,2153,2,1,2159,220950,220952,218799
4363,2154,16,1,2163,220952,220968,218814
4364,2154,80,1,2159,220968,221048,218894
4365,2155,71,3,2160,221048,221119,218964
4367,2156,36,3,2164,221119,221155,218999
4366,2156,38,2,2163,221155,221193,219037
4368,2157,39,1,2172,221193,221232,219075
4369,2158,37,1,2163,221232,221269,219111
4371,2159,40,2,2178,221269,221309,219150
4370,2159,83,1,2179,221309,221392,219233
4372,2160,90,2,2171,221392,221482,219322
4373,2161,52,3,2162,221482,221534,219373
4375,2161,83,3,2178,221534,221617,219456
4374,2161,84,3,2177,221617,221701,219540
4376,2161,97,1,2172,221701,221798,219637
4377,2162,22,1,2175,221798,221820,219658
4378,2162,40,1,2169,221820,221860,219698
4379,2162,77,1,2166,221860,221937,219775
4380,2163,48,1,2171,221937,221985,219822
4381,2163,97,2,2169,221985,222082,219919
4382,2164,69,2,2179,222082,222151,219987
4383,2165,5,1,2175,222151,222156,219991
4385,2166,35,2,2186,222156,222191,220025
4386,2166,71,1,2170,222191,222262,220096
4384,2166,80,1,2176,222262,222342,220176
4387,2167,40,2,2175,222342,222382,220215
4389,2168,2,3,2186,222382,222384,220216
4388,2168,67,1,2177,222384,222451,220283
4390,2169,8,1,2174,222451,222459,220290
4391,2169,94,2,2183,222459,222553,220384
4392,2170,28,3,2190,222553,222581,220411
4394,2171,4,2,2182,222581,222585,220414
4393,2171,96,2,2191,222585,222681,220510
4395,2172,24,1,2175,222681,222705,220533
4396,2173,89,3,2176,222705,222794,220621
4397,2174,10,2,2185,222794,222804,220630
4398,2175,16,3,2194,222804,222820,220645
4399,2176,11,3,2178,222820,222831,220655
4400,2176,76,2,2181,222831,222907,220731
4401,2177,43,3,2190,222907,222950,220773
4402,2178,11,2,2195,222950,222961,220783
4403,2178,11,2,2190,222961,222972,220794
4405,2179,23,1,2197,222972,222995,220816
4406,2179,33,2,2187,222995,223028,220849
4404,2179,35,2,2199,223028,223063,220884
4407,2179,73,1,2182,223063,223136,220957
4408,2180,60,1,2181,223136,223196,221016
4410,2180,62,1,2190,223196,223258,221078
4409,2180,95,3,2181,223258,223353,221173
4411,2181,40,1,2183,223353,223393,221212
4412,2182,47,1,2192,223393,223440,221258
4413,2183,46,2,2186,223440,223486,221303
4414,2184,6,1,2202,223486,223492,221308
4415,2184,37,2,2196,223492,223529,221345
4416,2185,60,1,2197,223529,223589,221404
4417,2186,7,2,2192,223589,223596,221410
4418,2187,74,2,2198,223596,223670,221483
4419,2188,27,3,2194,223670,223697,221509
4420,2189,86,2,2202,223697,223783,221594
4421,2190,76,3,2199,223783,223859,221669
4422,2191,2,3,2202,223859,223861,221670
4423,2191,90,1,2195,223861,223951,221760
4424,2192,6,3,2195,223951,223957,221765
4425,2192,73,3,2211,223957,224030,221838
4426,2193,4,2,2196,224030,224034,221841
4427,2193,55,1,2201,224034,224089,221896
4429,2194,17,1,2202,224089,224106,221912
4428,2194,30,3,2195,224106,224136,221942
4430,2194,48,2,2210,224136,224184,221990
4431,2195,88,1,2204,224184,224272,222077
4432,2196,97,3,2216,224272,224369,222173
4433,2197,25,3,2202,224369,224394,222197
4434,2198,12,1,2210,224394,224406,222208
4435,2198,91,1,2208,224406,224497,222299
4436,2199,47,3,2204,224497,224544,222345
4437,2200,77,1,2204,224544,224621,222421
4438,2201,6,2,2215,224621,224627,222426
4439,2201,25,1,2217,224627,224652,222451
4440,2202,87,1,2205,224652,224739,222537
4441,2203,15,2,2214,224739,224754,222551
4442,2204,4,2,2222,224754,224758,222554
4443,2205,11,3,2218,224758,224769,222564
4444,2205,30,2,2215,224769,224799,222594
4445,2205,40,2,2213,224799,224839,222634
4447,2205,63,3,2214,224839,224902,222697
4446,2205,77,1,2218,224902,224979,222774
4448,2206,62,3,2218,224979,225041,222835
4449,2207,57,1,2216,225041,225098,222891
4450,2208,60,3,2216,225098,225158,222950
4451,2209,20,1,2210,225158,225178,222969
4452,2210,22,1,2222,225178,225200,222990
4453,2211,30,1,2214,225200,225230,223019
4456,2212,14,1,2231,225230,225244,223032
4455,2212,85,2,2226,225244,225329,223117
4454,2212,94,1,2223,225329,225423,223211
4457,2213,31,3,2232,225423,225454,223241
4458,2214,82,2,2215,225454,225536,223322
4459,2215,18,2,2227,225536,225554,223339
4460,2216,6,2,2226,225554,225560,223344
4461,2216,51,1,2233,225560,225611,223395
4462,2216,61,1,2228,225611,225672,223456
4463,2217,60,1,2227,225672,225732,223515
4464,2218,2,2,2227,225732,225734,223516
4466,2219,72,1,2225,225734,225806,223587
4465,2219,85,3,2226,225806,225891,223672
4467,2220,14,1,2229,225891,225905,223685
4468,2221,74,3,2231,225905,225979,223758
4469,2222,75,3,2238,225979,226054,223832
4470,2223,40,2,2229,226054,226094,223871
4471,2224,75,2,2242,226094,226169,223945
4473,2225,48,1,2235,226169,226217,223992
4472,2225,83,3,2235,226217,226300,224075
4474,2226,14,2,2246,226300,226314,224088
4475,2227,92,2,2229,226314,226406,224179
4476,2228,49,1,2230,226406,226455,224227
4477,2229,79,2,2245,226455,226534,224305
4481,2230,6,2,2244,226534,226540,224310
4478,2230,13,3,2235,226540,226553,224323
4479,2230,34,2,2244,226553,226587,224357
4480,2230,58,2,2247,226587,226645,224415
4482,2231,91,3,2239,226645,226736,224505
4483,2232,70,1,2234,226736,226806,224574
4484,2233,55,3,2248,226806,226861,224628
4485,2234,48,3,2248,226861,226909,224675
4487,2235,2,1,2240,226909,226911,224676
4486,2235,50,2,2252,226911,226961,224726
4489,2236,71,3,2251,226961,227032,224796
4488,2236,78,3,2252,227032,227110,224874
4490,2237,59,3,2251,227110,227169,224932
4491,2238,90,2,2244,227169,227259,225021
4492,2239,27,3,2259,227259,227286,225047
4494,2239,40,1,2249,227286,227326,225087
4493,2239,53,3,2256,227326,227379,225140
4495,2240,10,3,2249,227379,227389,225149
4496,2240,64,3,2251,227389,227453,225213
4497,2241,6,1,2243,227453,227459,225218
4499,2241,68,1,2242,227459,227527,225286
4498,2241,73,1,2242,227527,227600,225359
4500,2242,42,3,2256,227600,227642,225400
4501,2242,63,2,2249,227642,227705,225463
4502,2242,90,1,2259,227705,227795,225553
4507,2243,16,2,2261,227795,227811,225568
4509,2243,26,3,2252,227811,227837,225594
4505,2243,41,3,2260,227837,227878,225635
4503,2243,48,1,2261,227878,227926,225683
4508,2243,59,3,2246,227926,227985,225742
4506,2243,86,3,2259,227985,228071,225828
4504,2243,96,2,2263,228071,228167,225924
4510,2244,10,3,2252,228167,228177,225933
4512,2244,30,2,2246,228177,228207,225963
4511,2244,69,2,2259,228207,228276,226032
4513,2245,33,1,2246,228276,228309,226064
4514,2246,27,3,2247,228309,228336,226090
4515,2247,39,2,2263,228336,228375,226128
4516,2248,89,2,2267,228375,228464,226216
4517,2249,80,3,2262,228464,228544,226295
4518,2250,89,3,2264,228544,228633,226383
4519,2251,15,1,2257,228633,228648,226397
4520,2252,65,3,2257,228648,228713,226461
4521,2252,96,2,2253,228713,228809,226557
4522,2253,8,2,2270,228809,228817,226564
4523,2253,32,2,2267,228817,228849,226596
4524,2253,60,2,2268,228849,228909,226656
4525,2254,10,1,2260,228909,228919,226665
4526,2254,84,1,2257,228919,229003,226749
4528,2255,24,1,2271,229003,229027,226772
4527,2255,26,1,2256,229027,229053,226798
4529,2255,53,3,2261,229053,229106,226851
4530,2255,90,2,2259,229106,229196,226941
4531,2256,64,3,2274,229196,229260,227004
4532,2257,44,1,2258,229260,229304,227047
4533,2258,43,1,2264,229304,229347,227089
4534,2259,65,2,2262,229347,229412,227153
4535,2260,9,1,2268,229412,229421,227161
4536,2261,41,3,2276,229421,229462,227201
4538,2261,42,2,2276,229462,229504,227243
4537,2261,62,1,2280,229504,229566,227305
4542,2262,8,1,2281,229566,229574,227312
4544,2262,43,1,2276,229574,229617,227355
4540,2262,49,2,2281,229617,229666,227404
4539,2262,53,1,2264,229666,229719,227457
4543,2262,65,2,2281,229719,229784,227522
4547,2262,70,3,2279,229784,229854,227592
4545,2262,75,1,2275,229854,229929,227667
4541,2262,86,2,2265,229929,230015,227753
4548,2262,93,1,2267,230015,230108,227846
4546,2262,98,3,2268,230108,230206,227944
4549,2263,19,2,2276,230206,230225,227962
4551,2263,46,3,2276,230225,230271,228008
4550,2263,73,2,2269,230271,230344,228081
4552,2264,44,3,2271,230344,230388,228124
4553,2264,96,1,2273,230388,230484,228220
4555,2265,15,3,2284,230484,230499,228234
4554,2265,99,2,2271,230499,230598,228333
4556,2266,28,2,2285,230598,230626,228360
4558,2267,73,3,2286,230626,230699,228432
4559,2267,91,3,2282,230699,230790,228523
4557,2267,98,2,2274,230790,230888,228621
4560,2268,43,2,2286,230888,230931,228663
4561,2269,43,1,2276,230931,230974,228705
4562,2270,59,1,2286,230974,231033,228763
4563,2271,33,1,2276,231033,231066,228795
4564,2271,34,1,2290,231066,231100,228829
4566,2272,31,1,2276,231100,231131,228859
4565,2272,78,2,2278,231131,231209,228937
4568,2273,16,1,2278,231209,231225,228952
4567,2273,67,1,2280,231225,231292,229019
4572,2274,6,2,2287,231292,231298,229024
4570,2274,62,2,2276,231298,231360,229086
4571,2274,92,1,2275,231360,231452,229178
4569,2274,97,2,2287,231452,231549,229275
4573,2275,8,3,2283,231549,231557,229282
4574,2275,84,3,2289,231557,231641,229366
4575,2276,64,2,2280,231641,231705,229429
4576,2277,71,3,2284,231705,231776,229499
4577,2278,54,2,2289,231776,231830,229552
4578,2279,76,2,2292,231830,231906,229627
4579,2280,28,3,2286,231906,231934,229654
4581,2281,1,3,2289,231934,231935,229654
4580,2281,95,1,2284,231935,232030,229749
4582,2282,68,2,2290,232030,232098,229816
4583,2283,26,3,2298,232098,232124,229841
4584,2284,21,3,2302,232124,232145,229861
4585,2285,6,3,2292,232145,232151,229866
4586,2286,79,1,2299,232151,232230,229944
4587,2287,82,2,2298,232230,232312,230025
4588,2288,61,3,2289,232312,232373,230085
4589,2289,71,1,2291,232373,232444,230155
4590,2290,30,3,2306,232444,232474,230184
4591,2291,100,1,2300,232474,232574,230283
4592,2292,8,2,2293,232574,232582,230290
4593,2293,48,2,2309,232582,232630,230337
4594,2294,22,1,2305,232630,232652,230358
4595,2295,13,3,2313,232652,232665,230370
4596,2295,55,3,2315,232665,232720,230425
4597,2296,20,1,2306,232720,232740,230444
4600,2297,11,1,2317,232740,232751,230454
4601,2297,38,2,2313,232751,232789,230492
4599,2297,45,1,2317,232789,232834,230537
4598,2297,91,2,2313,232834,232925,230628
4602,2298,97,1,2313,232925,233022,230724
4603,2299,95,1,2314,233022,233117,230818
4606,2300,6,1,2302,233117,233123,230823
4607,2300,18,3,2306,233123,233141,230841
4604,2300,19,3,2312,233141,233160,230860
4608,2300,37,3,2305,233160,233197,230897
4605,2300,49,1,2305,233197,233246,230946
4609,2300,72,2,2316,233246,233318,231018
4610,2301,18,3,2305,233318,233336,231035
4612,2302,48,3,2319,233336,233384,231082
4611,2302,97,3,2305,233384,233481,231179
4613,2302,98,2,2318,233481,233579,231277
4614,2303,49,1,2309,233579,233628,231325
4615,2304,65,3,2317,233628,233693,231389
4618,2305,5,2,2311,233693,233698,231393
4616,2305,8,3,2314,233698,233706,231401
4619,2305,9,3,2313,233706,233715,231410
4617,2305,77,2,2316,233715,233792,231487
4621,2306,6,1,2309,233792,233798,231492
4620,2306,69,2,2316,233798,233867,231561
4622,2307,10,1,2314,233867,233877,231570
4624,2307,34,1,2325,233877,233911,231604
4623,2307,80,1,2323,233911,233991,231684
4625,2308,25,2,2320,233991,234016,231708
4626,2309,91,2,2323,234016,234107,231798
4627,2310,21,2,2329,234107,234128,231818
4629,2310,23,3,2315,234128,234151,231841
4628,2310,26,2,2312,234151,234177,231867
4630,2311,11,2,2319,234177,234188,231877
4631,2312,96,2,2318,234188,234284,231972
4632,2313,86,3,2322,234284,234370,232057
4633,2313,94,1,2315,234370,234464,232151
4634,2314,5,2,2318,234464,234469,232155
4635,2315,43,2,2329,234469,234512,232197
4638,2316,44,3,2324,234512,234556,232240
4636,2316,82,2,2330,234556,234638,232322
4637,2316,87,2,2333,234638,234725,232409
4640,2317,28,2,2326,234725,234753,232436
4639,2317,60,2,2336,234753,234813,232496
4641,2317,61,2,2328,234813,234874,232557
4642,2318,58,3,2324,234874,234932,232614
4644,2319,26,1,2321,234932,234958,232639
4643,2319,57,1,2321,234958,235015,232696
4645,2319,76,2,2322,235015,235091,232772
4646,2320,3,3,2324,235091,235094,232774
4647,2321,2,3,2329,235094,235096,232775
4648,2321,89,3,2328,235096,235185,232864
4649,2322,11,3,2338,235185,235196,232874
4650,2323,63,3,2330,235196,235259,232936
4652,2324,18,1,2338,235259,235277,232953
4653,2324,21,3,2329,235277,235298,232974
4651,2324,38,2,2338,235298,235336,233012
4654,2325,27,2,2332,235336,235363,233038
4655,2325,68,1,2343,235363,235431,233106
4657,2326,23,1,2345,235431,235454,233128
4656,2326,87,2,2335,235454,235541,233215
4658,2326,95,3,2335,235541,235636,233310
4659,2327,36,2,2345,235636,235672,233345
4660,2328,21,3,2343,235672,235693,233365
4661,2328,65,2,2346,235693,235758,233430
4662,2329,88,1,2334,235758,235846,233517
4663,2330,10,1,2337,235846,235856,233526
4664,2331,39,1,2340,235856,235895,233564
4666,2332,9,2,2345,235895,235904,233572
4667,2332,49,3,2352,235904,235953,233621
4665,2332,68,3,2335,235953,236021,233689
4668,2333,81,2,2347,236021,236102,233769
4669,2334,56,2,2340,236102,236158,233824
4670,2335,41,2,2342,236158,236199,233864
4674,2336,12,2,2347,236199,236211,233875
4677,2336,15,1,2350,236211,236226,233890
4675,2336,62,2,2341,236226,236288,233952
4673,2336,66,2,2344,236288,236354,234018
4672,2336,69,1,2343,236354,236423,234087
4671,2336,93,1,2352,236423,236516,234180
4676,2336,99,1,2343,236516,236615,234279
4678,2337,8,3,2348,236615,236623,234286
4679,2337,44,1,2338,236623,236667,234330
4680,2337,49,3,2345,236667,236716,234379
4681,2338,44,3,2346,236716,236760,234422
4682,2339,34,2,2348,236760,236794,234455
4683,2340,15,3,2360,236794,236809,234469
4688,2340,65,2,2359,236809,236874,234534
4687,2340,78,1,2356,236874,236952,234612
4684,2340,80,1,2349,236952,237032,234692
4686,2340,94,3,2349,237032,237126,234786
4685,2340,99,2,2360,237126,237225,234885
4689,2341,51,1,2351,237225,237276,234935
4690,2342,67,2,2350,237276,237343,235001
4691,2343,7,1,2359,237343,237350,235007
4692,2344,82,2,2349,237350,237432,235088
4693,2345,54,2,2354,237432,237486,235141
4694,2346,18,2,2357,237486,237504,235158
4695,2346,49,3,2355,237504,237553,235207
4696,2347,31,3,2365,237553,237584,235237
4697,2347,72,3,2350,237584,237656,235309
4699,2348,90,3,2366,237656,237746,235398
4698,2348,92,3,2363,237746,237838,235490
4700,2349,10,2,2368,237838,237848,235499
4701,2350,41,3,2364,237848,237889,235539
4702,2350,83,1,2354,237889,237972,235622
4703,2351,10,1,2352,237972,237982,235631
4709,2352,23,3,2372,237982,238005,235653
4707,2352,30,2,2363,238005,238035,235683
4706,2352,46,2,2358,238035,238081,235729
4704,2352,54,1,2354,238081,238135,235783
4705,2352,67,1,2362,238135,238202,235850
4708,2352,96,2,2356,238202,238298,235946
4710,2353,47,2,2354,238298,238345,235992
4712,2354,18,3,2363,238345,238363,236009
4711,2354,94,3,2357,238363,238457,236103
4714,2355,91,2,2359,238457,238548,236193
4713,2355,95,1,2366,238548,238643,236288
4715,2355,97,3,2366,238643,238740,236385
4717,2356,8,2,2357,238740,238748,236392
4716,2356,16,1,2372,238748,238764,236408
4718,2356,24,1,2373,238764,238788,236432
4720,2356,44,3,2373,238788,238832,236476
4719,2356,87,1,2373,238832,238919,236563
4721,2357,53,1,2369,238919,238972,236615
4722,2358,47,3,2360,238972,239019,236661
4723,2359,22,2,2365,239019,239041,236682
4724,2360,14,3,2364,239041,239055,236695
4726,2360,42,1,2368,239055,239097,236737
4725,2360,65,3,2362,239097,239162,236802
4727,2361,59,2,2362,239162,239221,236860
4728,2362,57,2,2366,239221,239278,236916
4729,2363,97,3,2382,239278,239375,237012
4731,2364,2,3,2378,239375,239377,237013
4730,2364,18,2,2370,239377,239395,237031
4732,2365,71,2,2384,239395,239466,237101
4739,2366,7,2,2368,239466,239473,237107
4736,2366,12,1,2372,239473,239485,237119
4735,2366,22,2,2373,239485,239507,237141
4734,2366,40,2,2377,239507,239547,237181
4738,2366,40,2,2373,239547,239587,237221
4733,2366,57,2,2384,239587,239644,237278
4737,2366,68,2,2385,239644,239712,237346
4740,2367,33,2,2384,239712,239745,237378
4741,2367,66,3,2377,239745,239811,237444
4742,2368,15,1,2375,239811,239826,237458
4743,2368,19,2,2376,239826,239845,237477
4744,2369,75,3,2376,239845,239920,237551
4746,2370,66,1,2372,239920,239986,237616
4745,2370,76,2,2379,239986,240062,237692
4747,2371,1,1,2377,240062,240063,237692
4748,2372,59,1,2378,240063,240122,237750
4750,2373,20,2,2390,240122,240142,237769
4749,2373,33,1,2384,240142,240175,237802
4751,2374,58,3,2388,240175,240233,237859
4752,2374,84,1,2384,240233,240317,237943
4753,2375,51,1,2383,240317,240368,237993
4757,2376,48,3,2386,240368,240416,238040
4758,2376,55,1,2392,240416,240471,238095
4755,2376,69,2,2384,240471,240540,238164
4754,2376,79,2,2379,240540,240619,238243
4756,2376,79,2,2395,240619,240698,238322
4759,2377,41,1,2389,240698,240739,238362
4760,2378,95,1,2387,240739,240834,238456
4762,2379,52,3,2396,240834,240886,238507
4761,2379,65,2,2397,240886,240951,238572
4763,2380,45,3,2398,240951,240996,238616
4764,2381,15,1,2398,240996,241011,238630
4767,2382,12,3,2390,241011,241023,238641
4765,2382,23,3,2388,241023,241046,238664
4766,2382,84,2,2387,241046,241130,238748
4769,2383,13,2,2387,241130,241143,238760
4768,2383,64,1,2397,241143,241207,238824
4770,2384,46,1,2394,241207,241253,238869
4771,2384,51,3,2389,241253,241304,238920
4772,2385,27,1,2390,241304,241331,238946
4773,2386,56,3,2390,241331,241387,239001
4774,2387,14,3,2394,241387,241401,239014
4777,2388,9,1,2397,241401,241410,239022
4775,2388,28,1,2398,241410,241438,239050
4778,2388,47,2,2398,241438,241485,239097
4776,2388,80,3,2394,241485,241565,239177
4779,2389,40,2,2406,241565,241605,239216
4780,2390,87,1,2391,241605,241692,239302
4781,2391,44,3,2392,241692,241736,239345
4782,2392,53,3,2398,241736,241789,239397
4783,2392,100,1,2400,241789,241889,239497
4784,2393,100,2,2405,241889,241989,239596
4785,2394,73,1,2398,241989,242062,239668
4786,2395,58,1,2407,242062,242120,239725
4788,2396,18,3,2400,242120,242138,239742
4787,2396,43,1,2400,242138,242181,239785
4789,2397,23,2,2410,242181,242204,239807
4791,2397,72,2,2414,242204,242276,239879
4792,2397,95,3,2403,242276,242371,239974
4790,2397,99,2,2408,242371,242470,240073
4793,2398,91,2,2416,242470,242561,240163
4794,2399,61,3,2400,242561,242622,240223
4796,2399,82,1,2400,242622,242704,240305
4795,2399,85,3,2409,242704,242789,240390
4797,2400,23,1,2413,242789,242812,240412
4799,2401,65,3,2412,242812,242877,240476
4798,2401,87,3,2412,242877,242964,240563
4800,2402,12,2,2407,242964,242976,240574
4803,2402,30,1,2410,242976,243006,240604
4801,2402,31,1,2416,243006,243037,240635
4802,2402,40,3,2413,243037,243077,240675
4804,2402,71,2,2406,243077,243148,240746
4806,2403,15,1,2418,243148,243163,240760
4808,2403,23,2,2411,243163,243186,240783
4807,2403,49,1,2410,243186,243235,240832
4805,2403,94,1,2420,243235,243329,240926
4809,2404,29,3,2416,243329,243358,240954
4810,2404,79,3,2420,243358,243437,241033
4811,2405,7,1,2414,243437,243444,241039
4812,2405,85,3,2409,243444,243529,241124
4813,2406,43,1,2413,243529,243572,241166
4814,2407,65,2,2409,243572,243637,241230
4815,2408,6,3,2418,243637,243643,241235
4818,2409,17,1,2425,243643,243660,241251
4816,2409,30,3,2426,243660,243690,241281
4817,2409,90,1,2413,243690,243780,241371
4820,2410,6,2,2424,243780,243786,241376
4819,2410,86,2,2426,243786,243872,241462
4821,2411,10,1,2415,243872,243882,241471
4822,2412,34,2,2424,243882,243916,241504
4824,2412,45,3,2419,243916,243961,241549
4823,2412,91,2,2431,243961,244052,241640
4825,2413,60,2,2430,244052,244112,241699
4827,2413,73,2,2427,244112,244185,241772
4826,2413,92,1,2420,244185,244277,241864
4828,2414,40,2,2425,244277,244317,241903
4829,2415,33,3,2431,244317,244350,241935
4830,2416,98,1,2426,244350,244448,242032
4832,2417,10,2,2422,244448,244458,242041
4831,2417,36,2,2428,244458,244494,242077
4833,2417,96,3,2426,244494,244590,242173
4834,2418,36,2,2436,244590,244626,242208
4835,2418,75,2,2428,244626,244701,242283
4836,2419,37,2,2427,244701,244738,242319
4837,2419,98,1,2438,244738,244836,242417
4840,2420,40,3,2438,244836,244876,242456
4839,2420,60,1,2424,244876,244936,242516
4838,2420,71,3,2427,244936,245007,242587
4841,2420,71,3,2430,245007,245078,242658
4843,2421,8,3,2434,245078,245086,242665
4845,2421,35,1,2433,245086,245121,242700
4844,2421,37,3,2425,245121,245158,242737
4842,2421,45,1,2438,245158,245203,242782
4846,2422,45,2,2428,245203,245248,242826
4847,2423,20,2,2441,245248,245268,242845
4849,2423,21,2,2443,245268,245289,242866
4848,2423,42,3,2431,245289,245331,242908
4850,2424,65,2,2441,245331,245396,242972
4851,2425,74,2,2437,245396,245470,243045
4853,2426,25,1,2443,245470,245495,243069
4852,2426,34,2,2432,245495,245529,243103
4854,2427,21,2,2437,245529,245550,243123
4855,2428,68,1,2431,245550,245618,243190
4856,2428,88,2,2432,245618,245706,243278
4858,2429,79,1,2442,245706,245785,243356
4857,2429,100,3,2432,245785,245885,243456
4859,2430,12,1,2449,245885,245897,243467
4860,2431,16,2,2445,245897,245913,243482
4861,2432,90,1,2451,245913,246003,243571
4863,2433,32,2,2434,246003,246035,243602
4862,2433,95,3,2444,246035,246130,243697
4864,2434,56,2,2454,246130,246186,243752
4865,2435,74,1,2454,246186,246260,243825
4866,2436,95,3,2449,246260,246355,243919
4870,2437,15,3,2454,246355,246370,243933
4867,2437,54,1,2440,246370,246424,243987
4869,2437,92,2,2448,246424,246516,244079
4868,2437,99,1,2452,246516,246615,244178
4871,2438,81,2,2456,246615,246696,244258
4872,2438,89,1,2442,246696,246785,244347
4874,2439,57,2,2446,246785,246842,244403
4873,2439,70,2,2449,246842,246912,244473
4876,2440,29,1,2456,246912,246941,244501
4875,2440,35,2,2445,246941,246976,244536
4877,2441,21,3,2448,246976,246997,244556
4879,2441,22,2,2445,246997,247019,244578
4878,2441,82,3,2456,247019,247101,244660
4880,2442,78,2,2455,247101,247179,244737
4881,2443,83,1,2461,247179,247262,244819
4882,2444,70,3,2456,247262,247332,244888
4884,2445,10,3,2449,247332,247342,244897
4883,2445,14,2,2446,247342,247356,244911
4886,2446,87,1,2455,247356,247443,244997
4885,2446,100,2,2454,247443,247543,245097
4887,2447,89,2,2463,247543,247632,245185
4888,2448,95,2,2451,247632,247727,245279
4889,2449,4,1,2455,247727,247731,245282
4891,2449,19,3,2465,247731,247750,245301
4890,2449,41,2,2457,247750,247791,245342
4892,2450,26,1,2460,247791,247817,245367
4899,2451,1,2,2464,247817,247818,245367
4902,2451,1,2,2454,247818,247819,245368
4901,2451,8,2,2457,247819,247827,245376
4900,2451,17,3,2453,247827,247844,245393
4898,2451,29,1,2470,247844,247873,245422
4895,2451,49,1,2467,247873,247922,245471
4896,2451,54,2,2470,247922,247976,245525
4905,2451,58,2,2453,247976,248034,245583
4906,2451,68,1,2455,248034,248102,245651
4894,2451,77,1,2469,248102,248179,245728
4907,2451,82,2,2452,248179,248261,245810
4904,2451,87,2,2465,248261,248348,245897
4897,2451,89,1,2459,248348,248437,245986
4903,2451,89,2,2464,248437,248526,246075
4893,2451,99,3,2454,248526,248625,246174
4908,2452,84,1,2464,248625,248709,246257
4909,2453,48,2,2468,248709,248757,246304
4910,2454,51,1,2468,248757,248808,246354
4911,2454,84,3,2462,248808,248892,246438
4912,2455,36,1,2471,248892,248928,246473
4913,2455,66,1,2459,248928,248994,246539
4916,2456,9,2,2474,248994,249003,246547
4914,2456,20,1,2457,249003,249023,246567
4917,2456,40,2,2472,249023,249063,246607
4915,2456,45,3,2476,249063,249108,246652
4918,2456,94,3,2460,249108,249202,246746
4919,2457,61,3,2474,249202,249263,246806
4920,2458,49,1,2462,249263,249312,246854
4922,2459,7,1,2467,249312,249319,246860
4921,2459,14,2,2476,249319,249333,246874
4924,2460,6,3,2470,249333,249339,246879
4925,2460,20,3,2477,249339,249359,246899
4923,2460,68,1,2477,249359,249427,246967
4927,2461,16,1,2480,249427,249443,246982
4926,2461,53,1,2470,249443,249496,247035
4928,2462,88,3,2467,249496,249584,247122
4930,2463,18,3,2483,249584,249602,247139
4929,2463,31,1,2467,249602,249633,247170
4931,2463,44,2,2473,249633,249677,247214
4932,2464,12,1,2476,249677,249689,247225
4933,2465,22,1,2480,249689,249711,247246
4934,2466,65,2,2472,249711,249776,247310
4935,2467,28,1,2487,249776,249804,247337
4936,2467,89,2,2471,249804,249893,247426
4939,2468,20,3,2480,249893,249913,247445
4937,2468,46,1,2480,249913,249959,247491
4938,2468,56,1,2471,249959,250015,247547
4940,2469,92,2,2470,250015,250107,247638
4941,2470,24,3,2482,250107,250131,247661
4942,2471,21,3,2485,250131,250152,247681
4945,2472,20,3,2481,250152,250172,247700
4944,2472,26,2,2492,250172,250198,247726
4943,2472,70,3,2492,250198,250268,247796
4947,2473,88,3,2492,250268,250356,247883
4946,2473,91,1,2486,250356,250447,247974
4948,2474,2,1,2475,250447,250449,247975
4950,2474,64,2,2480,250449,250513,248039
4949,2474,94,2,2490,250513,250607,248133
4951,2475,22,2,2489,250607,250629,248154
4952,2476,65,3,2480,250629,250694,248218
4953,2477,41,1,2483,250694,250735,248258
4955,2478,6,3,2479,250735,250741,248263
4956,2478,25,3,2489,250741,250766,248288
4954,2478,53,3,2479,250766,250819,248341
4957,2479,57,2,2490,250819,250876,248397
4959,2480,23,3,2493,250876,250899,248419
4960,2480,48,3,2496,250899,250947,248467
4958,2480,95,1,2483,250947,251042,248562
4961,2481,5,1,2484,251042,251047,248566
4962,2482,45,1,2487,251047,251092,248610
4964,2483,30,3,2501,251092,251122,248639
4963,2483,87,1,2497,251122,251209,248726
4965,2483,95,3,2497,251209,251304,248821
4966,2483,95,3,2495,251304,251399,248916
4967,2484,85,3,2487,251399,251484,249000
4968,2485,81,1,2492,251484,251565,249080
4969,2486,52,2,2506,251565,251617,249131
4970,2487,37,3,2502,251617,251654,249167
4972,2488,24,2,2502,251654,251678,249190
4971,2488,26,2,2501,251678,251704,249216
4973,2488,28,3,2491,251704,251732,249244
4974,2489,37,2,2498,251732,251769,249280
4978,2489,47,3,2497,251769,251816,249327
4977,2489,57,2,2501,251816,251873,249384
4976,2489,74,2,2503,251873,251947,249458
4975,2489,91,1,2493,251947,252038,249549
4979,2489,97,2,2496,252038,252135,249646
4980,2490,7,2,2502,252135,252142,249652
4981,2490,57,1,2494,252142,252199,249709
4982,2491,15,2,2507,252199,252214,249723
4983,2492,16,3,2495,252214,252230,249738
4984,2493,60,2,2500,252230,252290,249797
4985,2494,27,2,2512,252290,252317,249823
4986,2494,48,2,2506,252317,252365,249871
4987,2495,32,2,2502,252365,252397,249902
4989,2496,3,1,2497,252397,252400,249904
4988,2496,100,3,2504,252400,252500,250004
4991,2497,59,2,2510,252500,252559,250062
4990,2497,95,1,2499,252559,252654,250157
4992,2498,54,3,2517,252654,252708,250210
4995,2499,17,2,2502,252708,252725,250226
4994,2499,41,3,2513,252725,252766,250267
4993,2499,56,2,2512,252766,252822,250323
4996,2500,23,1,2513,252822,252845,250345
4997,2500,95,2,2513,252845,252940,250440
4999,2501,81,2,2514,252940,253021,250520
4998,2501,91,2,2516,253021,253112,250611
5003,2502,20,3,2519,253112,253132,250630
5002,2502,38,1,2511,253132,253170,250668
5000,2502,41,2,2507,253170,253211,250709
5001,2502,65,3,2517,253211,253276,250774
5004,2503,79,2,2521,253276,253355,250852
5005,2504,77,1,2515,253355,253432,250928
5007,2505,20,3,2519,253432,253452,250947
5006,2505,29,3,2519,253452,253481,250976
5009,2506,17,2,2518,253481,253498,250992
5008,2506,67,2,2518,253498,253565,251059
5010,2507,69,1,2525,253565,253634,251127
5011,2507,74,3,2511,253634,253708,251201
5013,2508,38,1,2524,253708,253746,251238
5012,2508,95,3,2509,253746,253841,251333
5014,2509,23,1,2526,253841,253864,251355
5015,2510,42,3,2525,253864,253906,251396
5016,2511,2,2,2522,253906,253908,251397
5017,2511,80,2,2513,253908,253988,251477
5018,2512,49,2,2514,253988,254037,251525
5019,2513,52,3,2519,254037,254089,251576
5021,2514,49,1,2527,254089,254138,251624
5020,2514,75,3,2527,254138,254213,251699
5024,2515,20,2,2516,254213,254233,251718
5026,2515,35,2,2525,254233,254268,251753
5023,2515,44,3,2531,254268,254312,251797
5022,2515,45,1,2518,254312,254357,251842
5025,2515,62,1,2533,254357,254419,251904
5027,2516,67,2,2525,254419,254486,251970
5028,2517,2,1,2529,254486,254488,251971
5030,2518,18,1,2528,254488,254506,251988
5029,2518,54,2,2520,254506,254560,252042
5031,2519,95,1,2536,254560,254655,252136
5032,2520,3,3,2527,254655,254658,252138
5034,2520,14,1,2535,254658,254672,252152
5035,2520,37,2,2525,254672,254709,252189
5033,2520,55,1,2529,254709,254764,252244
5036,2521,70,3,2533,254764,254834,252313
5037,2522,26,1,2525,254834,254860,252338
5038,2522,43,2,2530,254860,254903,252381
5039,2523,93,2,2540,254903,254996,252473
5040,2524,22,3,2537,254996,255018,252494
5042,2524,59,3,2527,255018,255077,252553
5043,2524,69,3,2541,255077,255146,252622
5045,2524,76,1,2544,255146,255222,252698
5041,2524,81,1,2537,255222,255303,252779
5044,2524,82,1,2526,255303,255385,252861
5046,2525,77,3,2526,255385,255462,252937
5047,2526,42,3,2529,255462,255504,252978
5048,2526,78,3,2538,255504,255582,253056
5049,2527,7,3,2546,255582,255589,253062
5052,2528,42,3,2543,255589,255631,253103
5051,2528,46,2,2535,255631,255677,253149
5050,2528,83,2,2536,255677,255760,253232
5056,2529,18,2,2548,255760,255778,253249
5057,2529,31,2,2541,255778,255809,253280
5053,2529,48,2,2538,255809,255857,253328
5055,2529,72,1,2530,255857,255929,253400
5054,2529,80,3,2538,255929,256009,253480
5059,2530,15,1,2546,256009,256024,253494
5058,2530,87,1,2535,256024,256111,253581
5060,2530,87,2,2532,256111,256198,253668
5062,2531,59,1,2549,256198,256257,253726
5061,2531,79,1,2539,256257,256336,253805
5063,2532,63,3,2546,256336,256399,253867
5065,2533,1,2,2546,256399,256400,253867
5064,2533,61,2,2537,256400,256461,253928
5066,2533,77,3,2535,256461,256538,254005
5067,2534,80,3,2535,256538,256618,254084
5068,2535,14,2,2555,256618,256632,254097
5069,2536,63,2,2553,256632,256695,254159
5070,2537,84,1,2541,256695,256779,254242
5071,2538,89,1,2545,256779,256868,254330
5072,2539,25,3,2540,256868,256893,254354
5074,2540,30,2,2555,256893,256923,254383
5073,2540,48,1,2541,256923,256971,254431
5075,2541,5,1,2557,256971,256976,254435
5077,2542,7,3,2557,256976,256983,254441
5078,2542,18,1,2561,256983,257001,254459
5079,2542,31,1,2549,257001,257032,254490
5076,2542,33,1,2550,257032,257065,254523
5081,2543,21,3,2548,257065,257086,254543
5080,2543,40,2,2559,257086,257126,254583
5082,2544,6,3,2545,257126,257132,254588
5083,2545,22,3,2555,257132,257154,254609
5087,2545,34,1,2560,257154,257188,254643
5088,2545,46,3,2561,257188,257234,254689
5084,2545,76,2,2552,257234,257310,254765
5086,2545,79,2,2549,257310,257389,254844
5085,2545,86,2,2555,257389,257475,254930
5089,2546,29,1,2553,257475,257504,254958
5090,2547,83,3,2548,257504,257587,255040
5094,2548,11,2,2567,257587,257598,255050
5091,2548,87,2,2563,257598,257685,255137
5093,2548,94,3,2554,257685,257779,255231
5092,2548,98,3,2568,257779,257877,255329
5096,2549,16,2,2558,257877,257893,255344
5095,2549,18,2,2551,257893,257911,255362
5098,2550,28,2,2556,257911,257939,255389
5099,2550,32,3,2559,257939,257971,255421
5097,2550,81,1,2567,257971,258052,255502
5100,2551,34,1,2565,258052,258086,255535
5101,2551,88,2,2558,258086,258174,255623
5102,2552,25,2,2560,258174,258199,255647
5104,2553,17,2,2557,258199,258216,255663
5105,2553,43,2,2558,258216,258259,255706
5103,2553,63,2,2565,258259,258322,255769
5106,2553,83,3,2568,258322,258405,255852
5109,2554,13,1,2556,258405,258418,255864
5110,2554,16,2,2562,258418,258434,255880
5108,2554,19,2,2566,258434,258453,255899
5107,2554,24,1,2570,258453,258477,255923
5112,2555,8,3,2565,258477,258485,255930
5114,2555,20,2,2570,258485,258505,255950
5113,2555,31,1,2569,258505,258536,255981
5115,2555,45,1,2571,258536,258581,256026
5111,2555,67,2,2556,258581,258648,256093
5116,2556,37,1,2564,258648,258685,256129
5117,2557,3,2,2566,258685,258688,256131
5118,2558,100,1,2574,258688,258788,256230
5120,2559,9,1,2568,258788,258797,256238
5119,2559,88,1,2569,258797,258885,256326
5121,2560,9,2,2568,258885,258894,256334
5122,2561,47,1,2574,258894,258941,256380
5123,2561,47,1,2574,258941,258988,256427
5125,2562,59,1,2564,258988,259047,256485
5124,2562,71,3,2577,259047,259118,256556
5126,2563,44,1,2568,259118,259162,256599
5127,2564,2,3,2572,259162,259164,256600
5128,2564,18,2,2584,259164,259182,256618
5129,2565,18,2,2578,259182,259200,256635
5130,2565,49,1,2581,259200,259249,256684
5131,2566,90,2,2575,259249,259339,256773
5132,2567,16,1,2581,259339,259355,256788
5133,2568,57,3,2572,259355,259412,256844
5134,2568,94,1,2585,259412,259506,256938
5135,2569,89,3,2587,259506,259595,257026
5136,2570,64,3,2583,259595,259659,257089
5141,2571,4,2,2576,259659,259663,257092
5143,2571,12,3,2575,259663,259675,257104
5139,2571,16,1,2589,259675,259691,257120
5138,2571,67,1,2581,259691,259758,257187
5142,2571,72,3,2573,259758,259830,257259
5137,2571,80,1,2587,259830,259910,257339
5140,2571,90,3,2588,259910,260000,257429
5144,2572,12,3,2586,260000,260012,257440
5145,2572,12,2,2573,260012,260024,257452
5146,2572,91,3,2580,260024,260115,257543
5147,2573,97,3,2582,260115,260212,257639
5148,2574,38,3,2584,260212,260250,257676
5149,2574,82,2,2581,260250,260332,257758
5150,2575,91,1,2589,260332,260423,257848
5153,2576,13,1,2587,260423,260436,257860
5151,2576,38,1,2577,260436,260474,257898
5152,2576,55,3,2579,260474,260529,257953
5154,2576,99,1,2592,260529,260628,258052
5155,2577,13,1,2591,260628,260641,258064
5157,2577,33,1,2595,260641,260674,258097
5156,2577,81,3,2588,260674,260755,258178
5159,2578,28,2,2587,260755,260783,258205
5158,2578,71,3,2597,260783,260854,258276
5160,2579,8,1,2591,260854,260862,258283
5162,2580,3,1,2581,260862,260865,258285
5161,2580,56,1,2586,260865,260921,258341
5163,2581,32,1,2584,260921,260953,258372
5167,2582,36,3,2586,260953,260989,258407
5165,2582,38,3,2598,260989,261027,258445
5164,2582,49,3,2584,261027,261076,258494
5166,2582,57,3,2584,261076,261133,258551
5168,2583,88,3,2591,261133,261221,258638
5170,2584,33,3,2588,261221,261254,258670
5169,2584,98,1,2592,261254,261352,258768
5171,2585,7,3,2594,261352,261359,258774
5172,2585,82,3,2596,261359,261441,258856
5174,2586,30,2,2605,261441,261471,258885
5173,2586,96,2,2604,261471,261567,258981
5175,2587,80,2,2603,261567,261647,259060
5177,2588,21,3,2593,261647,261668,259080
5176,2588,97,1,2589,261668,261765,259177
5178,2589,2,3,2597,261765,261767,259178
5179,2590,1,3,2597,261767,261768,259178
5180,2590,92,2,2610,261768,261860,259270
5181,2591,11,3,2598,261860,261871,259280
5184,2592,5,1,2604,261871,261876,259284
5183,2592,31,3,2601,261876,261907,259315
5182,2592,35,3,2606,261907,261942,259350
5185,2592,81,3,2606,261942,262023,259431
5187,2593,13,3,2604,262023,262036,259443
5186,2593,65,3,2601,262036,262101,259508
5189,2593,81,3,2594,262101,262182,259589
5188,2593,91,3,2599,262182,262273,259680
5192,2594,21,1,2614,262273,262294,259700
5191,2594,40,1,2597,262294,262334,259740
5190,2594,81,3,2603,262334,262415,259821
5193,2595,36,3,2610,262415,262451,259856
5194,2596,1,3,2613,262451,262452,259856
5195,2596,86,1,2612,262452,262538,259942
5196,2597,49,3,2607,262538,262587,259990
5197,2597,70,2,2614,262587,262657,260060
5198,2598,43,1,2601,262657,262700,260102
5200,2599,12,2,2614,262700,262712,260113
5201,2599,25,3,2608,262712,262737,260138
5199,2599,35,2,2616,262737,262772,260173
5202,2600,33,3,2612,262772,262805,260205
5203,2600,45,3,2608,262805,262850,260250
5204,2601,15,1,2613,262850,262865,260264
5205,2601,34,3,2612,262865,262899,260298
5206,2602,13,3,2615,262899,262912,260310
5207,2602,81,2,2604,262912,262993,260391
5208,2603,96,2,2604,262993,263089,260486
5210,2604,11,3,2610,263089,263100,260496
5209,2604,12,2,2620,263100,263112,260508
5212,2604,70,1,2614,263112,263182,260578
5211,2604,76,3,2608,263182,263258,260654
5213,2605,18,3,2618,263258,263276,260671
5214,2606,51,3,2622,263276,263327,260721
5215,2607,18,3,2608,263327,263345,260738
5216,2607,72,1,2621,263345,263417,260810
5217,2608,62,2,2623,263417,263479,260871
5220,2609,8,3,2617,263479,263487,260878
5221,2609,30,1,2629,263487,263517,260908
5219,2609,46,3,2628,263517,263563,260954
5218,2609,64,2,2620,263563,263627,261018
5222,2610,84,1,2620,263627,263711,261101
5223,2611,88,2,2620,263711,263799,261188
5224,2612,93,2,2615,263799,263892,261280
5225,2613,7,2,2631,263892,263899,261286
5226,2613,93,1,2627,263899,263992,261379
5228,2614,11,1,2620,263992,264003,261389
5227,2614,99,1,2618,264003,264102,261488
5231,2615,61,3,2616,264102,264163,261548
5230,2615,71,2,2628,264163,264234,261619
5229,2615,95,2,2616,264234,264329,261714
5236,2616,27,3,2631,264329,264356,261740
5235,2616,44,1,2623,264356,264400,261784
5233,2616,48,1,2630,264400,264448,261832
5232,2616,59,3,2619,264448,264507,261891
5234,2616,87,3,2624,264507,264594,261978
5237,2617,31,1,2626,264594,264625,262008
5239,2618,14,1,2633,264625,264639,262021
5238,2618,75,1,2624,264639,264714,262096
5240,2618,86,2,2623,264714,264800,262182
5242,2619,12,3,2635,264800,264812,262193
5241,2619,59,1,2626,264812,264871,262252
5245,2620,31,3,2627,264871,264902,262282
5243,2620,80,3,2635,264902,264982,262362
5244,2620,87,2,2627,264982,265069,262449
5246,2621,58,3,2636,265069,265127,262506
5247,2622,70,2,2635,265127,265197,262575
5248,2623,6,3,2625,265197,265203,262580
5250,2624,16,3,2629,265203,265219,262595
5249,2624,82,3,2625,265219,265301,262677
5251,2625,5,3,2628,265301,265306,262681
5254,2625,30,1,2637,265306,265336,262711
5253,2625,78,3,2631,265336,265414,262789
5252,2625,86,2,2641,265414,265500,262875
5256,2626,38,1,2639,265500,265538,262912
5255,2626,58,1,2627,265538,265596,262970
5257,2627,11,1,2635,265596,265607,262980
5258,2628,76,1,2631,265607,265683,263055
5259,2629,10,2,2633,265683,265693,263064
5260,2629,26,2,2637,265693,265719,263090
5262,2630,16,2,2643,265719,265735,263105
5261,2630,36,2,2631,265735,265771,263141
5263,2630,68,2,2644,265771,265839,263209
5264,2630,87,3,2631,265839,265926,263296
5265,2630,90,2,2646,265926,266016,263386
5266,2631,41,1,2635,266016,266057,263426
5268,2631,65,2,2645,266057,266122,263491
5267,2631,91,2,2642,266122,266213,263582
5270,2632,26,1,2645,266213,266239,263607
5271,2632,26,2,2639,266239,266265,263633
5269,2632,100,1,2634,266265,266365,263733
5272,2633,69,1,2653,266365,266434,263801
5273,2634,20,3,2647,266434,266454,263820
5275,2635,25,3,2636,266454,266479,263844
5274,2635,56,3,2639,266479,266535,263900
5276,2636,3,1,2649,266535,266538,263902
5277,2636,74,3,2640,266538,266612,263976
5279,2637,39,1,2648,266612,266651,264014
5278,2637,99,3,2652,266651,266750,264113
5280,2638,90,2,2642,266750,266840,264202
5281,2639,31,1,2641,266840,266871,264232
5284,2640,32,1,2653,266871,266903,264263
5282,2640,40,1,2657,266903,266943,264303
5283,2640,49,1,2643,266943,266992,264352
5285,2641,15,1,2660,266992,267007,264366
5286,2641,98,3,2643,267007,267105,264464
5287,2642,70,3,2657,267105,267175,264533
5288,2643,62,1,2656,267175,267237,264594
5290,2644,88,2,2649,267237,267325,264681
5289,2644,97,1,2658,267325,267422,264778
5292,2645,13,1,2660,267422,267435,264790
5291,2645,41,2,2653,267435,267476,264831
5296,2646,5,2,2661,267476,267481,264835
5295,2646,47,1,2655,267481,267528,264882
5294,2646,48,2,2661,267528,267576,264930
5293,2646,51,2,2663,267576,267627,264981
5297,2647,46,1,2649,267627,267673,265026
5298,2647,58,1,2654,267673,267731,265084
5299,2648,41,1,2666,267731,267772,265124
5300,2648,56,1,2649,267772,267828,265180
5301,2649,72,2,2667,267828,267900,265251
5303,2650,73,1,2670,267900,267973,265323
5302,2650,85,3,2666,267973,268058,265408
5304,2651,95,2,2663,268058,268153,265502
5305,2652,25,1,2657,268153,268178,265526
5306,2652,47,3,2672,268178,268225,265573
5307,2653,70,2,2670,268225,268295,265642
5308,2654,35,2,2657,268295,268330,265676
5310,2655,7,1,2669,268330,268337,265682
5313,2655,43,3,2664,268337,268380,265725
5309,2655,47,1,2673,268380,268427,265772
5311,2655,60,2,2659,268427,268487,265832
5312,2655,62,2,2671,268487,268549,265894
5314,2655,94,2,2656,268549,268643,265988
5317,2656,23,2,2663,268643,268666,266010
5316,2656,27,1,2657,268666,268693,266037
5315,2656,38,2,2669,268693,268731,266075
5318,2656,93,1,2666,268731,268824,266168
5319,2657,71,3,2675,268824,268895,266238
5320,2658,33,2,2672,268895,268928,266270
5321,2659,52,1,2671,268928,268980,266321
5322,2660,14,1,2661,268980,268994,266334
5325,2661,3,2,2672,268994,268997,266336
5323,2661,11,3,2672,268997,269008,266347
5326,2661,56,1,2665,269008,269064,266403
5324,2661,96,1,2669,269064,269160,266499
5327,2662,29,1,2675,269160,269189,266527
5328,2662,89,3,2681,269189,269278,266616
5329,2663,28,2,2669,269278,269306,266643
5330,2663,41,1,2681,269306,269347,266684
5331,2664,2,1,2668,269347,269349,266685
5333,2664,6,2,2673,269349,269355,266691
5334,2664,12,1,2680,269355,269367,266703
5332,2664,69,3,2667,269367,269436,266772
5335,2665,15,3,2670,269436,269451,266786
5336,2665,50,3,2678,269451,269501,266836
5337,2665,68,2,2668,269501,269569,266904
5339,2666,93,2,2680,269569,269662,266996
5338,2666,97,2,2676,269662,269759,267093
5340,2666,97,3,2685,269759,269856,267190
5341,2667,44,3,2668,269856,269900,267233
5343,2668,34,1,2669,269900,269934,267266
5342,2668,54,1,2675,269934,269988,267320
5344,2669,29,2,2681,269988,270017,267348
5345,2670,11,1,2675,270017,270028,267358
5346,2670,16,1,2677,270028,270044,267374
5347,2671,67,1,2685,270044,270111,267440
5348,2672,66,2,2691,270111,270177,267505
5351,2673,56,1,2681,270177,270233,267560
5349,2673,73,2,2683,270233,270306,267633
5350,2673,84,3,2692,270306,270390,267717
5352,2674,7,3,2678,270390,270397,267723
5353,2675,47,3,2693,270397,270444,267769
5354,2676,66,3,2683,270444,270510,267834
5355,2677,42,3,2680,270510,270552,267875
5357,2678,43,2,2679,270552,270595,267917
5358,2678,67,3,2684,270595,270662,267984
5356,2678,98,2,2680,270662,270760,268082
5359,2679,63,2,2693,270760,270823,268144
5360,2680,8,3,2689,270823,270831,268151
5361,2681,21,1,2682,270831,270852,268171
5363,2682,52,3,2685,270852,270904,268222
5362,2682,69,3,2686,270904,270973,268291
5364,2683,11,3,2695,270973,270984,268301
5365,2683,64,1,2684,270984,271048,268365
5366,2684,2,1,2697,271048,271050,268366
5368,2684,7,2,2685,271050,271057,268373
5367,2684,29,1,2704,271057,271086,268402
5369,2684,69,3,2696,271086,271155,268471
5370,2684,92,3,2701,271155,271247,268563
5371,2685,47,1,2702,271247,271294,268609
5372,2686,1,2,2690,271294,271295,268609
5373,2687,36,3,2693,271295,271331,268644
5376,2688,54,3,2694,271331,271385,268697
5375,2688,70,3,2707,271385,271455,268767
5374,2688,76,2,2697,271455,271531,268843
5377,2689,57,1,2691,271531,271588,268899
5378,2690,24,2,2707,271588,271612,268922
5379,2691,65,2,2704,271612,271677,268986
5380,2692,50,1,2705,271677,271727,269035
5382,2692,51,1,2695,271727,271778,269086
5381,2692,100,2,2703,271778,271878,269186
5383,2693,99,3,2709,271878,271977,269284
5384,2694,6,3,2711,271977,271983,269289
5385,2695,59,1,2711,271983,272042,269347
5389,2696,26,1,2709,272042,272068,269372
5388,2696,27,1,2710,272068,272095,269399
5387,2696,61,3,2700,272095,272156,269460
5386,2696,81,2,2712,272156,272237,269541
5390,2697,86,2,2713,272237,272323,269626
5391,2698,16,2,2716,272323,272339,269641
5392,2699,10,1,2718,272339,272349,269650
5393,2699,13,1,2709,272349,272362,269663
5395,2700,19,3,2711,272362,272381,269681
5394,2700,87,2,2717,272381,272468,269768
5396,2701,70,2,2718,272468,272538,269837
5397,2701,84,3,2706,272538,272622,269921
5399,2702,25,3,2708,272622,272647,269945
5398,2702,78,2,2720,272647,272725,270023
5400,2702,86,3,2704,272725,272811,270109
5401,2703,69,3,2720,272811,272880,270177
5402,2703,76,3,2719,272880,272956,270253
5403,2704,40,3,2717,272956,272996,270292
5404,2704,56,3,2715,272996,273052,270348
5408,2705,3,1,2720,273052,273055,270350
5409,2705,26,3,2712,273055,273081,270376
5406,2705,31,1,2724,273081,273112,270407
5405,2705,32,3,2706,273112,273144,270439
5407,2705,91,3,2707,273144,273235,270530
5411,2706,33,3,2714,273235,273268,270562
5410,2706,78,3,2709,273268,273346,270640
5412,2707,37,1,2721,273346,273383,270676
5416,2708,6,3,2724,273383,273389,270681
5413,2708,39,2,2712,273389,273428,270720
5414,2708,79,3,2713,273428,273507,270799
5415,2708,89,1,2720,273507,273596,270888
5417,2709,21,2,2727,273596,273617,270908
5419,2709,28,3,2726,273617,273645,270936
5418,2709,93,1,2723,273645,273738,271029
5420,2710,27,2,2721,273738,273765,271055
5421,2711,19,3,2712,273765,273784,271073
5422,2712,1,2,2714,273784,273785,271073
5423,2713,5,2,2716,273785,273790,271077
5424,2713,85,2,2723,273790,273875,271162
5425,2714,81,2,2734,273875,273956,271242
5427,2715,67,3,2723,273956,274023,271308
5426,2715,80,2,2716,274023,274103,271388
5429,2716,79,3,2735,274103,274182,271466
5428,2716,80,3,2718,274182,274262,271546
5430,2717,3,2,2735,274262,274265,271548
5432,2718,38,1,2736,274265,274303,271585
5431,2718,41,1,2720,274303,274344,271626
5434,2718,53,3,2734,274344,274397,271679
5433,2718,54,1,2723,274397,274451,271733
5435,2719,92,3,2737,274451,274543,271824
5438,2720,16,2,2738,274543,274559,271839
5437,2720,21,1,2738,274559,274580,271860
5436,2720,24,2,2730,274580,274604,271884
5439,2721,48,3,2737,274604,274652,271931
5440,2721,56,3,2732,274652,274708,271987
5443,2722,28,3,2738,274708,274736,272014
5442,2722,58,2,2727,274736,274794,272072
5441,2722,84,1,2734,274794,274878,272156
5444,2723,31,3,2734,274878,274909,272186
5446,2723,56,1,2731,274909,274965,272242
5445,2723,92,2,2733,274965,275057,272334
5448,2724,7,1,2733,275057,275064,272340
5450,2724,27,1,2744,275064,275091,272367
5447,2724,44,1,2726,275091,275135,272411
5449,2724,67,1,2744,275135,275202,272478
5451,2725,58,3,2727,275202,275260,272535
5452,2725,83,1,2744,275260,275343,272618
5453,2726,76,2,2741,275343,275419,272693
5454,2726,96,1,2729,275419,275515,272789
5455,2727,27,3,2745,275515,275542,272815
5456,2728,89,3,2736,275542,275631,272903
5457,2729,48,2,2741,275631,275679,272950
5459,2730,33,1,2746,275679,275712,272982
5458,2730,35,1,2740,275712,275747,273017
5460,2731,66,1,2745,275747,275813,273082
5461,2732,10,2,2745,275813,275823,273091
5463,2732,10,2,2746,275823,275833,273101
5464,2732,32,3,2733,275833,275865,273133
5462,2732,87,1,2747,275865,275952,273220
5465,2733,67,2,2743,275952,276019,273286
5466,2734,18,3,2736,276019,276037,273303
5469,2735,7,2,2743,276037,276044,273309
5468,2735,19,3,2746,276044,276063,273328
5467,2735,27,1,2743,276063,276090,273355
5470,2736,1,2,2748,276090,276091,273355
5471,2736,37,3,2755,276091,276128,273392
5473,2736,69,2,2752,276128,276197,273461
5472,2736,80,2,2746,276197,276277,273541
5474,2737,8,2,2738,276277,276285,273548
5475,2738,67,3,2752,276285,276352,273614
5476,2739,3,1,2754,276352,276355,273616
5477,2739,95,2,2744,276355,276450,273711
5479,2740,15,2,2748,276450,276465,273725
5478,2740,51,3,2757,276465,276516,273776
5480,2741,95,2,2745,276516,276611,273870
5481,2742,83,1,2758,276611,276694,273952
5482,2743,63,3,2752,276694,276757,274014
5483,2744,91,2,2755,276757,276848,274104
5484,2745,46,1,2764,276848,276894,274149
5486,2746,8,3,2755,276894,276902,274156
5485,2746,54,1,2757,276902,276956,274210
5489,2747,20,1,2766,276956,276976,274229
5488,2747,26,1,2766,276976,277002,274255
5487,2747,43,2,2760,277002,277045,274298
5490,2748,80,1,2758,277045,277125,274377
5491,2749,15,2,2763,277125,277140,274391
5492,2749,62,2,2750,277140,277202,274453
5493,2750,76,1,2754,277202,277278,274528
5495,2751,35,2,2760,277278,277313,274562
5494,2751,50,3,2770,277313,277363,274612
5498,2752,40,2,2765,277363,277403,274651
5497,2752,49,3,2768,277403,277452,274700
5496,2752,52,3,2760,277452,277504,274752
5501,2753,25,2,2761,277504,277529,274776
5500,2753,62,2,2759,277529,277591,274838
5502,2753,69,1,2757,277591,277660,274907
5503,2753,82,3,2769,277660,277742,274989
5499,2753,94,1,2755,277742,277836,275083
5505,2754,65,3,2769,277836,277901,275147
5504,2754,72,3,2772,277901,277973,275219
5506,2754,73,3,2770,277973,278046,275292
5507,2754,97,3,2774,278046,278143,275389
5508,2755,63,3,2770,278143,278206,275451
5509,2756,11,3,2776,278206,278217,275461
5512,2757,3,3,2772,278217,278220,275463
5511,2757,42,2,2773,278220,278262,275505
5510,2757,81,3,2758,278262,278343,275586
5513,2758,28,2,2765,278343,278371,275613
5515,2759,15,1,2772,278371,278386,275627
5514,2759,60,3,2772,278386,278446,275687
5519,2760,26,3,2775,278446,278472,275712
5517,2760,68,3,2771,278472,278540,275780
5518,2760,69,2,2777,278540,278609,275849
5516,2760,89,2,2773,278609,278698,275938
5520,2761,82,3,2763,278698,278780,276019
5521,2762,40,1,2776,278780,278820,276058
5522,2762,52,3,2770,278820,278872,276110
5523,2763,16,1,2768,278872,278888,276125
5525,2763,60,2,2773,278888,278948,276185
5524,2763,91,3,2777,278948,279039,276276
5526,2764,66,1,2770,279039,279105,276341
5527,2765,71,2,2775,279105,279176,276411
5528,2766,39,2,2782,279176,279215,276449
5531,2767,8,1,2782,279215,279223,276456
5530,2767,91,3,2783,279223,279314,276547
5529,2767,100,2,2771,279314,279414,276647
5532,2768,65,2,2786,279414,279479,276711
5533,2769,95,3,2774,279479,279574,276805
5534,2770,59,1,2771,279574,279633,276863
5535,2771,91,1,2779,279633,279724,276953
5536,2772,6,3,2789,279724,279730,276958
5538,2773,34,1,2785,279730,279764,276991
5537,2773,61,3,2777,279764,279825,277052
5539,2774,80,3,2792,279825,279905,277131
5540,2775,81,1,2778,279905,279986,277211
5541,2776,97,2,2785,279986,280083,277307
5542,2777,65,2,2782,280083,280148,277371
5543,2777,71,2,2784,280148,280219,277442
5544,2778,14,3,2790,280219,280233,277455
5545,2779,35,1,2789,280233,280268,277489
5546,2780,50,1,2782,280268,280318,277538
5547,2781,24,1,2793,280318,280342,277561
5548,2781,52,2,2786,280342,280394,277613
5550,2781,57,3,2793,280394,280451,277670
5551,2781,63,3,2783,280451,280514,277733
5549,2781,97,3,2785,280514,280611,277830
5552,2782,94,2,2801,280611,280705,277923
5553,2783,46,3,2796,280705,280751,277968
5554,2784,32,1,2802,280751,280783,277999
5555,2784,47,3,2797,280783,280830,278046
5558,2785,8,1,2800,280830,280838,278053
5556,2785,36,1,2805,280838,280874,278089
5557,2785,36,3,2804,280874,280910,278125
5559,2785,39,2,2798,280910,280949,278164
5560,2786,22,1,2802,280949,280971,278185
5561,2787,36,3,2793,280971,281007,278220
5563,2787,54,1,2805,281007,281061,278274
5562,2787,96,3,2790,281061,281157,278370
5564,2788,85,1,2792,281157,281242,278454
5565,2788,86,1,2806,281242,281328,278540
5567,2789,19,2,2809,281328,281347,278558
5566,2789,69,3,2804,281347,281416,278627
5569,2790,24,3,2794,281416,281440,278650
5571,2790,30,2,2793,281440,281470,278680
5570,2790,58,3,2802,281470,281528,278738
5568,2790,85,2,2808,281528,281613,278823
5573,2791,33,1,2800,281613,281646,278855
5574,2791,65,1,2799,281646,281711,278920
5575,2791,90,2,2810,281711,281801,279010
5572,2791,95,2,2810,281801,281896,279105
5576,2792,47,2,2795,281896,281943,279151
5577,2793,88,3,2802,281943,282031,279238
5578,2794,63,3,2813,282031,282094,279300
5579,2795,13,2,2811,282094,282107,279312
5580,2796,30,3,2812,282107,282137,279341
5582,2797,2,1,2798,282137,282139,279342
5581,2797,97,3,2814,282139,282236,279439
5584,2798,37,3,2806,282236,282273,279475
5583,2798,58,2,2811,282273,282331,279533
5585,2798,79,1,2816,282331,282410,279612
5587,2799,7,1,2803,282410,282417,279618
5586,2799,92,1,2816,282417,282509,279710
5588,2800,15,1,2809,282509,282524,279724
5589,2801,16,1,2816,282524,282540,279739
5592,2802,10,1,2817,282540,282550,279748
5593,2802,49,1,2821,282550,282599,279797
5594,2802,61,3,2822,282599,282660,279858
5590,2802,80,1,2815,282660,282740,279938
5591,2802,94,3,2815,282740,282834,280032
5595,2803,40,1,2818,282834,282874,280071
5596,2804,21,3,2811,282874,282895,280091
5597,2805,90,1,2820,282895,282985,280180
5598,2806,70,3,2812,282985,283055,280249
5599,2807,4,1,2809,283055,283059,280252
5600,2808,23,1,2810,283059,283082,280274
5601,2809,98,3,2827,283082,283180,280371
5602,2810,45,2,2819,283180,283225,280415
5603,2810,46,3,2821,283225,283271,280461
5604,2810,70,1,2827,283271,283341,280531
5605,2811,14,2,2822,283341,283355,280544
5606,2812,68,3,2826,283355,283423,280611
5607,2812,97,1,2827,283423,283520,280708
5609,2813,13,1,2832,283520,283533,280720
5608,2813,86,2,2832,283533,283619,280806
5610,2814,89,2,2818,283619,283708,280894
5613,2815,5,3,2834,283708,283713,280898
5612,2815,46,1,2834,283713,283759,280944
5611,2815,89,2,2827,283759,283848,281033
5614,2816,56,1,2826,283848,283904,281088
5618,2817,11,3,2825,283904,283915,281098
5615,2817,16,1,2836,283915,283931,281114
5617,2817,64,1,2837,283931,283995,281178
5616,2817,75,3,2829,283995,284070,281253
5619,2818,5,2,2821,284070,284075,281257
5620,2818,77,2,2822,284075,284152,281334
5622,2819,18,3,2828,284152,284170,281351
5621,2819,64,2,2836,284170,284234,281415
5623,2820,62,1,2828,284234,284296,281476
5624,2821,41,2,2837,284296,284337,281516
5625,2821,93,2,2829,284337,284430,281609
5626,2822,26,2,2832,284430,284456,281634
5627,2823,97,2,2840,284456,284553,281730
5628,2824,81,3,2840,284553,284634,281810
5629,2825,78,2,2826,284634,284712,281887
5630,2826,19,2,2827,284712,284731,281905
5633,2826,19,2,2833,284731,284750,281924
5631,2826,62,2,2836,284750,284812,281986
5632,2826,89,2,2827,284812,284901,282075
5634,2827,40,3,2828,284901,284941,282114
5635,2827,56,3,2846,284941,284997,282170
5636,2828,47,2,2830,284997,285044,282216
5639,2829,56,3,2849,285044,285100,282271
5638,2829,62,3,2830,285100,285162,282333
5637,2829,83,2,2847,285162,285245,282416
5640,2830,40,2,2848,285245,285285,282455
5641,2831,53,3,2839,285285,285338,282507
5642,2831,95,2,2851,285338,285433,282602
5643,2831,98,2,2838,285433,285531,282700
5645,2832,14,3,2852,285531,285545,282713
5644,2832,22,1,2852,285545,285567,282735
5646,2832,49,2,2841,285567,285616,282784
5647,2832,49,2,2837,285616,285665,282833
5648,2833,90,1,2853,285665,285755,282922
5649,2834,82,3,2838,285755,285837,283003
5651,2835,37,3,2842,285837,285874,283039
5650,2835,65,3,2847,285874,285939,283104
5653,2836,21,2,2841,285939,285960,283124
5652,2836,75,3,2856,285960,286035,283199
5654,2837,4,1,2846,286035,286039,283202
5657,2837,9,1,2840,286039,286048,283211
5655,2837,31,1,2843,286048,286079,283242
5656,2837,43,2,2841,286079,286122,283285
5658,2838,16,3,2852,286122,286138,283300
5659,2839,17,1,2858,286138,286155,283316
5663,2839,25,2,2858,286155,286180,283341
5662,2839,50,3,2849,286180,286230,283391
5660,2839,96,2,2847,286230,286326,283487
5661,2839,99,3,2853,286326,286425,283586
5664,2840,32,2,2858,286425,286457,283617
5665,2840,44,1,2844,286457,286501,283661
5666,2841,57,1,2852,286501,286558,283717
5668,2842,34,1,2847,286558,286592,283750
5667,2842,56,2,2843,286592,286648,283806
5669,2843,25,3,2855,286648,286673,283830
5670,2844,50,3,2850,286673,286723,283879
5671,2845,84,2,2848,286723,286807,283962
5677,2846,2,2,2849,286807,286809,283963
5673,2846,4,1,2863,286809,286813,283967
5672,2846,15,3,2863,286813,286828,283982
5675,2846,22,1,2850,286828,286850,284004
5674,2846,81,3,2865,286850,286931,284085
5678,2846,85,1,2854,286931,287016,284170
5676,2846,99,3,2857,287016,287115,284269
5680,2847,7,2,2860,287115,287122,284275
5682,2847,26,1,2860,287122,287148,284301
5679,2847,27,3,2855,287148,287175,284328
5683,2847,59,2,2857,287175,287234,284387
5684,2847,66,2,2855,287234,287300,284453
5681,2847,84,1,2852,287300,287384,284537
5685,2848,61,1,2861,287384,287445,284597
5686,2849,19,2,2859,287445,287464,284615
5687,2850,29,2,2863,287464,287493,284643
5690,2850,35,2,2857,287493,287528,284678
5688,2850,39,1,2870,287528,287567,284717
5689,2850,95,3,2855,287567,287662,284812
5691,2851,39,2,2871,287662,287701,284850
5692,2851,82,1,2869,287701,287783,284932
5693,2852,85,3,2864,287783,287868,285016
5694,2853,60,2,2854,287868,287928,285075
5698,2854,16,1,2872,287928,287944,285090
5695,2854,17,2,2859,287944,287961,285107
5697,2854,29,1,2871,287961,287990,285136
5696,2854,93,3,2856,287990,288083,285229
5699,2855,91,2,2872,288083,288174,285319
5700,2856,8,2,2865,288174,288182,285326
5702,2857,31,2,2876,288182,288213,285356
5703,2857,31,1,2860,288213,288244,285387
5701,2857,32,1,2858,288244,288276,285419
5704,2858,35,1,2873,288276,288311,285453
5706,2858,59,2,2874,288311,288370,285512
5707,2858,82,3,2861,288370,288452,285594
5705,2858,94,1,2864,288452,288546,285688
5708,2859,80,2,2863,288546,288626,285767
5711,2860,6,2,2868,288626,288632,285772
5709,2860,67,3,2867,288632,288699,285839
5710,2860,87,1,2861,288699,288786,285926
5713,2861,1,2,2865,288786,288787,285926
5712,2861,8,1,2878,288787,288795,285934
5715,2861,32,2,2873,288795,288827,285966
5714,2861,68,3,2870,288827,288895,286034
5717,2862,4,3,2876,288895,288899,286037
5716,2862,22,3,2867,288899,288921,286059
5718,2863,60,1,2882,288921,288981,286118
5719,2864,15,1,2883,288981,288996,286132
5721,2865,24,1,2884,288996,289020,286155
5722,2865,91,1,2866,289020,289111,286246
5720,2865,97,2,2871,289111,289208,286343
5723,2866,13,2,2872,289208,289221,286355
5724,2867,32,3,2868,289221,289253,286386
5725,2868,62,2,2887,289253,289315,286447
5726,2868,69,1,2876,289315,289384,286516
5727,2869,56,2,2875,289384,289440,286571
5729,2870,57,3,2879,289440,289497,286627
5728,2870,80,3,2890,289497,289577,286707
5730,2871,16,2,2888,289577,289593,286722
5732,2872,39,3,2892,289593,289632,286760
5731,2872,45,1,2876,289632,289677,286805
5733,2873,74,1,2893,289677,289751,286878
5735,2874,65,2,2892,289751,289816,286942
5734,2874,93,3,2888,289816,289909,287035
5736,2875,3,1,2876,289909,289912,287037
5738,2876,76,3,2890,289912,289988,287112
5737,2876,100,3,2885,289988,290088,287212
5740,2877,16,2,2891,290088,290104,287227
5741,2877,24,1,2896,290104,290128,287251
5739,2877,64,3,2891,290128,290192,287315
5742,2878,23,3,2896,290192,290215,287337
5743,2878,49,1,2889,290215,290264,287386
5744,2879,80,2,2899,290264,290344,287465
5745,2880,32,1,2892,290344,290376,287496
5746,2881,46,1,2898,290376,290422,287541
5747,2881,88,3,2890,290422,290510,287629
5748,2882,17,3,2895,290510,290527,287645
5751,2883,39,3,2886,290527,290566,287683
5749,2883,45,1,2887,290566,290611,287728
5750,2883,49,3,2889,290611,290660,287777
5752,2884,99,2,2888,290660,290759,287875
5753,2885,10,2,2890,290759,290769,287884
5754,2885,10,3,2894,290769,290779,287894
5756,2885,63,2,2897,290779,290842,287957
5755,2885,72,2,2905,290842,290914,288029
5758,2886,47,2,2893,290914,290961,288075
5757,2886,54,3,2899,290961,291015,288129
5760,2887,34,2,2901,291015,291049,288162
5759,2887,80,1,2905,291049,291129,288242
5761,2888,20,2,2904,291129,291149,288261
5762,2889,80,3,2891,291149,291229,288340
5763,2890,2,3,2905,291229,291231,288341
5764,2891,89,3,2906,291231,291320,288429
5765,2892,72,3,2896,291320,291392,288500
5766,2893,64,1,2913,291392,291456,288563
5767,2894,37,3,2911,291456,291493,288599
5768,2895,7,3,2905,291493,291500,288605
5769,2895,51,1,2905,291500,291551,288656
5771,2896,6,1,2906,291551,291557,288661
5770,2896,72,2,2914,291557,291629,288733
5772,2896,97,3,2897,291629,291726,288830
5773,2897,78,2,2903,291726,291804,288907
5774,2898,22,2,2904,291804,291826,288928
5775,2899,65,2,2913,291826,291891,288992
5776,2900,20,2,2917,291891,291911,289011
5777,2900,72,3,2915,291911,291983,289083
5779,2901,16,1,2916,291983,291999,289098
5778,2901,24,1,2919,291999,292023,289122
5780,2902,4,2,2906,292023,292027,289125
5781,2903,76,3,2919,292027,292103,289200
5783,2904,5,1,2909,292103,292108,289204
5782,2904,87,3,2913,292108,292195,289291
5785,2905,3,2,2915,292195,292198,289293
5786,2905,17,3,2925,292198,292215,289310
5784,2905,63,1,2908,292215,292278,289373
5787,2905,91,2,2918,292278,292369,289464
5791,2906,6,3,2916,292369,292375,289469
5790,2906,27,1,2923,292375,292402,289496
5788,2906,34,1,2921,292402,292436,289530
5793,2906,35,2,2915,292436,292471,289565
5792,2906,37,2,2914,292471,292508,289602
5789,2906,76,2,2924,292508,292584,289678
5794,2907,10,1,2922,292584,292594,289687
5795,2907,14,3,2915,292594,292608,289701
5797,2908,3,3,2910,292608,292611,289703
5796,2908,33,2,2927,292611,292644,289736
5798,2908,71,3,2916,292644,292715,289807
5800,2909,9,3,2915,292715,292724,289815
5799,2909,33,1,2922,292724,292757,289848
5801,2910,73,2,2913,292757,292830,289920
5802,2911,60,2,2920,292830,292890,289979
5805,2912,24,3,2923,292890,292914,290002
5803,2912,61,3,2928,292914,292975,290063
5804,2912,64,3,2924,292975,293039,290127
5810,2913,5,2,2919,293039,293044,290131
5811,2913,34,3,2926,293044,293078,290165
5809,2913,39,1,2916,293078,293117,290204
5807,2913,58,3,2925,293117,293175,290262
5806,2913,62,2,2922,293175,293237,290324
5808,2913,84,3,2930,293237,293321,290408
5812,2914,3,3,2932,293321,293324,290410
5816,2915,23,2,2934,293324,293347,290432
5813,2915,37,2,2919,293347,293384,290469
5814,2915,59,3,2919,293384,293443,290528
5815,2915,72,1,2931,293443,293515,290600
5817,2916,83,3,2928,293515,293598,290682
5818,2917,27,1,2926,293598,293625,290708
5819,2918,71,3,2933,293625,293696,290778
5821,2919,26,1,2939,293696,293722,290803
5822,2919,58,2,2929,293722,293780,290861
5820,2919,83,3,2931,293780,293863,290944
5823,2920,14,3,2921,293863,293877,290957
5825,2920,24,1,2924,293877,293901,290981
5824,2920,60,3,2931,293901,293961,291041
5826,2921,25,1,2929,293961,293986,291065
5828,2922,8,3,2926,293986,293994,291072
5831,2922,56,1,2939,293994,294050,291128
5827,2922,75,2,2931,294050,294125,291203
5829,2922,78,1,2924,294125,294203,291281
5830,2922,81,1,2923,294203,294284,291362
5832,2923,54,1,2940,294284,294338,291415
5833,2924,23,2,2930,294338,294361,291437
5834,2925,2,3,2937,294361,294363,291438
5835,2925,30,3,2934,294363,294393,291468
5836,2926,60,1,2945,294393,294453,291527
5837,2927,26,3,2928,294453,294479,291552
5838,2928,40,1,2932,294479,294519,291591
5839,2928,45,1,2943,294519,294564,291636
5840,2929,6,3,2942,294564,294570,291641
5841,2930,23,3,2936,294570,294593,291663
5842,2931,91,1,2933,294593,294684,291753
5843,2932,18,2,2933,294684,294702,291770
5844,2932,33,2,2943,294702,294735,291803
5847,2933,44,1,2945,294735,294779,291846
5845,2933,46,2,2952,294779,294825,291892
5846,2933,49,3,2952,294825,294874,291941
5848,2934,38,2,2937,294874,294912,291978
5849,2934,38,3,2952,294912,294950,292016
5850,2934,69,2,2946,294950,295019,292085
5851,2935,80,1,2943,295019,295099,292164
5852,2936,87,2,2953,295099,295186,292250
5853,2936,88,3,2944,295186,295274,292338
5854,2937,22,3,2950,295274,295296,292359
5855,2938,87,1,2956,295296,295383,292445
5856,2939,25,1,2946,295383,295408,292469
5857,2940,2,1,2942,295408,295410,292470
5858,2941,63,1,2960,295410,295473,292532
5859,2942,60,3,2944,295473,295533,292591
5862,2943,11,3,2945,295533,295544,292601
5861,2943,21,2,2949,295544,295565,292622
5860,2943,32,2,2963,295565,295597,292654
5863,2943,60,3,2962,295597,295657,292714
5864,2943,62,1,2950,295657,295719,292776
5865,2944,82,2,2948,295719,295801,292857
5866,2944,100,3,2953,295801,295901,292957
5867,2945,1,3,2956,295901,295902,292957
5868,2945,67,3,2956,295902,295969,293024
5869,2946,39,2,2948,295969,296008,293062
5870,2947,63,3,2950,296008,296071,293124
5871,2948,47,3,2950,296071,296118,293170
5874,2949,2,1,2953,296118,296120,293171
5872,2949,31,3,2956,296120,296151,293202
5873,2949,59,3,2961,296151,296210,293261
5875,2949,82,3,2958,296210,296292,293343
5876,2950,3,2,2964,296292,296295,293345
5877,2951,10,3,2955,296295,296305,293354
5878,2952,26,1,2963,296305,296331,293379
5879,2952,29,2,2960,296331,296360,293408
5880,2952,52,1,2953,296360,296412,293460
5881,2952,68,3,2964,296412,296480,293528
5882,2953,40,3,2954,296480,296520,293567
5883,2954,34,3,2969,296520,296554,293600
5884,2955,17,2,2974,296554,296571,293616
5885,2956,68,1,2959,296571,296639,293683
5886,2956,85,3,2959,296639,296724,293768
5887,2956,91,2,2968,296724,296815,293859
5888,2957,100,2,2967,296815,296915,293958
5889,2958,44,1,2962,296915,296959,294001
5890,2959,41,2,2965,296959,297000,294041
5891,2960,51,3,2967,297000,297051,294091
5892,2960,76,2,2961,297051,297127,294167
5893,2961,5,2,2972,297127,297132,294171
5894,2961,13,3,2977,297132,297145,294184
5895,2962,8,3,2982,297145,297153,294191
5896,2963,16,2,2971,297153,297169,294206
5898,2964,30,3,2980,297169,297199,294235
5897,2964,65,1,2970,297199,297264,294300
5899,2965,13,3,2980,297264,297277,294312
5900,2966,98,3,2984,297277,297375,294409
5902,2967,54,1,2975,297375,297429,294462
5901,2967,93,2,2971,297429,297522,294555
5903,2968,30,1,2979,297522,297552,294584
5904,2968,79,1,2984,297552,297631,294663
5905,2969,27,2,2979,297631,297658,294689
5907,2970,13,3,2977,297658,297671,294701
5908,2970,14,1,2989,297671,297685,294715
5906,2970,84,2,2990,297685,297769,294799
5909,2971,42,2,2979,297769,297811,294840
5910,2972,75,2,2974,297811,297886,294914
5911,2973,53,2,2975,297886,297939,294966
5913,2974,5,2,2978,297939,297944,294970
5912,2974,45,3,2986,297944,297989,295015
5914,2974,52,1,2977,297989,298041,295067
5916,2975,16,2,2988,298041,298057,295082
5915,2975,48,2,2988,298057,298105,295130
5917,2976,51,2,2979,298105,298156,295180
5918,2977,10,3,2990,298156,298166,295189
5919,2978,7,1,2992,298166,298173,295195
5921,2978,14,3,2992,298173,298187,295209
5920,2978,70,3,2989,298187,298257,295279
5922,2979,39,3,2982,298257,298296,295317
5927,2980,5,1,2989,298296,298301,295321
5926,2980,12,2,2986,298301,298313,295333
5923,2980,48,1,2986,298313,298361,295381
5924,2980,50,2,2990,298361,298411,295431
5928,2980,50,2,2991,298411,298461,295481
5925,2980,82,1,2982,298461,298543,295563
5929,2981,61,3,2995,298543,298604,295623
5930,2982,59,1,2996,298604,298663,295681
5931,2983,55,2,2989,298663,298718,295735
5932,2984,49,2,2995,298718,298767,295783
5933,2985,59,1,3002,298767,298826,295841
5934,2986,33,1,2990,298826,298859,295873
5935,2987,77,1,2989,298859,298936,295949
5936,2988,91,3,2997,298936,299027,296039
5937,2989,98,2,2995,299027,299125,296136
5939,2990,45,2,2994,299125,299170,296180
5938,2990,51,1,2997,299170,299221,296231
5940,2991,27,3,3010,299221,299248,296257
5941,2991,92,2,3001,299248,299340,296349
5942,2992,35,1,3002,299340,299375,296383
5944,2992,56,2,3002,299375,299431,296439
5943,2992,72,2,3009,299431,299503,296511
5946,2993,43,2,3011,299503,299546,296553
5947,2993,49,1,2997,299546,299595,296602
5948,2993,91,1,3001,299595,299686,296693
5945,2993,99,3,3010,299686,299785,296792
5950,2994,8,1,3001,299785,299793,296799
5949,2994,55,3,3011,299793,299848,296854
5951,2995,2,3,3005,299848,299850,296855
5954,2995,23,3,3013,299850,299873,296878
5953,2995,91,2,2999,299873,299964,296969
5952,2995,95,1,3000,299964,300059,297064
5955,2996,14,2,3014,300059,300073,297077
5956,2996,37,3,3012,300073,300110,297114
5957,2997,20,3,3007,300110,300130,297133
5960,2997,37,3,3001,300130,300167,297170
5958,2997,66,3,3016,300167,300233,297236
5959,2997,68,2,3012,300233,300301,297304
5961,2997,91,2,3001,300301,300392,297395
5962,2998,62,1,3005,300392,300454,297456
5963,2999,86,1,3010,300454,300540,297541
5964,3000,31,3,3011,300540,300571,297571
5965,3001,65,1,3019,300571,300636,297635
5966,3001,90,1,3006,300636,300726,297725
5968,3002,7,1,3013,300726,300733,297731
5967,3002,22,1,3018,300733,300755,297753
5969,3003,42,3,3017,300755,300797,297794
5970,3003,98,3,3013,300797,300895,297892
5971,3004,87,2,3019,300895,300982,297978
5972,3005,65,1,3017,300982,301047,298042
5974,3006,23,2,3010,301047,301070,298064
5975,3006,23,3,3011,301070,301093,298087
5973,3006,100,1,3011,301093,301193,298187
5980,3007,4,2,3013,301193,301197,298190
5977,3007,10,3,3017,301197,301207,298200
5976,3007,19,1,3008,301207,301226,298219
5981,3007,55,1,3011,301226,301281,298274
5982,3007,78,2,3021,301281,301359,298352
5978,3007,88,1,3011,301359,301447,298440
5979,3007,99,3,3021,301447,301546,298539
5984,3008,40,3,3009,301546,301586,298578
5983,3008,68,3,3025,301586,301654,298646
5986,3009,17,3,3016,301654,301671,298662
5985,3009,32,2,3025,301671,301703,298694
5987,3010,62,3,3025,301703,301765,298755
5988,3010,100,2,3019,301765,301865,298855
5989,3011,41,3,3014,301865,301906,298895
5994,3012,69,1,3026,301906,301975,298963
5995,3012,71,3,3030,301975,302046,299034
5990,3012,73,1,3028,302046,302119,299107
5992,3012,73,2,3030,302119,302192,299180
5993,3012,75,2,3025,302192,302267,299255
5991,3012,100,1,3027,302267,302367,299355
5998,3013,9,2,3017,302367,302376,299363
5996,3013,13,3,3017,302376,302389,299376
5997,3013,86,3,3030,302389,302475,299462
6000,3014,57,3,3024,302475,302532,299518
5999,3014,86,3,3028,302532,302618,299604
6002,3015,10,2,3017,302618,302628,299613
6003,3015,38,2,3025,302628,302666,299651
6001,3015,43,2,3034,302666,302709,299694
6004,3016,26,2,3023,302709,302735,299719
6005,3017,4,2,3025,302735,302739,299722
6006,3018,5,1,3036,302739,302744,299726
6007,3019,72,3,3021,302744,302816,299797
6009,3020,50,3,3035,302816,302866,299846
6008,3020,53,3,3027,302866,302919,299899
6010,3020,87,1,3025,302919,303006,299986
6013,3021,10,2,3024,303006,303016,299995
6012,3021,97,3,3029,303016,303113,300092
6011,3021,99,3,3037,303113,303212,300191
6014,3022,54,1,3024,303212,303266,300244
6015,3023,1,2,3042,303266,303267,300244
6018,3024,38,2,3032,303267,303305,300281
6016,3024,49,2,3042,303305,303354,300330
6017,3024,97,1,3038,303354,303451,300427
6019,3025,3,2,3035,303451,303454,300429
6022,3025,72,3,3026,303454,303526,300501
6020,3025,76,3,3035,303526,303602,300577
6021,3025,90,1,3044,303602,303692,300667
6024,3026,63,3,3040,303692,303755,300729
6023,3026,91,3,3036,303755,303846,300820
6025,3027,84,1,3044,303846,303930,300903
6027,3028,19,2,3043,303930,303949,300921
6026,3028,99,2,3034,303949,304048,301020
6028,3029,9,2,3036,304048,304057,301028
6029,3030,41,1,3045,304057,304098,301068
6030,3031,8,3,3051,304098,304106,301075
6031,3032,39,3,3048,304106,304145,301113
6033,3033,2,3,3046,304145,304147,301114
6032,3033,74,3,3049,304147,304221,301188
6034,3034,45,2,3054,304221,304266,301232
6035,3035,99,2,3053,304266,304365,301330
6036,3036,24,3,3038,304365,304389,301353
6037,3037,6,3,3043,304389,304395,301358
6038,3038,3,3,3051,304395,304398,301360
6039,3039,5,2,3054,304398,304403,301364
6042,3040,20,3,3057,304403,304423,301383
6040,3040,21,1,3060,304423,304444,301404
6041,3040,77,3,3059,304444,304521,301481
6044,3041,19,1,3060,304521,304540,301499
6045,3041,21,3,3046,304540,304561,301520
6047,3041,39,1,3057,304561,304600,301559
6046,3041,61,2,3047,304600,304661,301620
6043,3041,62,3,3053,304661,304723,301682
6048,3041,84,3,3058,304723,304807,301766
6052,3042,70,1,3054,304807,304877,301835
6050,3042,74,3,3047,304877,304951,301909
6051,3042,89,3,3050,304951,305040,301998
6049,3042,92,1,3059,305040,305132,302090
6055,3043,1,1,3062,305132,305133,302090
6054,3043,11,3,3049,305133,305144,302101
6053,3043,25,1,3053,305144,305169,302126
6056,3043,76,3,3062,305169,305245,302202
6057,3044,30,1,3047,305245,305275,302231
6059,3045,5,2,3049,305275,305280,302235
6060,3045,27,1,3065,305280,305307,302262
6058,3045,48,3,3061,305307,305355,302310
6062,3046,59,3,3066,305355,305414,302368
6061,3046,99,3,3055,305414,305513,302467
6064,3047,35,1,3053,305513,305548,302501
6063,3047,59,2,3057,305548,305607,302560
6066,3048,42,2,3058,305607,305649,302601
6065,3048,44,1,3060,305649,305693,302645
6067,3049,82,1,3050,305693,305775,302726
6068,3050,39,1,3060,305775,305814,302764
6069,3051,22,2,3068,305814,305836,302785
6070,3052,46,1,3062,305836,305882,302830
6071,3053,90,2,3058,305882,305972,302919
6074,3054,17,3,3055,305972,305989,302935
6073,3054,25,1,3066,305989,306014,302960
6072,3054,41,2,3061,306014,306055,303001
6076,3055,39,3,3067,306055,306094,303039
6075,3055,67,3,3073,306094,306161,303106
6077,3055,93,3,3056,306161,306254,303199
6079,3056,18,1,3061,306254,306272,303216
6078,3056,50,3,3070,306272,306322,303266
6080,3057,21,1,3061,306322,306343,303286
6081,3057,83,1,3067,306343,306426,303369
6083,3058,29,3,3062,306426,306455,303397
6085,3058,65,1,3064,306455,306520,303462
6084,3058,78,1,3064,306520,306598,303540
6082,3058,93,2,3077,306598,306691,303633
6088,3059,39,1,3075,306691,306730,303671
6086,3059,41,1,3073,306730,306771,303712
6087,3059,51,2,3072,306771,306822,303763
6090,3059,66,2,3065,306822,306888,303829
6089,3059,81,1,3068,306888,306969,303910
6091,3060,71,1,3069,306969,307040,303980
6092,3061,1,2,3071,307040,307041,303980
6093,3061,12,3,3064,307041,307053,303992
6097,3061,24,1,3066,307053,307077,304016
6096,3061,26,2,3073,307077,307103,304042
6095,3061,39,3,3063,307103,307142,304081
6094,3061,50,2,3072,307142,307192,304131
6098,3062,98,3,3066,307192,307290,304228
6099,3063,86,1,3074,307290,307376,304313
6100,3063,94,1,3070,307376,307470,304407
6101,3064,10,2,3080,307470,307480,304416
6102,3065,8,3,3070,307480,307488,304423
6104,3066,63,1,3077,307488,307551,304485
6103,3066,64,3,3080,307551,307615,304549
6105,3067,89,1,3087,307615,307704,304637
6106,3068,14,3,3083,307704,307718,304650
6107,3068,24,3,3083,307718,307742,304674
6108,3068,32,1,3069,307742,307774,304706
6113,3068,41,3,3081,307774,307815,304747
6112,3068,44,2,3087,307815,307859,304791
6109,3068,50,3,3070,307859,307909,304841
6111,3068,77,1,3081,307909,307986,304918
6114,3068,93,2,3076,307986,308079,305011
6115,3068,93,2,3069,308079,308172,305104
6110,3068,99,3,3080,308172,308271,305203
6116,3069,70,2,3072,308271,308341,305272
6117,3069,78,1,3078,308341,308419,305350
6118,3070,21,3,3071,308419,308440,305370
6119,3071,3,1,3090,308440,308443,305372
6120,3072,80,2,3074,308443,308523,305451
6121,3073,32,2,3088,308523,308555,305482
6122,3073,92,3,3078,308555,308647,305574
6123,3074,7,1,3090,308647,308654,305580
6124,3075,22,1,3093,308654,308676,305601
6125,3076,5,3,3083,308676,308681,305605
6126,3076,65,1,3096,308681,308746,305670
6127,3077,71,1,3082,308746,308817,305740
6128,3077,98,3,3094,308817,308915,305838
6129,3078,26,3,3092,308915,308941,305863
6130,3078,27,1,3088,308941,308968,305890
6131,3079,6,2,3083,308968,308974,305895
6132,3080,34,3,3093,308974,309008,305928
6133,3081,24,2,3088,309008,309032,305951
6134,3081,53,2,3101,309032,309085,306004
6135,3082,81,2,3095,309085,309166,306084
6140,3083,29,3,3094,309166,309195,306112
6137,3083,43,1,3095,309195,309238,306155
6139,3083,49,2,3084,309238,309287,306204
6141,3083,53,3,3087,309287,309340,306257
6136,3083,83,3,3097,309340,309423,306340
6138,3083,85,1,3084,309423,309508,306425
6143,3084,31,3,3090,309508,309539,306455
6142,3084,76,3,3086,309539,309615,306531
6146,3085,26,3,3087,309615,309641,306556
6144,3085,54,3,3104,309641,309695,306610
6145,3085,100,2,3088,309695,309795,306710
6148,3086,52,3,3089,309795,309847,306761
6149,3086,79,1,3094,309847,309926,306840
6147,3086,83,2,3089,309926,310009,306923
6150,3087,1,1,3107,310009,310010,306923
6151,3088,79,2,3103,310010,310089,307001
6152,3089,85,3,3091,310089,310174,307085
6154,3090,33,1,3106,310174,310207,307117
6155,3090,39,3,3099,310207,310246,307156
6153,3090,43,1,3099,310246,310289,307199
6156,3091,9,3,3111,310289,310298,307207
6161,3092,3,2,3094,310298,310301,307209
6158,3092,17,1,3101,310301,310318,307226
6157,3092,25,2,3110,310318,310343,307251
6159,3092,39,3,3105,310343,310382,307290
6160,3092,51,3,3097,310382,310433,307341
6162,3093,84,2,3107,310433,310517,307424
6163,3094,27,2,3099,310517,310544,307450
6165,3095,1,3,3107,310544,310545,307450
6164,3095,99,1,3114,310545,310644,307549
6167,3096,77,2,3104,310644,310721,307625
6166,3096,80,3,3115,310721,310801,307705
6168,3097,40,1,3106,310801,310841,307744
6170,3098,4,2,3113,310841,310845,307747
6169,3098,44,2,3117,310845,310889,307791
6171,3099,17,3,3118,310889,310906,307807
6172,3100,59,2,3101,310906,310965,307865
6174,3101,13,2,3120,310965,310978,307877
6173,3101,22,2,3114,310978,311000,307899
6175,3102,73,1,3121,311000,311073,307971
6176,3103,67,1,3113,311073,311140,308037
6177,3104,80,2,3106,311140,311220,308116
6178,3105,2,2,3108,311220,311222,308117
6180,3105,21,1,3120,311222,311243,308138
6179,3105,40,3,3109,311243,311283,308178
6181,3106,93,1,3112,311283,311376,308270
6182,3107,79,2,3126,311376,311455,308348
6184,3108,15,2,3123,311455,311470,308362
6183,3108,50,3,3109,311470,311520,308412
6185,3109,12,2,3118,311520,311532,308423
6189,3110,1,1,3127,311532,311533,308423
6187,3110,57,2,3120,311533,311590,308480
6190,3110,62,2,3115,311590,311652,308542
6192,3110,73,1,3129,311652,311725,308615
6186,3110,93,3,3126,311725,311818,308708
6191,3110,94,2,3127,311818,311912,308802
6188,3110,100,2,3122,311912,312012,308902
6193,3111,43,3,3117,312012,312055,308944
6194,3111,86,2,3115,312055,312141,309030
6195,3112,66,3,3118,312141,312207,309095
6196,3113,38,1,3126,312207,312245,309132
6197,3114,50,2,3120,312245,312295,309181
6198,3115,88,2,3135,312295,312383,309268
6199,3116,57,1,3123,312383,312440,309324
6200,3117,81,3,3118,312440,312521,309404
6201,3118,42,3,3120,312521,312563,309445
6202,3119,35,1,3135,312563,312598,309479
6203,3120,45,3,3136,312598,312643,309523
6204,3121,48,1,3134,312643,312691,309570
6205,3121,61,2,3127,312691,312752,309631
6206,3121,76,2,3136,312752,312828,309707
6211,3122,31,2,3126,312828,312859,309737
6210,3122,56,1,3134,312859,312915,309793
6212,3122,64,3,3140,312915,312979,309857
6208,3122,73,1,3123,312979,313052,309930
6213,3122,75,3,3142,313052,313127,310005
6207,3122,84,2,3133,313127,313211,310089
6209,3122,97,2,3133,313211,313308,310186
6215,3123,2,2,3131,313308,313310,310187
6214,3123,16,2,3141,313310,313326,310203
6216,3124,51,1,3132,313326,313377,310253
6217,3125,53,2,3133,313377,313430,310305
6218,3126,91,3,3140,313430,313521,310395
6219,3127,48,1,3130,313521,313569,310442
6220,3127,93,3,3136,313569,313662,310535
6221,3128,19,1,3131,313662,313681,310553
6222,3128,40,3,3144,313681,313721,310593
6223,3128,64,2,3129,313721,313785,310657
6225,3129,9,2,3138,313785,313794,310665
6224,3129,66,3,3149,313794,313860,310731
6226,3130,29,1,3141,313860,313889,310759
6227,3131,20,1,3151,313889,313909,310778
6228,3132,28,3,3148,313909,313937,310805
6229,3132,36,2,3147,313937,313973,310841
6230,3133,29,3,3135,313973,314002,310869
6231,3134,6,1,3148,314002,314008,310874
6236,3135,16,1,3147,314008,314024,310889
6234,3135,20,2,3150,314024,314044,310909
6233,3135,38,1,3136,314044,314082,310947
6235,3135,53,2,3143,314082,314135,311000
6232,3135,64,1,3153,314135,314199,311064
6238,3136,42,3,3144,314199,314241,311105
6239,3136,54,2,3139,314241,314295,311159
6237,3136,85,3,3156,314295,314380,311244
6240,3137,36,2,3155,314380,314416,311279
6241,3138,82,3,3153,314416,314498,311360
6242,3139,37,3,3151,314498,314535,311396
6243,3140,7,2,3145,314535,314542,311402
6244,3140,90,1,3143,314542,314632,311492
6245,3141,78,2,3154,314632,314710,311569
6246,3142,52,1,3154,314710,314762,311620
6247,3143,72,3,3144,314762,314834,311691
6248,3144,5,2,3152,314834,314839,311695
6249,3144,84,1,3164,314839,314923,311779
6250,3145,3,1,3155,314923,314926,311781
6251,3145,30,2,3148,314926,314956,311811
6252,3146,55,1,3151,314956,315011,311865
6253,3147,42,3,3159,315011,315053,311906
6254,3148,97,1,3157,315053,315150,312002
6255,3149,42,3,3160,315150,315192,312043
6256,3150,94,1,3156,315192,315286,312136
6258,3151,44,1,3161,315286,315330,312179
6257,3151,52,2,3161,315330,315382,312231
6260,3151,72,2,3166,315382,315454,312303
6259,3151,90,2,3161,315454,315544,312393
6261,3152,59,1,3161,315544,315603,312451
6262,3153,47,2,3170,315603,315650,312497
6263,3154,64,2,3161,315650,315714,312560
6264,3155,46,2,3173,315714,315760,312605
6265,3155,54,3,3172,315760,315814,312659
6266,3155,68,2,3164,315814,315882,312727
6267,3156,13,1,3176,315882,315895,312739
6268,3157,73,1,3176,315895,315968,312811
6272,3158,8,2,3160,315968,315976,312818
6269,3158,13,3,3178,315976,315989,312831
6271,3158,70,3,3176,315989,316059,312901
6270,3158,85,3,3178,316059,316144,312986
6273,3159,88,2,3173,316144,316232,313073
6275,3160,19,1,3173,316232,316251,313091
6274,3160,85,3,3173,316251,316336,313176
6276,3161,22,2,3177,316336,316358,313197
6277,3162,28,2,3168,316358,316386,313224
6278,3163,4,3,3165,316386,316390,313227
6279,3164,31,2,3169,316390,316421,313257
6280,3165,14,1,3166,316421,316435,313270
6282,3166,5,1,3176,316435,316440,313274
6281,3166,45,1,3167,316440,316485,313319
6283,3166,92,1,3184,316485,316577,313411
6284,3167,91,1,3179,316577,316668,313501
6285,3168,100,1,3174,316668,316768,313600
6287,3169,32,2,3180,316768,316800,313631
6286,3169,49,3,3180,316800,316849,313680
6288,3169,49,2,3179,316849,316898,313729
6289,3170,28,3,3175,316898,316926,313756
6291,3171,7,3,3174,316926,316933,313762
6290,3171,85,2,3187,316933,317018,313847
6293,3172,2,1,3191,317018,317020,313848
6292,3172,32,1,3182,317020,317052,313880
6295,3173,4,2,3188,317052,317056,313883
6294,3173,41,1,3174,317056,317097,313924
6296,3174,64,2,3189,317097,317161,313987
6297,3174,79,3,3194,317161,317240,314066
6298,3175,97,2,3176,317240,317337,314162
6300,3176,55,1,3182,317337,317392,314216
6299,3176,88,3,3190,317392,317480,314304
6301,3177,30,3,3179,317480,317510,314333
6303,3178,32,3,3187,317510,317542,314364
6302,3178,76,3,3193,317542,317618,314440
6304,3178,86,1,3196,317618,317704,314526
6306,3179,11,2,3196,317704,317715,314536
6305,3179,44,2,3197,317715,317759,314580
6308,3180,91,1,3194,317759,317850,314670
6307,3180,100,2,3200,317850,317950,314770
6312,3181,11,2,3190,317950,317961,314780
6315,3181,22,3,3197,317961,317983,314802
6309,3181,30,2,3189,317983,318013,314832
6311,3181,31,2,3197,318013,318044,314863
6310,3181,37,2,3189,318044,318081,314900
6313,3181,52,3,3199,318081,318133,314952
6314,3181,54,1,3184,318133,318187,315006
6318,3182,4,3,3202,318187,318191,315009
6319,3182,15,3,3202,318191,318206,315024
6316,3182,42,3,3188,318206,318248,315066
6317,3182,61,2,3186,318248,318309,315127
6320,3183,59,3,3185,318309,318368,315185
6321,3184,54,1,3188,318368,318422,315238
6323,3185,36,1,3192,318422,318458,315273
6324,3185,37,3,3188,318458,318495,315310
6322,3185,54,3,3197,318495,318549,315364
6325,3185,81,3,3203,318549,318630,315445
6329,3186,14,1,3201,318630,318644,315458
6328,3186,53,2,3187,318644,318697,315511
6330,3186,65,1,3203,318697,318762,315576
6327,3186,71,3,3193,318762,318833,315647
6326,3186,94,1,3200,318833,318927,315741
6331,3187,18,2,3196,318927,318945,315758
6332,3188,46,3,3200,318945,318991,315803
6333,3189,16,1,3209,318991,319007,315818
6334,3190,16,1,3193,319007,319023,315833
6336,3190,53,1,3195,319023,319076,315886
6335,3190,56,2,3200,319076,319132,315942
6337,3191,60,1,3197,319132,319192,316001
6338,3192,30,2,3197,319192,319222,316030
6339,3192,66,3,3196,319222,319288,316096
6340,3193,10,1,3210,319288,319298,316105
6342,3194,1,2,3212,319298,319299,316105
6341,3194,8,3,3208,319299,319307,316113
6344,3194,11,3,3205,319307,319318,316124
6343,3194,36,1,3214,319318,319354,316160
6345,3194,46,3,3197,319354,319400,316206
6346,3194,55,2,3197,319400,319455,316261
6347,3194,73,1,3200,319455,319528,316334
6348,3195,12,1,3210,319528,319540,316345
6350,3196,40,1,3203,319540,319580,316384
6349,3196,59,1,3211,319580,319639,316443
6351,3197,31,2,3201,319639,319670,316473
6353,3197,76,2,3205,319670,319746,316549
6352,3197,87,1,3208,319746,319833,316636
6355,3198,13,1,3213,319833,319846,316648
6354,3198,42,2,3204,319846,319888,316690
6356,3199,98,2,3213,319888,319986,316787
6357,3200,50,3,3216,319986,320036,316836
6360,3201,31,2,3204,320036,320067,316866
6358,3201,34,1,3211,320067,320101,316900
6361,3201,66,2,3210,320101,320167,316966
6359,3201,84,3,3214,320167,320251,317050
6363,3202,67,3,3207,320251,320318,317116
6362,3202,77,3,3222,320318,320395,317193
6364,3203,10,3,3209,320395,320405,317202
6366,3204,24,3,3209,320405,320429,317225
6365,3204,46,2,3223,320429,320475,317271
6367,3205,40,1,3222,320475,320515,317310
6368,3205,52,3,3208,320515,320567,317362
6369,3206,36,3,3221,320567,320603,317397
6370,3207,11,1,3226,320603,320614,317407
6371,3207,46,3,3217,320614,320660,317453
6374,3208,12,3,3215,320660,320672,317464
6372,3208,70,3,3220,320672,320742,317534
6373,3208,92,1,3223,320742,320834,317626
6375,3209,8,3,3218,320834,320842,317633
6377,3210,28,2,3212,320842,320870,317660
6376,3210,47,3,3214,320870,320917,317707
6378,3211,55,3,3225,320917,320972,317761
6379,3212,38,2,3229,320972,321010,317798
6381,3213,42,3,3230,321010,321052,317839
6380,3213,99,3,3223,321052,321151,317938
6383,3214,9,2,3220,321151,321160,317946
6382,3214,67,3,3225,321160,321227,318013
6384,3214,87,1,3227,321227,321314,318100
6387,3215,41,1,3230,321314,321355,318140
6385,3215,59,1,3233,321355,321414,318199
6386,3215,88,1,3217,321414,321502,318287
6388,3216,22,1,3219,321502,321524,318308
6389,3217,88,1,3231,321524,321612,318395
6391,3218,45,2,3223,321612,321657,318439
6390,3218,51,3,3231,321657,321708,318490
6392,3219,13,2,3233,321708,321721,318502
6393,3220,32,2,3229,321721,321753,318533
6395,3220,45,1,3231,321753,321798,318578
6394,3220,74,3,3227,321798,321872,318652
6396,3221,94,1,3229,321872,321966,318745
6398,3222,39,1,3238,321966,322005,318783
6397,3222,74,2,3239,322005,322079,318857
6399,3223,4,1,3232,322079,322083,318860
6401,3223,9,2,3239,322083,322092,318869
6400,3223,83,2,3235,322092,322175,318952
6403,3224,28,1,3227,322175,322203,318979
6402,3224,51,3,3226,322203,322254,319030
6404,3224,80,3,3230,322254,322334,319110
6405,3225,46,1,3229,322334,322380,319155
6406,3225,88,3,3239,322380,322468,319243
6408,3226,11,3,3245,322468,322479,319253
6407,3226,12,2,3238,322479,322491,319265
6409,3226,86,2,3234,322491,322577,319351
6410,3226,100,3,3246,322577,322677,319451
6411,3227,44,2,3242,322677,322721,319494
6413,3228,25,2,3241,322721,322746,319518
6412,3228,57,3,3245,322746,322803,319575
6414,3229,100,2,3248,322803,322903,319674
6415,3230,73,1,3241,322903,322976,319746
6417,3231,5,3,3251,322976,322981,319750
6420,3231,37,1,3242,322981,323018,319787
6419,3231,52,3,3239,323018,323070,319839
6418,3231,65,1,3234,323070,323135,319904
6416,3231,98,1,3242,323135,323233,320002
6421,3232,88,2,3233,323233,323321,320089
6423,3233,2,3,3251,323321,323323,320090
6422,3233,13,1,3236,323323,323336,320103
6424,3234,15,1,3247,323336,323351,320117
6426,3235,35,3,3255,323351,323386,320151
6425,3235,54,3,3246,323386,323440,320205
6427,3236,83,2,3244,323440,323523,320287
6428,3237,53,3,3241,323523,323576,320339
6429,3238,25,1,3258,323576,323601,320363
6430,3239,45,1,3243,323601,323646,320407
6431,3239,99,1,3259,323646,323745,320506
6432,3240,69,3,3258,323745,323814,320574
6434,3241,26,1,3243,323814,323840,320599
6433,3241,76,2,3248,323840,323916,320675
6435,3242,16,2,3259,323916,323932,320690
6436,3243,88,3,3249,323932,324020,320777
6438,3244,47,3,3250,324020,324067,320823
6437,3244,63,2,3248,324067,324130,320886
6439,3245,82,1,3249,324130,324212,320967
6440,3246,59,1,3250,324212,324271,321025
6441,3247,90,2,3266,324271,324361,321114
6442,3248,62,1,3252,324361,324423,321175
6443,3249,14,1,3269,324423,324437,321188
6444,3249,44,3,3267,324437,324481,321232
6446,3249,71,2,3268,324481,324552,321303
6445,3249,78,3,3251,324552,324630,321381
6447,3250,15,3,3258,324630,324645,321395
6448,3250,41,2,3266,324645,324686,321436
6449,3251,18,2,3266,324686,324704,321453
6450,3251,86,3,3259,324704,324790,321539
6451,3252,29,2,3256,324790,324819,321567
6453,3253,11,2,3262,324819,324830,321577
6452,3253,14,3,3265,324830,324844,321591
6457,3253,19,3,3264,324844,324863,321610
6456,3253,33,1,3254,324863,324896,321643
6455,3253,63,3,3271,324896,324959,321706
6454,3253,72,2,3262,324959,325031,321778
6458,3254,72,1,3267,325031,325103,321849
6459,3254,99,3,3273,325103,325202,321948
6460,3255,61,1,3275,325202,325263,322008
6461,3255,97,3,3265,325263,325360,322105
6462,3256,4,3,3276,325360,325364,322108
6463,3257,2,2,3272,325364,325366,322109
6465,3258,48,3,3267,325366,325414,322156
6464,3258,94,2,3259,325414,325508,322250
6466,3259,32,1,3278,325508,325540,322281
6467,3260,8,1,3266,325540,325548,322288
6468,3261,8,3,3280,325548,325556,322295
6470,3262,10,2,3275,325556,325566,322304
6469,3262,17,1,3279,325566,325583,322321
6471,3263,46,2,3274,325583,325629,322366
6472,3264,42,2,3282,325629,325671,322407
6473,3264,58,3,3283,325671,325729,322465
6474,3264,88,2,3268,325729,325817,322553
6475,3265,70,1,3280,325817,325887,322622
6476,3266,37,3,3283,325887,325924,322658
6477,3267,50,2,3278,325924,325974,322707
6478,3267,67,1,3273,325974,326041,322774
6479,3268,9,2,3275,326041,326050,322782
6480,3269,6,1,3279,326050,326056,322787
6481,3270,50,2,3288,326056,326106,322836
6484,3271,7,2,3278,326106,326113,322842
6482,3271,16,3,3286,326113,326129,322858
6483,3271,92,1,3288,326129,326221,322950
6485,3272,57,2,3292,326221,326278,323006
6486,3273,56,3,3280,326278,326334,323061
6488,3274,6,2,3285,326334,326340,323066
6487,3274,63,3,3281,326340,326403,323129
6489,3274,76,3,3289,326403,326479,323205
6490,3274,87,1,3294,326479,326566,323292
6491,3275,1,3,3287,326566,326567,323292
6492,3276,5,1,3280,326567,326572,323296
6493,3276,75,2,3294,326572,326647,323371
6494,3277,27,1,3285,326647,326674,323397
6496,3278,8,1,3284,326674,326682,323404
6495,3278,42,3,3291,326682,326724,323446
6498,3279,4,1,3294,326724,326728,323449
6497,3279,47,3,3280,326728,326775,323496
6502,3280,1,2,3288,326775,326776,323496
6500,3280,56,1,3292,326776,326832,323552
6506,3280,62,3,3284,326832,326894,323614
6505,3280,65,2,3295,326894,326959,323679
6503,3280,73,2,3300,326959,327032,323752
6507,3280,74,1,3299,327032,327106,323826
6499,3280,80,3,3284,327106,327186,323906
6504,3280,81,1,3294,327186,327267,323987
6501,3280,94,1,3298,327267,327361,324081
6508,3281,25,1,3294,327361,327386,324105
6510,3282,4,1,3290,327386,327390,324108
6511,3282,45,1,3301,327390,327435,324153
6509,3282,92,2,3297,327435,327527,324245
6512,3283,8,2,3286,327527,327535,324252
6514,3283,21,3,3294,327535,327556,324273
6513,3283,49,2,3294,327556,327605,324322
6515,3284,16,1,3293,327605,327621,324337
6516,3284,18,3,3285,327621,327639,324355
6517,3285,28,1,3287,327639,327667,324382
6518,3285,83,3,3302,327667,327750,324465
6519,3286,15,2,3292,327750,327765,324479
6520,3287,9,2,3293,327765,327774,324487
6521,3287,86,2,3291,327774,327860,324573
6525,3288,20,2,3300,327860,327880,324592
6526,3288,43,2,3302,327880,327923,324635
6524,3288,51,1,3290,327923,327974,324686
6523,3288,86,1,3293,327974,328060,324772
6522,3288,94,3,3303,328060,328154,324866
6527,3289,12,2,3309,328154,328166,324877
6530,3290,27,2,3292,328166,328193,324903
6528,3290,36,2,3308,328193,328229,324939
6529,3290,36,1,3299,328229,328265,324975
6532,3291,3,1,3305,328265,328268,324977
6531,3291,69,2,3307,328268,328337,325046
6534,3292,88,1,3303,328337,328425,325133
6533,3292,92,1,3308,328425,328517,325225
6535,3293,68,2,3304,328517,328585,325292
6537,3294,2,2,3297,328585,328587,325293
6540,3294,27,2,3301,328587,328614,325320
6539,3294,42,3,3310,328614,328656,325362
6536,3294,48,1,3302,328656,328704,325410
6538,3294,56,3,3306,328704,328760,325466
6541,3295,46,3,3315,328760,328806,325511
6542,3296,89,2,3302,328806,328895,325599
6543,3296,90,3,3299,328895,328985,325689
6544,3297,56,3,3316,328985,329041,325744
6545,3298,57,3,3303,329041,329098,325800
6549,3299,7,2,3303,329098,329105,325806
6550,3299,39,1,3309,329105,329144,325845
6546,3299,60,3,3305,329144,329204,325905
6547,3299,84,3,3301,329204,329288,325989
6552,3299,87,3,3304,329288,329375,326076
6548,3299,92,3,3307,329375,329467,326168
6551,3299,98,1,3314,329467,329565,326266
6553,3299,99,3,3313,329565,329664,326365
6557,3300,15,3,3302,329664,329679,326379
6555,3300,16,1,3305,329679,329695,326395
6554,3300,20,2,3316,329695,329715,326415
6558,3300,46,2,3319,329715,329761,326461
6556,3300,53,3,3302,329761,329814,326514
6559,3301,6,1,3308,329814,329820,326519
6560,3301,77,1,3315,329820,329897,326596
6564,3302,3,2,3309,329897,329900,326598
6561,3302,55,3,3311,329900,329955,326653
6562,3302,85,3,3307,329955,330040,326738
6563,3302,90,1,3303,330040,330130,326828
6565,3303,18,3,3317,330130,330148,326845
6566,3304,71,1,3311,330148,330219,326915
6568,3305,25,3,3322,330219,330244,326939
6567,3305,66,2,3314,330244,330310,327005
6569,3306,37,3,3312,330310,330347,327041
6572,3307,14,1,3326,330347,330361,327054
6570,3307,35,2,3318,330361,330396,327089
6571,3307,42,2,3313,330396,330438,327131
6575,3307,42,2,3325,330438,330480,327173
6574,3307,65,3,3321,330480,330545,327238
6573,3307,78,3,3317,330545,330623,327316
6576,3308,1,3,3325,330623,330624,327316
6577,3308,49,1,3320,330624,330673,327365
6578,3309,67,3,3326,330673,330740,327431
6579,3310,27,1,3320,330740,330767,327457
6580,3310,80,2,3321,330767,330847,327537
6581,3311,98,2,3318,330847,330945,327634
6582,3312,96,1,3322,330945,331041,327729
6583,3313,22,2,3324,331041,331063,327750
6584,3313,80,3,3323,331063,331143,327830
6585,3314,54,2,3320,331143,331197,327883
6586,3314,58,2,3333,331197,331255,327941
6588,3315,31,3,3323,331255,331286,327971
6589,3315,43,1,3328,331286,331329,328014
6587,3315,48,2,3320,331329,331377,328062
6591,3316,18,2,3327,331377,331395,328079
6592,3316,65,3,3320,331395,331460,328144
6590,3316,88,2,3320,331460,331548,328232
6593,3317,18,1,3331,331548,331566,328249
6594,3317,91,2,3321,331566,331657,328340
6595,3318,11,1,3321,331657,331668,328350
6596,3318,15,2,3322,331668,331683,328365
6599,3318,21,2,3334,331683,331704,328386
6598,3318,34,2,3322,331704,331738,328420
6597,3318,69,3,3328,331738,331807,328489
6600,3319,70,1,3338,331807,331877,328558
6601,3319,74,1,3339,331877,331951,328632
6602,3320,5,2,3332,331951,331956,328636
6603,3321,11,1,3327,331956,331967,328646
6604,3321,52,3,3339,331967,332019,328698
6605,3322,2,1,3330,332019,332021,328699
6609,3323,4,1,3326,332021,332025,328702
6606,3323,20,2,3334,332025,332045,328722
6610,3323,41,1,3327,332045,332086,328763
6607,3323,44,3,3338,332086,332130,328807
6608,3323,53,1,3331,332130,332183,328860
6611,3324,20,3,3340,332183,332203,328879
6612,3325,74,2,3327,332203,332277,328952
6613,3326,78,3,3339,332277,332355,329029
6614,3327,32,1,3341,332355,332387,329060
6615,3327,74,2,3328,332387,332461,329134
6621,3328,15,1,3339,332461,332476,329148
6619,3328,25,1,3344,332476,332501,329173
6620,3328,31,2,3331,332501,332532,329204
6616,3328,32,2,3338,332532,332564,329236
6618,3328,51,3,3338,332564,332615,329287
6617,3328,61,2,3346,332615,332676,329348
6622,3328,92,3,3346,332676,332768,329440
6623,3329,51,2,3349,332768,332819,329490
6624,3330,23,2,3338,332819,332842,329512
6625,3331,16,1,3351,332842,332858,329527
6626,3332,27,3,3341,332858,332885,329553
6627,3332,82,2,3344,332885,332967,329635
6628,3333,78,2,3344,332967,333045,329712
6629,3334,88,2,3354,333045,333133,329799
6630,3335,1,3,3347,333133,333134,329799
6632,3336,65,2,3347,333134,333199,329863
6631,3336,97,2,3346,333199,333296,329960
6633,3337,70,3,3343,333296,333366,330029
6634,3338,26,3,3347,333366,333392,330054
6635,3338,35,3,3349,333392,333427,330089
6636,3338,55,3,3356,333427,333482,330144
6640,3339,15,1,3346,333482,333497,330158
6639,3339,38,2,3349,333497,333535,330196
6641,3339,52,1,3351,333535,333587,330248
6638,3339,68,2,3355,333587,333655,330316
6637,3339,93,1,3355,333655,333748,330409
6642,3340,55,3,3344,333748,333803,330463
6643,3341,2,3,3355,333803,333805,330464
6644,3341,29,3,3343,333805,333834,330493
6647,3342,26,1,3344,333834,333860,330518
6646,3342,80,2,3362,333860,333940,330598
6645,3342,90,1,3355,333940,334030,330688
6648,3343,15,1,3362,334030,334045,330702
6649,3343,71,3,3360,334045,334116,330773
6650,3344,30,1,3353,334116,334146,330802
6652,3345,24,1,3354,334146,334170,330825
6653,3345,28,1,3360,334170,334198,330853
6654,3345,62,2,3346,334198,334260,330915
6651,3345,67,3,3351,334260,334327,330982
6655,3346,87,3,3363,334327,334414,331068
6656,3346,88,1,3354,334414,334502,331156
6657,3347,79,2,3357,334502,334581,331234
6659,3348,19,1,3367,334581,334600,331252
6658,3348,100,3,3353,334600,334700,331352
6660,3349,18,3,3357,334700,334718,331369
6661,3349,81,1,3351,334718,334799,331450
6662,3350,69,3,3368,334799,334868,331518
6665,3351,5,2,3364,334868,334873,331522
6669,3351,5,2,3357,334873,334878,331527
6663,3351,8,2,3365,334878,334886,331535
6667,3351,11,3,3364,334886,334897,331546
6668,3351,20,1,3371,334897,334917,331566
6666,3351,29,1,3361,334917,334946,331595
6670,3351,30,3,3356,334946,334976,331625
6664,3351,45,1,3366,334976,335021,331670
6671,3351,57,1,3361,335021,335078,331727
6672,3352,2,3,3371,335078,335080,331728
6673,3352,20,2,3368,335080,335100,331748
6675,3353,18,3,3357,335100,335118,331765
6674,3353,20,3,3366,335118,335138,331785
6677,3353,25,3,3357,335138,335163,331810
6676,3353,28,1,3373,335163,335191,331838
6679,3353,43,1,3354,335191,335234,331881
6678,3353,59,1,3357,335234,335293,331940
6680,3354,31,1,3367,335293,335324,331970
6681,3355,73,2,3370,335324,335397,332042
6688,3356,3,2,3363,335397,335400,332044
6687,3356,29,3,3373,335400,335429,332073
6683,3356,31,1,3376,335429,335460,332104
6682,3356,72,2,3375,335460,335532,332176
6684,3356,72,3,3374,335532,335604,332248
6686,3356,88,2,3376,335604,335692,332336
6689,3356,89,1,3370,335692,335781,332425
6685,3356,96,2,3368,335781,335877,332521
6690,3357,50,3,3371,335877,335927,332570
6692,3358,70,2,3366,335927,335997,332639
6691,3358,100,2,3368,335997,336097,332739
6693,3359,20,2,3374,336097,336117,332758
6694,3359,75,3,3365,336117,336192,332833
6695,3360,15,3,3373,336192,336207,332847
6696,3361,9,3,3366,336207,336216,332855
6697,3362,60,1,3373,336216,336276,332914
6698,3363,94,2,3377,336276,336370,333007
6699,3364,73,3,3373,336370,336443,333079
6700,3365,35,3,3379,336443,336478,333113
6701,3365,85,2,3376,336478,336563,333198
6703,3366,69,3,3369,336563,336632,333266
6702,3366,99,3,3376,336632,336731,333365
6704,3367,39,1,3374,336731,336770,333403
6705,3368,53,3,3374,336770,336823,333455
6706,3368,76,2,3373,336823,336899,333531
6707,3368,100,3,3369,336899,336999,333631
6708,3369,43,3,3386,336999,337042,333673
6712,3370,55,1,3373,337042,337097,333727
6711,3370,62,1,3378,337097,337159,333789
6709,3370,71,2,3382,337159,337230,333860
6710,3370,92,2,3389,337230,337322,333952
6714,3371,31,1,3372,337322,337353,333982
6713,3371,73,1,3389,337353,337426,334055
6715,3372,81,1,3385,337426,337507,334135
6716,3373,93,3,3387,337507,337600,334227
6717,3374,85,3,3378,337600,337685,334311
6719,3375,9,1,3386,337685,337694,334319
6718,3375,89,2,3385,337694,337783,334408
6720,3376,36,3,3390,337783,337819,334443
6721,3376,44,1,3386,337819,337863,334487
6722,3377,57,3,3387,337863,337920,334543
6723,3378,10,2,3388,337920,337930,334552
6724,3379,16,1,3382,337930,337946,334567
6725,3380,5,1,3383,337946,337951,334571
6728,3381,10,2,3383,337951,337961,334580
6726,3381,46,2,3398,337961,338007,334626
6727,3381,72,3,3382,338007,338079,334698
6729,3382,66,1,3386,338079,338145,334763
6732,3383,18,1,3384,338145,338163,334780
6731,3383,22,2,3391,338163,338185,334802
6730,3383,74,1,3396,338185,338259,334876
6733,3384,80,1,3392,338259,338339,334955
6734,3384,81,1,3399,338339,338420,335036
6735,3385,31,3,3400,338420,338451,335066
6736,3385,96,2,3399,338451,338547,335162
6738,3386,44,2,3402,338547,338591,335205
6739,3386,48,3,3389,338591,338639,335253
6737,3386,82,1,3390,338639,338721,335335
6740,3387,7,3,3404,338721,338728,335341
6741,3388,38,2,3398,338728,338766,335378
6744,3389,29,1,3397,338766,338795,335406
6742,3389,39,1,3396,338795,338834,335445
6745,3389,45,2,3404,338834,338879,335490
6743,3389,54,3,3393,338879,338933,335544
6746,3390,33,2,3407,338933,338966,335576
6747,3390,89,1,3391,338966,339055,335665
6748,3390,97,1,3398,339055,339152,335762
6749,3391,11,2,3405,339152,339163,335772
6750,3391,72,2,3410,339163,339235,335844
6752,3392,65,1,3412,339235,339300,335908
6751,3392,92,3,3403,339300,339392,336000
6753,3393,61,3,3408,339392,339453,336060
6754,3394,28,1,3405,339453,339481,336087
6756,3395,3,2,3409,339481,339484,336089
6755,3395,55,3,3407,339484,339539,336144
6758,3396,4,1,3400,339539,339543,336147
6757,3396,17,1,3412,339543,339560,336164
6759,3396,50,3,3408,339560,339610,336214
6760,3397,1,3,3406,339610,339611,336214
6762,3397,52,1,3400,339611,339663,336266
6761,3397,84,3,3403,339663,339747,336350
6764,3398,51,2,3408,339747,339798,336400
6763,3398,79,1,3415,339798,339877,336479
6765,3399,73,3,3411,339877,339950,336551
6766,3400,80,1,3413,339950,340030,336630
6767,3401,59,1,3404,340030,340089,336688
6769,3402,14,3,3420,340089,340103,336701
6768,3402,94,1,3422,340103,340197,336795
6770,3403,72,1,3418,340197,340269,336866
6771,3404,11,2,3411,340269,340280,336876
6772,3405,3,1,3413,340280,340283,336878
6773,3406,10,2,3425,340283,340293,336887
6775,3406,32,1,3408,340293,340325,336919
6777,3406,41,3,3413,340325,340366,336960
6776,3406,92,2,3420,340366,340458,337052
6774,3406,98,1,3415,340458,340556,337150
6780,3407,6,3,3411,340556,340562,337155
6779,3407,20,3,3425,340562,340582,337175
6778,3407,74,3,3422,340582,340656,337249
6781,3408,62,3,3416,340656,340718,337310
6783,3409,50,1,3424,340718,340768,337359
6782,3409,74,1,3418,340768,340842,337433
6785,3410,37,2,3413,340842,340879,337469
6784,3410,43,3,3419,340879,340922,337512
6788,3410,57,3,3420,340922,340979,337569
6789,3410,82,2,3421,340979,341061,337651
6786,3410,86,1,3415,341061,341147,337737
6787,3410,97,3,3421,341147,341244,337834
6792,3411,41,2,3422,341244,341285,337874
6791,3411,44,1,3418,341285,341329,337918
6790,3411,97,1,3427,341329,341426,338015
6793,3411,99,1,3429,341426,341525,338114
6795,3412,66,2,3419,341525,341591,338179
6796,3412,75,3,3418,341591,341666,338254
6794,3412,76,2,3422,341666,341742,338330
6797,3413,46,2,3428,341742,341788,338375
6798,3414,4,1,3416,341788,341792,338378
6799,3414,51,3,3419,341792,341843,338429
6804,3415,19,1,3421,341843,341862,338447
6801,3415,42,1,3424,341862,341904,338489
6802,3415,58,2,3428,341904,341962,338547
6800,3415,60,3,3421,341962,342022,338607
6803,3415,97,1,3431,342022,342119,338704
6805,3416,30,3,3432,342119,342149,338733
6806,3417,39,1,3425,342149,342188,338771
6807,3418,73,2,3420,342188,342261,338843
6808,3419,73,1,3427,342261,342334,338915
6809,3419,83,3,3422,342334,342417,338998
6810,3420,74,2,3429,342417,342491,339071
6811,3421,4,1,3437,342491,342495,339074
6812,3421,74,1,3436,342495,342569,339148
6813,3422,75,1,3441,342569,342644,339222
6814,3423,18,3,3425,342644,342662,339239
6816,3423,76,2,3442,342662,342738,339315
6815,3423,98,3,3434,342738,342836,339413
6817,3424,88,1,3426,342836,342924,339500
6818,3425,52,2,3431,342924,342976,339551
6819,3425,86,3,3428,342976,343062,339637
6820,3426,70,1,3437,343062,343132,339706
6821,3426,75,1,3445,343132,343207,339781
6822,3427,93,1,3439,343207,343300,339873
6823,3428,74,2,3435,343300,343374,339946
6824,3429,10,1,3443,343374,343384,339955
6825,3429,10,1,3442,343384,343394,339965
6826,3430,44,2,3434,343394,343438,340008
6827,3431,3,3,3435,343438,343441,340010
6828,3432,13,3,3434,343441,343454,340022
6829,3432,28,1,3446,343454,343482,340050
6830,3433,86,1,3434,343482,343568,340135
6831,3434,6,1,3446,343568,343574,340140
6832,3434,27,3,3444,343574,343601,340167
6833,3434,53,2,3453,343601,343654,340220
6834,3435,44,3,3448,343654,343698,340263
6835,3435,46,2,3449,343698,343744,340309
6836,3436,38,3,3447,343744,343782,340346
6837,3437,43,3,3457,343782,343825,340388
6838,3438,6,3,3450,343825,343831,340393
6839,3438,17,2,3444,343831,343848,340410
6840,3438,49,2,3454,343848,343897,340459
6841,3439,73,1,3456,343897,343970,340531
6844,3440,37,3,3452,343970,344007,340567
6843,3440,76,2,3454,344007,344083,340643
6842,3440,90,3,3444,344083,344173,340733
6846,3441,11,3,3455,344173,344184,340743
6849,3441,27,1,3458,344184,344211,340770
6847,3441,74,1,3457,344211,344285,340844
6845,3441,81,3,3443,344285,344366,340925
6848,3441,87,2,3445,344366,344453,341012
6850,3442,10,1,3454,344453,344463,341021
6851,3443,5,3,3460,344463,344468,341025
6852,3443,13,1,3452,344468,344481,341038
6853,3444,3,3,3452,344481,344484,341040
6855,3444,26,2,3450,344484,344510,341066
6854,3444,78,3,3449,344510,344588,341144
6857,3445,11,2,3446,344588,344599,341154
6856,3445,100,1,3462,344599,344699,341254
6858,3446,59,1,3450,344699,344758,341312
6861,3446,60,3,3453,344758,344818,341372
6859,3446,99,3,3457,344818,344917,341471
6860,3446,99,3,3458,344917,345016,341570
6862,3447,82,3,3454,345016,345098,341651
6864,3448,33,1,3461,345098,345131,341683
6863,3448,47,3,3468,345131,345178,341730
6865,3449,6,2,3466,345178,345184,341735
6866,3450,26,3,3456,345184,345210,341760
6869,3450,65,3,3451,345210,345275,341825
6867,3450,69,1,3456,345275,345344,341894
6868,3450,92,3,3469,345344,345436,341986
6870,3451,75,2,3452,345436,345511,342060
6871,3452,13,3,3460,345511,345524,342072
6872,3452,60,1,3460,345524,345584,342132
6875,3453,20,3,3462,345584,345604,342151
6873,3453,43,1,3471,345604,345647,342194
6874,3453,84,2,3462,345647,345731,342278
6878,3454,33,1,3471,345731,345764,342310
6877,3454,51,3,3466,345764,345815,342361
6876,3454,53,1,3459,345815,345868,342414
6879,3455,78,3,3471,345868,345946,342491
6880,3456,13,3,3463,345946,345959,342503
6881,3456,60,1,3468,345959,346019,342563
6882,3457,19,2,3462,346019,346038,342581
6884,3458,64,3,3466,346038,346102,342644
6883,3458,91,3,3467,346102,346193,342735
6885,3459,55,1,3464,346193,346248,342789
6886,3459,71,3,3476,346248,346319,342860
6887,3460,34,2,3469,346319,346353,342893
6888,3460,53,3,3463,346353,346406,342946
6889,3461,94,3,3468,346406,346500,343039
6891,3462,89,2,3468,346500,346589,343127
6890,3462,91,2,3464,346589,346680,343218
6892,3463,20,2,3470,346680,346700,343237
6893,3463,23,2,3471,346700,346723,343260
6894,3463,32,1,3467,346723,346755,343292
6895,3464,18,3,3472,346755,346773,343309
6896,3464,39,3,3466,346773,346812,343348
6897,3464,93,1,3484,346812,346905,343441
6898,3465,33,1,3479,346905,346938,343473
6899,3465,66,2,3466,346938,347004,343539
6903,3466,18,3,3480,347004,347022,343556
6902,3466,22,1,3478,347022,347044,343578
6900,3466,25,1,3474,347044,347069,343603
6905,3466,29,3,3481,347069,347098,343632
6904,3466,64,1,3475,347098,347162,343696
6901,3466,81,2,3477,347162,347243,343777
6907,3467,28,3,3477,347243,347271,343804
6906,3467,68,1,3487,347271,347339,343872
6908,3468,1,3,3488,347339,347340,343872
6910,3468,76,3,3472,347340,347416,343948
6909,3468,85,2,3488,347416,347501,344033
6911,3469,26,3,3475,347501,347527,344058
6912,3469,51,1,3486,347527,347578,344109
6913,3470,58,3,3481,347578,347636,344166
6914,3471,9,1,3476,347636,347645,344174
6915,3472,32,3,3485,347645,347677,344205
6916,3473,66,1,3478,347677,347743,344270
6917,3474,69,3,3483,347743,347812,344338
6922,3475,14,3,3488,347812,347826,344351
6918,3475,23,1,3480,347826,347849,344374
6921,3475,49,1,3479,347849,347898,344423
6920,3475,57,3,3479,347898,347955,344480
6919,3475,79,3,3476,347955,348034,344559
6923,3476,41,1,3493,348034,348075,344599
6924,3476,79,3,3493,348075,348154,344678
6925,3477,55,3,3479,348154,348209,344732
6927,3478,34,3,3479,348209,348243,344765
6928,3478,50,1,3494,348243,348293,344815
6926,3478,61,3,3489,348293,348354,344876
6929,3479,63,2,3484,348354,348417,344938
6931,3480,3,2,3483,348417,348420,344940
6930,3480,72,2,3495,348420,348492,345012
6934,3481,6,3,3487,348492,348498,345017
6933,3481,17,2,3490,348498,348515,345034
6935,3481,17,1,3490,348515,348532,345051
6932,3481,32,3,3485,348532,348564,345083
6936,3482,71,1,3501,348564,348635,345153
6939,3483,63,2,3493,348635,348698,345215
6937,3483,67,3,3486,348698,348765,345282
6938,3483,70,3,3495,348765,348835,345352
6941,3484,58,3,3488,348835,348893,345409
6940,3484,77,3,3495,348893,348970,345486
6942,3485,45,2,3504,348970,349015,345530
6943,3486,96,3,3502,349015,349111,345625
6945,3487,56,3,3492,349111,349167,345680
6944,3487,68,2,3501,349167,349235,345748
6946,3487,70,3,3490,349235,349305,345818
6947,3488,49,2,3496,349305,349354,345866
6949,3488,54,2,3496,349354,349408,345920
6948,3488,59,2,3489,349408,349467,345979
6950,3488,71,1,3501,349467,349538,346050
6952,3489,17,1,3493,349538,349555,346066
6951,3489,49,2,3491,349555,349604,346115
6955,3490,3,3,3509,349604,349607,346117
6953,3490,15,1,3500,349607,349622,346132
6954,3490,26,1,3494,349622,349648,346158
6956,3490,83,1,3495,349648,349731,346241
6957,3491,66,3,3497,349731,349797,346306
6958,3492,10,1,3507,349797,349807,346315
6959,3493,57,1,3495,349807,349864,346371
6960,3494,82,1,3512,349864,349946,346452
6961,3495,18,1,3501,349946,349964,346469
6962,3496,43,1,3501,349964,350007,346511
6963,3497,5,2,3507,350007,350012,346515
6964,3497,14,2,3517,350012,350026,346529
6965,3497,48,3,3500,350026,350074,346577
6966,3497,82,3,3505,350074,350156,346659
6967,3498,32,3,3518,350156,350188,346690
6970,3499,31,3,3512,350188,350219,346720
6971,3499,41,3,3510,350219,350260,346761
6969,3499,70,1,3509,350260,350330,346831
6968,3499,81,3,3503,350330,350411,346912
6974,3500,27,2,3508,350411,350438,346938
6972,3500,45,3,3519,350438,350483,346983
6975,3500,50,3,3502,350483,350533,347033
6973,3500,98,3,3507,350533,350631,347131
6976,3501,9,1,3512,350631,350640,347139
6977,3502,98,3,3515,350640,350738,347236
6978,3503,65,1,3514,350738,350803,347300
6979,3504,14,1,3510,350803,350817,347313
6980,3504,27,3,3519,350817,350844,347340
6982,3505,46,3,3511,350844,350890,347385
6981,3505,80,2,3518,350890,350970,347465
6984,3506,6,1,3514,350970,350976,347470
6985,3506,39,2,3512,350976,351015,347509
6983,3506,80,3,3521,351015,351095,347589
6986,3507,84,2,3524,351095,351179,347672
6987,3508,56,1,3516,351179,351235,347727
6988,3509,4,1,3523,351235,351239,347730
6990,3509,65,2,3511,351239,351304,347795
6991,3509,84,2,3529,351304,351388,347879
6989,3509,98,2,3522,351388,351486,347977
6992,3510,47,1,3515,351486,351533,348023
6993,3511,72,2,3528,351533,351605,348094
6994,3511,84,1,3529,351605,351689,348178
6997,3512,26,3,3527,351689,351715,348203
6998,3512,33,1,3528,351715,351748,348236
6999,3512,55,2,3531,351748,351803,348291
6995,3512,66,2,3525,351803,351869,348357
6996,3512,99,1,3515,351869,351968,348456
7002,3513,1,1,3524,351968,351969,348456
7001,3513,3,3,3519,351969,351972,348459
7000,3513,9,1,3523,351972,351981,348468
7003,3513,31,3,3527,351981,352012,348499
7004,3513,71,3,3531,352012,352083,348570
7005,3514,93,2,3531,352083,352176,348662
7006,3515,9,1,3517,352176,352185,348670
7007,3516,64,1,3526,352185,352249,348733
7008,3517,65,2,3525,352249,352314,348797
7010,3518,41,3,3537,352314,352355,348837
7009,3518,61,1,3535,352355,352416,348898
7012,3519,35,2,3532,352416,352451,348932
7013,3519,47,1,3526,352451,352498,348979
7011,3519,82,3,3538,352498,352580,349061
7015,3519,91,2,3535,352580,352671,349152
7014,3519,97,1,3534,352671,352768,349249
7016,3520,45,3,3526,352768,352813,349293
7018,3521,7,1,3528,352813,352820,349299
7017,3521,26,1,3536,352820,352846,349325
7024,3522,35,1,3527,352846,352881,349359
7022,3522,37,2,3537,352881,352918,349396
7021,3522,53,1,3526,352918,352971,349449
7019,3522,70,1,3523,352971,353041,349519
7020,3522,80,3,3538,353041,353121,349599
7023,3522,96,1,3530,353121,353217,349695
7027,3523,9,1,3532,353217,353226,349703
7025,3523,31,2,3532,353226,353257,349734
7028,3523,52,2,3536,353257,353309,349786
7026,3523,99,1,3541,353309,353408,349885
7030,3524,11,2,3535,353408,353419,349895
7029,3524,36,3,3543,353419,353455,349931
7031,3524,66,3,3533,353455,353521,349997
7032,3525,55,2,3527,353521,353576,350051
7033,3525,56,2,3539,353576,353632,350107
7034,3526,43,1,3532,353632,353675,350149
7035,3527,7,3,3547,353675,353682,350155
7036,3527,68,1,3528,353682,353750,350223
7037,3528,10,2,3534,353750,353760,350232
7038,3528,18,2,3534,353760,353778,350250
7039,3529,17,3,3531,353778,353795,350266
7040,3529,38,1,3541,353795,353833,350304
7041,3529,78,3,3544,353833,353911,350382
7045,3530,10,3,3548,353911,353921,350391
7042,3530,12,1,3544,353921,353933,350403
7044,3530,38,3,3550,353933,353971,350441
7043,3530,57,2,3537,353971,354028,350498
7047,3530,68,3,3541,354028,354096,350566
7046,3530,73,2,3531,354096,354169,350639
7048,3531,15,3,3549,354169,354184,350653
7049,3531,52,1,3547,354184,354236,350705
7052,3532,29,3,3539,354236,354265,350733
7051,3532,72,3,3536,354265,354337,350805
7050,3532,90,2,3539,354337,354427,350895
7054,3533,17,2,3538,354427,354444,350911
7053,3533,39,2,3543,354444,354483,350950
7055,3534,66,3,3544,354483,354549,351015
7056,3535,8,3,3537,354549,354557,351022
7057,3536,9,1,3549,354557,354566,351030
7058,3536,20,3,3537,354566,354586,351050
7059,3537,31,1,3547,354586,354617,351080
7061,3538,32,2,3540,354617,354649,351111
7060,3538,44,2,3545,354649,354693,351155
7062,3539,33,3,3556,354693,354726,351187
7063,3539,68,2,3559,354726,354794,351255
7066,3539,75,1,3555,354794,354869,351330
7067,3539,89,1,3554,354869,354958,351419
7064,3539,91,3,3555,354958,355049,351510
7065,3539,93,3,3551,355049,355142,351603
7068,3540,27,1,3556,355142,355169,351629
7069,3540,60,2,3541,355169,355229,351689
7070,3541,86,1,3561,355229,355315,351774
7076,3542,11,2,3550,355315,355326,351784
7074,3542,32,3,3561,355326,355358,351816
7075,3542,32,2,3543,355358,355390,351848
7073,3542,64,2,3562,355390,355454,351912
7077,3542,65,2,3549,355454,355519,351977
7072,3542,67,2,3553,355519,355586,352044
7071,3542,76,1,3552,355586,355662,352120
7078,3543,32,3,3553,355662,355694,352151
7079,3544,77,3,3564,355694,355771,352227
7080,3545,87,3,3548,355771,355858,352313
7081,3546,45,1,3552,355858,355903,352357
7082,3547,26,2,3556,355903,355929,352382
7083,3547,79,3,3563,355929,356008,352461
7084,3548,3,3,3556,356008,356011,352463
7085,3548,69,3,3556,356011,356080,352532
7087,3549,33,2,3567,356080,356113,352564
7086,3549,99,2,3568,356113,356212,352663
7089,3550,46,1,3552,356212,356258,352708
7088,3550,48,2,3563,356258,356306,352756
7090,3551,23,3,3565,356306,356329,352778
7091,3551,84,1,3552,356329,356413,352862
7092,3552,60,3,3570,356413,356473,352921
7093,3552,83,1,3560,356473,356556,353004
7094,3553,5,1,3557,356556,356561,353008
7097,3553,5,2,3554,356561,356566,353013
7096,3553,18,1,3559,356566,356584,353031
7098,3553,70,1,3554,356584,356654,353101
7095,3553,75,3,3563,356654,356729,353176
7099,3554,21,2,3556,356729,356750,353196
7101,3555,10,3,3556,356750,356760,353205
7100,3555,27,1,3570,356760,356787,353232
7103,3556,13,3,3576,356787,356800,353244
7104,3556,71,1,3557,356800,356871,353315
7102,3556,76,1,3559,356871,356947,353391
7105,3557,2,3,3565,356947,356949,353392
7106,3558,42,3,3559,356949,356991,353433
7107,3559,5,1,3564,356991,356996,353437
7108,3560,65,2,3577,356996,357061,353501
7109,3561,4,3,3567,357061,357065,353504
7111,3562,24,3,3577,357065,357089,353527
7110,3562,68,2,3574,357089,357157,353595
7112,3563,7,2,3566,357157,357164,353601
7113,3564,100,2,3572,357164,357264,353700
7114,3565,26,3,3580,357264,357290,353725
7115,3566,61,2,3575,357290,357351,353785
7116,3567,32,1,3585,357351,357383,353816
7118,3568,24,3,3577,357383,357407,353839
7120,3568,43,1,3573,357407,357450,353882
7119,3568,56,2,3570,357450,357506,353938
7117,3568,67,1,3576,357506,357573,354005
7121,3569,1,3,3576,357573,357574,354005
7123,3570,56,3,3578,357574,357630,354060
7124,3570,69,3,3583,357630,357699,354129
7122,3570,86,1,3576,357699,357785,354215
7125,3571,41,2,3581,357785,357826,354255
7126,3571,76,3,3581,357826,357902,354331
7127,3572,90,3,3583,357902,357992,354420
7128,3573,23,3,3576,357992,358015,354442
7130,3573,73,3,3589,358015,358088,354515
7129,3573,95,1,3576,358088,358183,354610
7133,3574,39,3,3579,358183,358222,354648
7132,3574,40,2,3587,358222,358262,354688
7135,3574,54,3,3577,358262,358316,354742
7131,3574,90,3,3583,358316,358406,354832
7134,3574,95,1,3591,358406,358501,354927
7136,3575,12,2,3586,358501,358513,354938
7138,3575,51,3,3579,358513,358564,354989
7137,3575,72,3,3594,358564,358636,355061
7139,3576,43,3,3579,358636,358679,355103
7140,3577,51,2,3590,358679,358730,355153
7141,3578,13,1,3588,358730,358743,355165
7142,3578,34,3,3598,358743,358777,355199
7145,3578,43,3,3587,358777,358820,355242
7144,3578,45,3,3593,358820,358865,355287
7143,3578,84,3,3588,358865,358949,355371
7146,3579,64,1,3597,358949,359013,355434
7147,3579,90,3,3595,359013,359103,355524
7148,3580,53,3,3596,359103,359156,355576
7151,3581,9,2,3582,359156,359165,355584
7149,3581,26,2,3589,359165,359191,355610
7150,3581,78,2,3600,359191,359269,355688
7152,3582,11,3,3598,359269,359280,355698
7154,3583,36,1,3584,359280,359316,355733
7153,3583,84,1,3585,359316,359400,355817
7155,3583,97,2,3603,359400,359497,355914
7156,3584,71,2,3591,359497,359568,355984
7157,3585,92,3,3588,359568,359660,356075
7158,3586,2,1,3604,359660,359662,356076
7159,3586,87,2,3594,359662,359749,356163
7160,3587,29,3,3606,359749,359778,356191
7161,3587,89,1,3590,359778,359867,356280
7164,3588,3,2,3595,359867,359870,356282
7163,3588,5,1,3607,359870,359875,356287
7162,3588,23,2,3605,359875,359898,356310
7165,3588,45,2,3594,359898,359943,356355
7167,3589,32,3,3598,359943,359975,356386
7166,3589,78,1,3592,359975,360053,356464
7168,3590,36,1,3601,360053,360089,356499
7170,3591,7,2,3602,360089,360096,356505
7171,3591,10,3,3607,360096,360106,356515
7169,3591,96,3,3598,360106,360202,356611
7172,3592,34,2,3606,360202,360236,356644
7173,3592,98,3,3608,360236,360334,356742
7175,3593,41,1,3595,360334,360375,356782
7174,3593,78,2,3603,360375,360453,356860
7176,3593,95,3,3600,360453,360548,356955
7177,3594,76,2,3614,360548,360624,357030
7178,3595,68,1,3603,360624,360692,357097
7181,3596,24,3,3603,360692,360716,357120
7179,3596,53,2,3601,360716,360769,357173
7180,3596,65,2,3598,360769,360834,357238
7182,3597,35,2,3602,360834,360869,357272
7183,3598,8,2,3613,360869,360877,357279
7184,3598,45,3,3610,360877,360922,357324
7187,3599,18,2,3609,360922,360940,357341
7185,3599,54,3,3611,360940,360994,357395
7188,3599,79,1,3615,360994,361073,357474
7186,3599,86,1,3609,361073,361159,357560
7189,3600,70,1,3606,361159,361229,357629
7191,3601,9,1,3602,361229,361238,357637
7190,3601,66,3,3610,361238,361304,357703
7193,3602,83,2,3611,361304,361387,357785
7192,3602,99,3,3620,361387,361486,357884
7194,3603,31,2,3604,361486,361517,357914
7195,3604,20,2,3615,361517,361537,357933
7196,3605,93,1,3608,361537,361630,358025
7197,3606,24,1,3618,361630,361654,358048
7198,3607,80,1,3615,361654,361734,358127
7199,3608,48,3,3620,361734,361782,358174
7200,3609,96,1,3617,361782,361878,358269
7201,3610,5,1,3618,361878,361883,358273
7202,3611,43,1,3628,361883,361926,358315
7203,3612,45,2,3613,361926,361971,358359
7206,3612,57,3,3618,361971,362028,358416
7205,3612,96,2,3627,362028,362124,358512
7204,3612,100,1,3627,362124,362224,358612
7207,3613,11,2,3631,362224,362235,358622
7208,3614,89,2,3625,362235,362324,358710
7209,3614,100,3,3621,362324,362424,358810
7214,3615,5,2,3617,362424,362429,358814
7213,3615,22,2,3617,362429,362451,358836
7212,3615,46,3,3625,362451,362497,358882
7210,3615,77,2,3627,362497,362574,358959
7211,3615,89,3,3620,362574,362663,359048
7215,3616,7,1,3635,362663,362670,359054
7216,3616,14,2,3631,362670,362684,359068
7217,3617,86,3,3623,362684,362770,359153
7218,3618,23,2,3626,362770,362793,359175
7219,3619,28,3,3627,362793,362821,359202
7220,3619,73,2,3621,362821,362894,359275
7221,3619,94,2,3638,362894,362988,359369
7222,3620,75,2,3627,362988,363063,359443
7224,3621,67,2,3638,363063,363130,359509
7223,3621,97,1,3627,363130,363227,359606
7226,3622,17,2,3637,363227,363244,359622
7225,3622,73,3,3635,363244,363317,359695
7227,3623,1,2,3626,363317,363318,359695
7228,3624,64,1,3626,363318,363382,359758
7229,3625,66,2,3634,363382,363448,359823
7230,3625,70,1,3633,363448,363518,359893
7231,3625,73,3,3637,363518,363591,359966
7232,3625,87,2,3642,363591,363678,360053
7233,3626,4,3,3642,363678,363682,360056
7234,3626,86,2,3638,363682,363768,360142
7235,3627,4,2,3635,363768,363772,360145
7239,3628,70,3,3646,363772,363842,360214
7237,3628,76,3,3635,363842,363918,360290
7236,3628,79,2,3640,363918,363997,360369
7238,3628,85,3,3642,363997,364082,360454
7240,3629,47,2,3630,364082,364129,360500
7241,3629,79,2,3642,364129,364208,360579
7242,3630,7,2,3631,364208,364215,360585
7245,3630,16,3,3639,364215,364231,360601
7243,3630,56,2,3645,364231,364287,360657
7244,3630,74,3,3639,364287,364361,360731
7246,3630,76,1,3636,364361,364437,360807
7247,3631,32,3,3638,364437,364469,360838
7249,3632,74,3,3638,364469,364543,360911
7248,3632,78,3,3646,364543,364621,360989
7250,3633,44,3,3636,364621,364665,361032
7251,3634,95,2,3640,364665,364760,361126
7253,3635,29,3,3643,364760,364789,361154
7252,3635,54,1,3644,364789,364843,361208
7254,3636,39,3,3656,364843,364882,361246
7255,3636,98,2,3641,364882,364980,361344
7256,3637,42,1,3642,364980,365022,361385
7258,3638,30,2,3645,365022,365052,361414
7257,3638,69,1,3649,365052,365121,361483
7259,3639,89,2,3645,365121,365210,361571
7260,3639,96,2,3642,365210,365306,361667
7263,3640,12,3,3659,365306,365318,361678
7262,3640,39,3,3646,365318,365357,361717
7261,3640,63,1,3657,365357,365420,361780
7264,3641,69,3,3660,365420,365489,361848
7265,3642,8,3,3650,365489,365497,361855
7268,3643,2,3,3651,365497,365499,361856
7266,3643,56,2,3646,365499,365555,361912
7267,3643,80,2,3651,365555,365635,361992
7269,3644,20,3,3663,365635,365655,362011
7270,3645,33,1,3665,365655,365688,362043
7271,3645,84,1,3648,365688,365772,362127
7272,3646,7,1,3651,365772,365779,362133
7273,3647,64,3,3659,365779,365843,362196
7274,3648,10,3,3668,365843,365853,362205
7276,3648,44,3,3651,365853,365897,362249
7277,3648,45,2,3663,365897,365942,362294
7275,3648,56,3,3663,365942,365998,362350
7278,3649,49,1,3656,365998,366047,362398
7279,3650,35,1,3659,366047,366082,362432
7280,3650,45,1,3651,366082,366127,362477
7281,3651,48,3,3654,366127,366175,362524
7282,3652,86,1,3653,366175,366261,362609
7283,3653,78,2,3670,366261,366339,362686
7284,3654,26,2,3661,366339,366365,362711
7285,3655,22,1,3672,366365,366387,362732
7286,3655,79,1,3662,366387,366466,362811
7287,3656,18,3,3672,366466,366484,362828
7288,3656,34,1,3673,366484,366518,362862
7289,3656,73,1,3663,366518,366591,362935
7291,3657,20,1,3671,366591,366611,362954
7292,3657,61,3,3664,366611,366672,363015
7290,3657,75,1,3660,366672,366747,363090
7293,3658,30,1,3663,366747,366777,363119
7294,3659,93,2,3679,366777,366870,363211
7297,3660,4,2,3676,366870,366874,363214
7298,3660,14,1,3675,366874,366888,363228
7296,3660,53,3,3666,366888,366941,363281
7295,3660,62,1,3665,366941,367003,363343
7299,3661,26,3,3665,367003,367029,363368
7300,3662,50,3,3682,367029,367079,363417
7303,3663,2,2,3672,367079,367081,363418
7304,3663,36,2,3681,367081,367117,363454
7301,3663,77,1,3676,367117,367194,363531
7302,3663,95,2,3682,367194,367289,363626
7305,3664,42,1,3679,367289,367331,363667
7306,3664,92,2,3684,367331,367423,363759
7307,3665,81,2,3678,367423,367504,363839
7315,3666,3,2,3685,367504,367507,363841
7314,3666,5,3,3681,367507,367512,363846
7309,3666,37,1,3670,367512,367549,363883
7311,3666,37,1,3684,367549,367586,363920
7308,3666,57,1,3671,367586,367643,363977
7312,3666,63,3,3674,367643,367706,364040
7313,3666,63,1,3670,367706,367769,364103
7310,3666,73,3,3673,367769,367842,364176
7319,3667,7,1,3687,367842,367849,364182
7318,3667,18,1,3680,367849,367867,364200
7316,3667,51,3,3674,367867,367918,364251
7317,3667,52,1,3686,367918,367970,364303
7320,3668,64,1,3681,367970,368034,364366
7322,3669,32,2,3688,368034,368066,364397
7321,3669,54,2,3684,368066,368120,364451
7323,3670,74,3,3683,368120,368194,364524
7324,3671,30,3,3684,368194,368224,364553
7325,3672,59,2,3685,368224,368283,364611
7328,3673,6,3,3684,368283,368289,364616
7326,3673,71,2,3677,368289,368360,364687
7327,3673,87,2,3677,368360,368447,364774
7330,3674,26,3,3685,368447,368473,364799
7329,3674,89,2,3692,368473,368562,364888
7331,3675,84,2,3688,368562,368646,364971
7332,3676,72,1,3691,368646,368718,365042
7333,3677,48,3,3693,368718,368766,365089
7334,3678,20,3,3698,368766,368786,365108
7337,3678,33,2,3687,368786,368819,365141
7335,3678,34,1,3696,368819,368853,365175
7336,3678,35,3,3697,368853,368888,365210
7338,3678,94,2,3692,368888,368982,365304
7339,3679,43,3,3695,368982,369025,365346
7341,3679,61,3,3694,369025,369086,365407
7340,3679,65,2,3685,369086,369151,365472
7342,3680,12,3,3683,369151,369163,365483
7344,3681,90,2,3694,369163,369253,365572
7343,3681,98,1,3684,369253,369351,365670
7345,3682,44,2,3699,369351,369395,365713
7346,3682,95,1,3701,369395,369490,365808
7347,3683,80,1,3697,369490,369570,365887
7348,3684,14,1,3691,369570,369584,365900
7349,3685,32,2,3692,369584,369616,365931
7350,3686,80,3,3691,369616,369696,366010
7351,3687,24,3,3696,369696,369720,366033
7354,3688,35,2,3704,369720,369755,366067
7352,3688,59,2,3704,369755,369814,366126
7353,3688,65,2,3695,369814,369879,366191
7355,3688,68,2,3689,369879,369947,366259
7356,3689,12,1,3699,369947,369959,366270
7357,3690,87,3,3697,369959,370046,366356
7358,3691,45,3,3704,370046,370091,366400
7359,3691,91,3,3696,370091,370182,366491
7360,3691,100,1,3704,370182,370282,366591
7366,3692,28,3,3711,370282,370310,366618
7361,3692,52,1,3712,370310,370362,366670
7363,3692,55,1,3708,370362,370417,366725
7362,3692,57,2,3702,370417,370474,366782
7365,3692,95,3,3699,370474,370569,366877
7364,3692,97,2,3708,370569,370666,366974
7368,3693,55,2,3709,370666,370721,367028
7367,3693,79,2,3705,370721,370800,367107
7370,3694,22,2,3713,370800,370822,367128
7369,3694,80,1,3705,370822,370902,367208
7375,3695,1,1,3706,370902,370903,367208
7373,3695,10,2,3710,370903,370913,367218
7372,3695,75,2,3712,370913,370988,367293
7374,3695,99,3,3699,370988,371087,367392
7371,3695,100,1,3710,371087,371187,367492
7378,3696,26,2,3714,371187,371213,367517
7379,3696,44,2,3700,371213,371257,367561
7376,3696,45,1,3707,371257,371302,367606
7377,3696,88,1,3715,371302,371390,367694
7380,3697,24,3,3714,371390,371414,367717
7381,3698,22,3,3705,371414,371436,367738
7382,3698,61,1,3710,371436,371497,367799
7383,3699,18,3,3708,371497,371515,367816
7384,3700,8,2,3720,371515,371523,367823
7385,3700,25,3,3718,371523,371548,367848
7386,3701,41,1,3704,371548,371589,367888
7387,3701,45,2,3718,371589,371634,367933
7388,3701,86,3,3709,371634,371720,368019
7389,3702,4,2,3705,371720,371724,368022
7390,3703,20,1,3712,371724,371744,368041
7391,3703,37,3,3710,371744,371781,368078
7392,3704,33,2,3718,371781,371814,368110
7393,3704,66,3,3721,371814,371880,368176
7394,3705,11,3,3724,371880,371891,368186
7395,3705,96,3,3714,371891,371987,368282
7397,3706,14,3,3713,371987,372001,368295
7398,3706,43,1,3710,372001,372044,368338
7396,3706,52,1,3710,372044,372096,368390
7399,3707,64,2,3714,372096,372160,368453
7400,3708,18,3,3721,372160,372178,368470
7401,3709,11,3,3716,372178,372189,368480
7402,3709,45,1,3716,372189,372234,368525
7403,3710,24,2,3717,372234,372258,368548
7404,3711,12,2,3722,372258,372270,368559
7405,3711,14,3,3725,372270,372284,368573
7406,3712,75,1,3727,372284,372359,368647
7408,3713,25,3,3715,372359,372384,368671
7407,3713,64,3,3733,372384,372448,368735
7409,3714,63,3,3723,372448,372511,368797
7410,3715,20,1,3726,372511,372531,368816
7411,3715,28,3,3724,372531,372559,368844
7412,3716,95,2,3729,372559,372654,368938
7413,3717,3,3,3736,372654,372657,368940
7414,3718,73,3,3729,372657,372730,369012
7415,3718,92,3,3732,372730,372822,369104
7417,3719,5,1,3723,372822,372827,369108
7416,3719,25,3,3722,372827,372852,369133
7418,3719,60,1,3738,372852,372912,369193
7419,3719,63,1,3725,372912,372975,369256
7420,3720,45,3,3733,372975,373020,369300
7421,3721,8,1,3741,373020,373028,369307
7422,3722,40,1,3738,373028,373068,369346
7423,3723,26,3,3726,373068,373094,369371
7424,3724,1,1,3727,373094,373095,369371
7425,3725,3,3,3730,373095,373098,369373
7428,3726,37,3,3729,373098,373135,369409
7426,3726,44,2,3731,373135,373179,369453
7427,3726,47,2,3730,373179,373226,369500
7429,3727,53,1,3747,373226,373279,369552
7431,3728,31,3,3737,373279,373310,369582
7430,3728,43,2,3738,373310,373353,369625
7432,3728,50,3,3743,373353,373403,369675
7433,3729,22,2,3731,373403,373425,369696
7435,3729,25,2,3739,373425,373450,369721
7434,3729,82,1,3731,373450,373532,369803
7437,3730,3,1,3735,373532,373535,369805
7436,3730,33,3,3738,373535,373568,369838
7439,3731,61,3,3741,373568,373629,369898
7440,3731,70,3,3742,373629,373699,369968
7438,3731,76,3,3741,373699,373775,370044
7441,3732,46,1,3735,373775,373821,370089
7442,3733,92,2,3746,373821,373913,370180
7443,3734,91,3,3754,373913,374004,370270
7444,3735,4,3,3750,374004,374008,370273
7446,3736,4,1,3754,374008,374012,370276
7445,3736,91,3,3748,374012,374103,370367
7449,3737,27,1,3738,374103,374130,370393
7447,3737,47,3,3757,374130,374177,370440
7448,3737,82,3,3745,374177,374259,370522
7452,3738,45,3,3754,374259,374304,370566
7450,3738,88,3,3743,374304,374392,370654
7451,3738,100,1,3746,374392,374492,370754
7453,3739,72,2,3751,374492,374564,370825
7454,3740,32,2,3754,374564,374596,370856
7455,3741,62,2,3756,374596,374658,370917
7456,3742,78,1,3755,374658,374736,370994
7460,3743,11,2,3759,374736,374747,371004
7465,3743,16,1,3756,374747,374763,371020
7469,3743,32,3,3751,374763,374795,371052
7462,3743,40,3,3760,374795,374835,371092
7464,3743,47,3,3749,374835,374882,371139
7467,3743,47,2,3758,374882,374929,371186
7470,3743,50,1,3760,374929,374979,371236
7468,3743,66,2,3746,374979,375045,371302
7457,3743,67,3,3757,375045,375112,371369
7461,3743,67,3,3750,375112,375179,371436
7471,3743,67,1,3745,375179,375246,371503
7458,3743,74,3,3748,375246,375320,371577
7463,3743,76,2,3751,375320,375396,371653
7459,3743,77,3,3749,375396,375473,371730
7466,3743,88,1,3746,375473,375561,371818
7474,3744,24,1,3759,375561,375585,371841
7475,3744,72,2,3753,375585,375657,371913
7472,3744,84,2,3754,375657,375741,371997
7476,3744,97,2,3761,375741,375838,372094
7473,3744,100,1,3750,375838,375938,372194
7479,3745,94,3,3761,375938,376032,372287
7478,3745,95,3,3761,376032,376127,372382
7477,3745,96,2,3746,376127,376223,372478
7480,3746,55,2,3756,376223,376278,372532
7483,3747,14,1,3765,376278,376292,372545
7482,3747,20,1,3759,376292,376312,372565
7481,3747,41,3,3753,376312,376353,372606
7484,3748,9,1,3766,376353,376362,372614
7485,3748,74,2,3763,376362,376436,372688
7486,3749,59,1,3764,376436,376495,372746
7490,3750,1,2,3766,376495,376496,372746
7487,3750,17,2,3761,376496,376513,372763
7489,3750,18,3,3766,376513,376531,372781
7488,3750,99,2,3758,376531,376630,372880
7491,3751,19,2,3766,376630,376649,372898
7494,3752,38,1,3763,376649,376687,372935
7495,3752,42,3,3763,376687,376729,372977
7492,3752,75,3,3769,376729,376804,373052
7493,3752,100,2,3770,376804,376904,373152
7497,3753,4,1,3769,376904,376908,373155
7496,3753,53,3,3764,376908,376961,373208
7498,3754,14,3,3765,376961,376975,373221
7499,3754,27,3,3773,376975,377002,373248
7501,3755,8,1,3764,377002,377010,373255
7500,3755,33,3,3765,377010,377043,373288
7502,3756,24,1,3774,377043,377067,373311
7503,3757,76,3,3771,377067,377143,373386
7507,3758,12,2,3763,377143,377155,373397
7504,3758,47,2,3769,377155,377202,373444
7505,3758,71,2,3759,377202,377273,373515
7506,3758,95,3,3777,377273,377368,373610
7508,3759,20,3,3768,377368,377388,373629
7509,3760,14,2,3762,377388,377402,373642
7511,3761,21,2,3778,377402,377423,373662
7510,3761,68,1,3767,377423,377491,373730
7512,3761,82,3,3770,377491,377573,373812
7513,3762,23,2,3768,377573,377596,373834
7514,3763,33,3,3774,377596,377629,373866
7515,3763,34,3,3766,377629,377663,373900
7516,3764,87,3,3783,377663,377750,373986
7518,3765,64,2,3778,377750,377814,374049
7517,3765,98,2,3771,377814,377912,374147
7519,3766,18,2,3779,377912,377930,374164
7520,3767,100,3,3773,377930,378030,374263
7521,3768,42,3,3773,378030,378072,374304
7522,3769,10,2,3776,378072,378082,374313
7523,3770,84,3,3779,378082,378166,374396
7525,3771,66,2,3791,378166,378232,374461
7524,3771,68,3,3791,378232,378300,374529
7529,3772,7,2,3773,378300,378307,374535
7527,3772,46,1,3785,378307,378353,374581
7526,3772,62,2,3774,378353,378415,374643
7528,3772,83,3,3789,378415,378498,374726
7530,3773,11,3,3777,378498,378509,374736
7531,3774,30,2,3792,378509,378539,374765
7532,3774,67,2,3776,378539,378606,374832
7533,3775,78,2,3794,378606,378684,374909
7534,3776,48,3,3787,378684,378732,374956
7535,3776,63,3,3795,378732,378795,375019
7536,3777,59,3,3794,378795,378854,375077
7537,3778,58,3,3784,378854,378912,375134
7539,3779,24,1,3789,378912,378936,375157
7538,3779,70,2,3790,378936,379006,375227
7540,3780,17,2,3797,379006,379023,375243
7541,3781,29,2,3784,379023,379052,375271
7542,3782,77,3,3790,379052,379129,375347
7543,3783,54,2,3800,379129,379183,375400
7544,3784,28,1,3801,379183,379211,375427
7545,3785,79,3,3805,379211,379290,375505
7546,3785,85,2,3793,379290,379375,375590
7549,3786,59,1,3788,379375,379434,375648
7548,3786,66,3,3799,379434,379500,375714
7547,3786,74,3,3792,379500,379574,375788
7551,3787,2,2,3800,379574,379576,375789
7553,3787,50,1,3801,379576,379626,375839
7552,3787,60,1,3807,379626,379686,375899
7550,3787,79,3,3806,379686,379765,375978
7554,3788,98,3,3802,379765,379863,376075
7555,3789,13,1,3806,379863,379876,376087
7556,3789,67,1,3803,379876,379943,376154
7560,3790,7,3,3801,379943,379950,376160
7557,3790,14,1,3807,379950,379964,376174
7558,3790,32,3,3808,379964,379996,376206
7559,3790,75,2,3810,379996,380071,376281
7564,3791,9,1,3794,380071,380080,376289
7562,3791,17,1,3802,380080,380097,376306
7563,3791,38,1,3794,380097,380135,376344
7561,3791,59,1,3792,380135,380194,376403
7565,3792,17,2,3794,380194,380211,376419
7566,3793,4,2,3796,380211,380215,376422
7567,3793,92,1,3812,380215,380307,376514
7569,3794,30,3,3799,380307,380337,376543
7568,3794,82,3,3811,380337,380419,376625
7572,3795,5,2,3803,380419,380424,376629
7570,3795,35,1,3814,380424,380459,376664
7571,3795,41,1,3802,380459,380500,376705
7573,3796,17,2,3809,380500,380517,376721
7576,3796,52,1,3802,380517,380569,376773
7574,3796,88,1,3799,380569,380657,376861
7575,3796,93,2,3810,380657,380750,376954
7577,3797,85,2,3807,380750,380835,377038
7578,3798,32,1,3810,380835,380867,377069
7579,3798,50,3,3816,380867,380917,377119
7581,3798,54,2,3818,380917,380971,377173
7580,3798,71,2,3817,380971,381042,377244
7584,3799,22,2,3805,381042,381064,377265
7586,3799,39,2,3819,381064,381103,377304
7582,3799,48,1,3817,381103,381151,377352
7585,3799,75,3,3806,381151,381226,377427
7583,3799,77,1,3818,381226,381303,377504
7587,3800,30,2,3811,381303,381333,377533
7588,3801,45,1,3812,381333,381378,377577
7589,3802,94,3,3811,381378,381472,377670
7592,3803,8,2,3820,381472,381480,377677
7594,3803,38,2,3804,381480,381518,377715
7595,3803,52,1,3812,381518,381570,377767
7591,3803,78,3,3808,381570,381648,377845
7593,3803,97,3,3810,381648,381745,377942
7590,3803,98,2,3806,381745,381843,378040
7596,3804,34,1,3819,381843,381877,378073
7598,3805,12,1,3817,381877,381889,378084
7597,3805,78,1,3823,381889,381967,378162
7599,3806,77,1,3823,381967,382044,378238
7602,3807,17,2,3813,382044,382061,378254
7604,3807,19,2,3808,382061,382080,378273
7603,3807,31,3,3821,382080,382111,378304
7600,3807,37,3,3811,382111,382148,378341
7601,3807,39,3,3817,382148,382187,378380
7606,3808,35,3,3827,382187,382222,378414
7605,3808,79,2,3814,382222,382301,378493
7607,3809,50,3,3816,382301,382351,378542
7608,3809,59,1,3826,382351,382410,378601
7609,3810,66,1,3819,382410,382476,378666
7610,3811,75,1,3812,382476,382551,378740
7611,3812,5,2,3830,382551,382556,378744
7612,3812,36,1,3820,382556,382592,378780
7613,3813,60,2,3816,382592,382652,378839
7614,3813,73,2,3819,382652,382725,378912
7615,3814,27,2,3817,382725,382752,378938
7616,3814,46,3,3818,382752,382798,378984
7617,3814,50,2,3818,382798,382848,379034
7621,3815,8,3,3827,382848,382856,379041
7619,3815,22,2,3832,382856,382878,379063
7618,3815,75,2,3823,382878,382953,379138
7620,3815,96,2,3817,382953,383049,379234
7622,3816,27,2,3834,383049,383076,379260
7624,3817,38,1,3823,383076,383114,379297
7623,3817,58,3,3825,383114,383172,379355
7625,3817,100,3,3827,383172,383272,379455
7626,3818,44,3,3822,383272,383316,379498
7627,3818,63,3,3826,383316,383379,379561
7628,3819,55,2,3834,383379,383434,379615
7629,3819,83,2,3831,383434,383517,379698
7630,3820,74,1,3829,383517,383591,379771
7631,3821,77,3,3836,383591,383668,379847
7633,3822,17,2,3827,383668,383685,379863
7635,3822,18,2,3833,383685,383703,379881
7634,3822,28,1,3830,383703,383731,379909
7636,3822,30,3,3833,383731,383761,379939
7632,3822,44,2,3840,383761,383805,379983
7637,3823,54,3,3830,383805,383859,380036
7640,3824,26,3,3827,383859,383885,380061
7639,3824,36,3,3825,383885,383921,380097
7638,3824,89,1,3841,383921,384010,380186
7641,3825,61,3,3837,384010,384071,380246
7642,3826,75,1,3837,384071,384146,380320
7644,3827,20,1,3845,384146,384166,380339
7645,3827,39,2,3838,384166,384205,380378
7646,3827,42,3,3830,384205,384247,380420
7647,3827,44,2,3833,384247,384291,380464
7643,3827,57,2,3835,384291,384348,380521
7649,3828,13,2,3842,384348,384361,380533
7648,3828,32,2,3848,384361,384393,380565
7651,3829,34,1,3834,384393,384427,380598
7650,3829,88,3,3833,384427,384515,380686
7652,3830,12,1,3843,384515,384527,380697
7653,3831,95,1,3847,384527,384622,380791
7654,3832,62,3,3845,384622,384684,380852
7659,3833,12,3,3842,384684,384696,380863
7660,3833,23,1,3845,384696,384719,380886
7658,3833,29,3,3835,384719,384748,380915
7657,3833,69,1,3846,384748,384817,380984
7656,3833,95,3,3844,384817,384912,381079
7655,3833,96,3,3837,384912,385008,381175
7661,3834,45,3,3846,385008,385053,381219
7662,3835,89,1,3839,385053,385142,381307
7664,3836,5,3,3841,385142,385147,381311
7663,3836,37,3,3838,385147,385184,381348
7665,3836,48,1,3842,385184,385232,381396
7666,3836,48,2,3840,385232,385280,381444
7667,3837,10,2,3853,385280,385290,381453
7669,3837,21,3,3850,385290,385311,381474
7671,3837,44,2,3840,385311,385355,381518
7668,3837,59,2,3845,385355,385414,381577
7670,3837,85,1,3848,385414,385499,381662
7672,3838,9,3,3843,385499,385508,381670
7673,3838,68,2,3846,385508,385576,381738
7674,3838,96,2,3840,385576,385672,381834
7676,3839,58,1,3847,385672,385730,381891
7675,3839,63,2,3856,385730,385793,381954
7677,3840,14,3,3853,385793,385807,381967
7678,3840,51,1,3845,385807,385858,382018
7679,3841,14,1,3848,385858,385872,382031
7680,3842,46,2,3852,385872,385918,382076
7681,3843,50,1,3853,385918,385968,382125
7682,3844,71,3,3853,385968,386039,382195
7683,3845,56,2,3851,386039,386095,382250
7684,3846,47,1,3862,386095,386142,382296
7685,3847,2,2,3858,386142,386144,382297
7686,3848,47,1,3859,386144,386191,382343
7688,3849,22,3,3857,386191,386213,382364
7689,3849,26,3,3865,386213,386239,382390
7687,3849,99,1,3855,386239,386338,382489
7690,3850,20,1,3868,386338,386358,382508
7691,3850,94,1,3870,386358,386452,382602
7693,3851,10,2,3868,386452,386462,382611
7692,3851,65,3,3863,386462,386527,382676
7694,3852,19,3,3858,386527,386546,382694
7698,3853,22,1,3861,386546,386568,382715
7695,3853,45,2,3866,386568,386613,382760
7696,3853,64,2,3865,386613,386677,382824
7699,3853,88,1,3858,386677,386765,382912
7697,3853,99,3,3873,386765,386864,383011
7700,3854,4,3,3867,386864,386868,383014
7701,3854,21,1,3861,386868,386889,383035
7703,3855,31,2,3856,386889,386920,383065
7702,3855,83,2,3861,386920,387003,383148
7704,3856,87,2,3863,387003,387090,383234
7707,3857,1,2,3860,387090,387091,383234
7706,3857,22,1,3858,387091,387113,383256
7705,3857,81,3,3864,387113,387194,383337
7708,3858,67,2,3875,387194,387261,383403
7709,3859,90,3,3873,387261,387351,383492
7710,3860,7,1,3877,387351,387358,383498
7711,3861,88,1,3864,387358,387446,383585
7713,3862,22,3,3874,387446,387468,383606
7714,3862,72,1,3874,387468,387540,383678
7712,3862,73,2,3867,387540,387613,383751
7716,3863,23,1,3865,387613,387636,383773
7715,3863,35,2,3876,387636,387671,383808
7717,3864,13,1,3880,387671,387684,383820
7718,3864,41,3,3868,387684,387725,383861
7719,3864,51,1,3868,387725,387776,383912
7720,3864,62,3,3868,387776,387838,383974
7722,3865,8,3,3872,387838,387846,383981
7721,3865,67,1,3880,387846,387913,384048
7723,3866,77,3,3874,387913,387990,384124
7724,3867,23,2,3882,387990,388013,384146
7725,3868,81,3,3873,388013,388094,384226
7726,3869,6,1,3888,388094,388100,384231
7727,3870,43,2,3877,388100,388143,384273
7728,3871,2,3,3881,388143,388145,384274
7729,3871,2,3,3881,388145,388147,384276
7730,3872,85,2,3875,388147,388232,384360
7731,3872,86,1,3886,388232,388318,384446
7732,3873,26,2,3879,388318,388344,384471
7734,3873,26,3,3880,388344,388370,384497
7733,3873,34,2,3881,388370,388404,384531
7735,3874,73,1,3891,388404,388477,384603
7736,3875,92,1,3890,388477,388569,384694
7737,3876,15,3,3893,388569,388584,384708
7738,3876,85,1,3895,388584,388669,384793
7739,3877,65,3,3883,388669,388734,384857
7740,3878,26,1,3879,388734,388760,384882
7741,3878,93,3,3887,388760,388853,384975
7743,3879,14,3,3894,388853,388867,384988
7744,3879,54,2,3896,388867,388921,385042
7742,3879,55,1,3894,388921,388976,385097
7745,3880,58,3,3898,388976,389034,385154
7746,3881,36,2,3890,389034,389070,385189
7747,3882,6,1,3900,389070,389076,385194
7749,3882,20,1,3897,389076,389096,385214
7748,3882,51,1,3896,389096,389147,385265
7750,3882,82,3,3889,389147,389229,385347
7751,3883,22,2,3887,389229,389251,385368
7753,3884,19,3,3885,389251,389270,385386
7752,3884,70,1,3894,389270,389340,385456
7754,3885,74,2,3892,389340,389414,385529
7755,3886,99,3,3905,389414,389513,385627
7756,3887,68,1,3902,389513,389581,385694
7758,3888,9,3,3895,389581,389590,385702
7757,3888,17,3,3904,389590,389607,385719
7761,3889,1,2,3906,389607,389608,385719
7760,3889,19,2,3906,389608,389627,385738
7759,3889,25,3,3905,389627,389652,385763
7762,3889,43,2,3903,389652,389695,385806
7763,3890,23,3,3898,389695,389718,385828
7764,3891,4,2,3902,389718,389722,385831
7765,3891,28,3,3905,389722,389750,385859
7766,3892,38,1,3900,389750,389788,385896
7771,3893,12,1,3897,389788,389800,385907
7773,3893,32,2,3900,389800,389832,385939
7770,3893,43,2,3912,389832,389875,385982
7767,3893,44,1,3910,389875,389919,386026
7772,3893,65,3,3897,389919,389984,386091
7768,3893,78,2,3910,389984,390062,386169
7769,3893,92,2,3894,390062,390154,386261
7774,3894,28,1,3897,390154,390182,386288
7775,3894,29,3,3902,390182,390211,386317
7777,3895,57,3,3900,390211,390268,386373
7776,3895,71,3,3898,390268,390339,386444
7778,3895,98,1,3908,390339,390437,386542
7779,3896,8,1,3897,390437,390445,386549
7780,3897,48,3,3905,390445,390493,386596
7782,3898,1,3,3901,390493,390494,386596
7781,3898,18,2,3901,390494,390512,386614
7784,3899,19,2,3910,390512,390531,386632
7783,3899,29,1,3904,390531,390560,386661
7785,3900,16,3,3901,390560,390576,386676
7786,3900,53,2,3914,390576,390629,386729
7787,3901,36,2,3913,390629,390665,386764
7788,3902,76,3,3911,390665,390741,386839
7789,3903,62,3,3906,390741,390803,386900
7790,3904,84,3,3907,390803,390887,386983
7791,3905,70,3,3915,390887,390957,387052
7792,3906,3,1,3921,390957,390960,387054
7793,3906,55,1,3915,390960,391015,387109
7794,3907,58,3,3926,391015,391073,387166
7795,3908,15,2,3924,391073,391088,387180
7796,3909,100,3,3912,391088,391188,387279
7797,3910,50,2,3927,391188,391238,387328
7798,3911,13,1,3929,391238,391251,387340
7800,3912,62,1,3926,391251,391313,387401
7799,3912,82,1,3922,391313,391395,387483
7801,3913,92,1,3917,391395,391487,387574
7802,3914,8,1,3924,391487,391495,387581
7803,3914,13,3,3921,391495,391508,387594
7805,3915,79,1,3919,391508,391587,387672
7804,3915,94,1,3916,391587,391681,387766
7806,3916,15,3,3930,391681,391696,387780
7807,3917,30,3,3927,391696,391726,387809
7808,3917,70,1,3927,391726,391796,387879
7809,3918,42,1,3925,391796,391838,387920
7810,3918,88,1,3937,391838,391926,388008
7811,3919,18,1,3929,391926,391944,388025
7812,3919,33,3,3921,391944,391977,388058
7813,3920,55,1,3926,391977,392032,388112
7815,3921,3,3,3935,392032,392035,388114
7814,3921,10,2,3930,392035,392045,388124
7816,3922,28,3,3938,392045,392073,388151
7817,3923,37,3,3935,392073,392110,388187
7818,3924,6,3,3927,392110,392116,388192
7819,3924,86,1,3939,392116,392202,388278
7821,3925,2,1,3945,392202,392204,388279
7824,3925,4,1,3943,392204,392208,388283
7823,3925,25,3,3941,392208,392233,388308
7820,3925,55,2,3930,392233,392288,388363
7822,3925,77,1,3939,392288,392365,388440
7826,3925,77,2,3934,392365,392442,388517
7825,3925,95,1,3945,392442,392537,388612
7827,3926,91,3,3929,392537,392628,388702
7828,3927,46,1,3941,392628,392674,388747
7831,3928,53,2,3947,392674,392727,388799
7829,3928,57,2,3931,392727,392784,388856
7830,3928,76,2,3929,392784,392860,388932
7832,3929,52,2,3939,392860,392912,388983
7833,3930,16,3,3933,392912,392928,388998
7835,3930,42,3,3943,392928,392970,389040
7834,3930,51,2,3942,392970,393021,389091
7836,3931,27,3,3946,393021,393048,389117
7838,3932,54,3,3947,393048,393102,389170
7837,3932,79,3,3934,393102,393181,389249
7840,3933,15,1,3939,393181,393196,389263
7839,3933,31,3,3937,393196,393227,389294
7841,3933,90,3,3940,393227,393317,389384
7842,3934,1,2,3935,393317,393318,389384
7843,3934,27,2,3937,393318,393345,389411
7844,3934,36,1,3953,393345,393381,389447
7846,3935,40,1,3945,393381,393421,389486
7845,3935,95,1,3954,393421,393516,389581
7847,3936,45,2,3937,393516,393561,389625
7848,3937,95,3,3940,393561,393656,389719
7849,3938,67,1,3942,393656,393723,389785
7850,3939,62,2,3948,393723,393785,389846
7851,3940,45,2,3941,393785,393830,389890
7854,3941,26,3,3945,393830,393856,389915
7852,3941,46,1,3948,393856,393902,389961
7853,3941,49,3,3957,393902,393951,390010
7856,3942,15,3,3953,393951,393966,390024
7855,3942,34,3,3953,393966,394000,390058
7857,3943,87,2,3952,394000,394087,390144
7858,3944,79,2,3958,394087,394166,390222
7859,3944,96,2,3947,394166,394262,390318
7860,3945,13,2,3965,394262,394275,390330
7861,3945,70,3,3948,394275,394345,390400
7862,3946,91,3,3951,394345,394436,390490
7863,3947,66,2,3961,394436,394502,390555
7864,3948,17,3,3958,394502,394519,390571
7865,3949,9,3,3958,394519,394528,390579
7866,3950,47,2,3957,394528,394575,390625
7867,3951,60,3,3955,394575,394635,390684
7868,3951,66,1,3968,394635,394701,390750
7869,3952,24,2,3969,394701,394725,390773
7870,3952,82,3,3963,394725,394807,390855
7874,3953,3,1,3962,394807,394810,390857
7873,3953,5,2,3970,394810,394815,390862
7876,3953,9,1,3962,394815,394824,390871
7872,3953,31,1,3958,394824,394855,390902
7878,3953,37,1,3965,394855,394892,390939
7875,3953,45,3,3973,394892,394937,390984
7871,3953,82,3,3969,394937,395019,391066
7877,3953,96,2,3965,395019,395115,391162
7879,3954,24,2,3960,395115,395139,391185
7880,3955,61,2,3962,395139,395200,391245
7882,3956,50,1,3973,395200,395250,391294
7881,3956,52,3,3972,395250,395302,391346
7886,3957,15,2,3973,395302,395317,391360
7887,3957,20,3,3958,395317,395337,391380
7885,3957,24,1,3973,395337,395361,391404
7883,3957,41,1,3972,395361,395402,391445
7884,3957,58,3,3968,395402,395460,391503
7888,3958,6,1,3971,395460,395466,391508
7889,3959,95,2,3961,395466,395561,391602
7890,3960,45,3,3962,395561,395606,391646
7891,3960,53,3,3964,395606,395659,391699
7892,3961,13,2,3980,395659,395672,391711
7894,3962,33,2,3971,395672,395705,391743
7893,3962,95,1,3974,395705,395800,391838
7895,3963,29,3,3974,395800,395829,391866
7897,3963,39,3,3982,395829,395868,391905
7896,3963,93,2,3964,395868,395961,391998
7898,3964,2,3,3972,395961,395963,391999
7899,3964,34,2,3973,395963,395997,392033
7900,3964,36,1,3978,395997,396033,392069
7901,3965,10,1,3983,396033,396043,392078
7902,3965,19,1,3985,396043,396062,392097
7903,3966,76,3,3974,396062,396138,392172
7904,3967,87,3,3971,396138,396225,392258
7905,3968,22,2,3971,396225,396247,392279
7906,3969,95,1,3982,396247,396342,392373
7908,3970,5,3,3979,396342,396347,392377
7909,3970,17,2,3979,396347,396364,392394
7910,3970,62,2,3988,396364,396426,392456
7907,3970,90,2,3972,396426,396516,392546
7911,3971,35,2,3986,396516,396551,392580
7912,3972,64,2,3978,396551,396615,392643
7913,3973,32,2,3990,396615,396647,392674
7914,3974,47,3,3990,396647,396694,392720
7915,3975,96,2,3991,396694,396790,392815
7916,3976,60,1,3985,396790,396850,392874
7917,3977,21,1,3995,396850,396871,392894
7919,3978,14,3,3988,396871,396885,392907
7918,3978,39,1,3979,396885,396924,392946
7922,3979,18,2,3991,396924,396942,392963
7920,3979,28,1,3981,396942,396970,392991
7923,3979,64,2,3981,396970,397034,393055
7921,3979,93,1,3987,397034,397127,393148
7924,3980,34,3,3991,397127,397161,393181
7926,3981,41,3,3990,397161,397202,393221
7925,3981,45,3,3987,397202,397247,393266
7927,3982,58,2,3994,397247,397305,393323
7928,3983,19,1,3987,397305,397324,393341
7929,3983,68,2,4000,397324,397392,393409
7931,3984,10,3,3990,397392,397402,393418
7930,3984,69,3,3992,397402,397471,393487
7932,3985,26,3,3998,397471,397497,393512
7933,3986,11,1,3994,397497,397508,393522
7935,3987,28,2,4004,397508,397536,393549
7934,3987,29,3,3988,397536,397565,393578
7937,3987,49,2,3993,397565,397614,393627
7936,3987,96,2,4006,397614,397710,393723
7938,3988,46,2,4007,397710,397756,393768
7939,3988,48,2,4001,397756,397804,393816
7940,3988,72,2,3998,397804,397876,393888
7941,3989,61,2,4009,397876,397937,393948
7942,3989,66,2,3998,397937,398003,394014
7944,3990,23,3,3991,398003,398026,394036
7943,3990,27,3,3996,398026,398053,394063
7945,3991,77,3,3992,398053,398130,394139
7947,3992,39,2,3998,398130,398169,394177
7946,3992,55,1,3999,398169,398224,394232
7948,3992,80,2,3995,398224,398304,394312
7949,3992,92,2,3993,398304,398396,394404
7952,3993,37,2,3996,398396,398433,394440
7954,3993,42,3,3994,398433,398475,394482
7950,3993,53,1,3996,398475,398528,394535
7953,3993,62,3,4009,398528,398590,394597
7951,3993,94,1,4002,398590,398684,394691
7956,3994,79,2,3999,398684,398763,394769
7955,3994,92,1,4012,398763,398855,394861
7957,3995,20,3,4001,398855,398875,394880
7958,3995,29,2,4012,398875,398904,394909
7959,3995,37,2,4007,398904,398941,394946
7960,3996,13,1,4008,398941,398954,394958
7962,3997,39,1,3999,398954,398993,394996
7963,3997,77,3,4000,398993,399070,395073
7961,3997,79,3,4008,399070,399149,395152
7964,3998,49,1,4009,399149,399198,395200
7965,3999,23,2,4003,399198,399221,395222
7967,4000,15,1,4010,399221,399236,395236
7968,4000,31,3,4019,399236,399267,395267
7966,4000,100,3,4013,399267,399367,395367
7969,4001,11,3,4009,399367,399378,395377
7971,4002,73,2,4021,399378,399451,395449
7970,4002,87,2,4013,399451,399538,395536
7972,4003,36,3,4011,399538,399574,395571
7973,4004,37,3,4016,399574,399611,395607
7976,4005,15,1,4008,399611,399626,395621
7975,4005,87,1,4019,399626,399713,395708
7974,4005,91,1,4019,399713,399804,395799
7977,4006,100,2,4009,399804,399904,395898
7978,4007,96,3,4024,399904,400000,395993
7979,4008,47,3,4025,400000,400047,396039
7980,4008,63,3,4027,400047,400110,396102
7986,4009,1,2,4017,400110,400111,396102
7982,4009,31,3,4022,400111,400142,396133
7985,4009,32,2,4022,400142,400174,396165
7983,4009,62,3,4019,400174,400236,396227
7981,4009,82,2,4023,400236,400318,396309
7984,4009,98,2,4012,400318,400416,396407
7987,4010,92,3,4011,400416,400508,396498
7988,4011,79,1,4016,400508,400587,396576
7989,4012,19,3,4015,400587,400606,396594
7990,4013,7,2,4014,400606,400613,396600
7991,4014,95,2,4025,400613,400708,396694
7995,4015,35,2,4026,400708,400743,396728
7994,4015,74,2,4019,400743,400817,396802
7993,4015,88,3,4021,400817,400905,396890
7992,4015,89,3,4033,400905,400994,396979
7996,4016,70,2,4018,400994,401064,397048
7997,4017,73,3,4026,401064,401137,397120
7998,4018,28,2,4027,401137,401165,397147
8000,4019,9,1,4030,401165,401174,397155
7999,4019,95,3,4037,401174,401269,397250
8001,4020,70,3,4028,401269,401339,397319
8002,4020,79,3,4023,401339,401418,397398
8003,4021,5,2,4035,401418,401423,397402
8004,4022,69,2,4032,401423,401492,397470
8005,4023,77,3,4025,401492,401569,397546
8006,4024,41,1,4044,401569,401610,397586
8007,4025,38,2,4037,401610,401648,397623
8009,4026,30,1,4028,401648,401678,397652
8008,4026,36,2,4044,401678,401714,397688
8010,4027,38,1,4037,401714,401752,397725
8011,4027,64,1,4043,401752,401816,397789
8012,4028,99,3,4043,401816,401915,397887
8015,4029,8,2,4043,401915,401923,397894
8014,4029,18,2,4037,401923,401941,397912
8016,4029,50,1,4032,401941,401991,397962
8013,4029,55,1,4035,401991,402046,398017
8017,4029,79,3,4043,402046,402125,398096
8019,4030,1,1,4038,402125,402126,398096
8018,4030,74,2,4044,402126,402200,398170
8020,4031,63,1,4046,402200,402263,398232
8021,4031,89,2,4032,402263,402352,398321
8022,4032,7,3,4052,402352,402359,398327
8023,4033,45,3,4042,402359,402404,398371
8024,4033,56,3,4048,402404,402460,398427
8025,4034,74,3,4048,402460,402534,398500
8027,4035,7,2,4041,402534,402541,398506
8026,4035,90,1,4048,402541,402631,398596
8028,4036,65,3,4049,402631,402696,398660
8029,4036,76,2,4051,402696,402772,398736
8030,4037,29,2,4057,402772,402801,398764
8031,4038,33,2,4046,402801,402834,398796
8032,4038,45,3,4044,402834,402879,398841
8033,4039,89,1,4053,402879,402968,398929
8034,4040,61,2,4051,402968,403029,398989
8035,4040,90,2,4057,403029,403119,399079
8036,4041,50,1,4050,403119,403169,399128
8037,4041,95,3,4046,403169,403264,399223
8038,4042,82,1,4044,403264,403346,399304
8040,4043,56,2,4044,403346,403402,399359
8041,4043,56,1,4058,403402,403458,399415
8039,4043,67,1,4061,403458,403525,399482
8042,4043,80,3,4058,403525,403605,399562
8043,4044,40,3,4053,403605,403645,399601
8044,4045,63,3,4059,403645,403708,399663
8046,4046,28,1,4056,403708,403736,399690
8045,4046,57,1,4057,403736,403793,399747
8047,4047,32,1,4056,403793,403825,399778
8053,4047,37,1,4061,403825,403862,399815
8054,4047,39,3,4054,403862,403901,399854
8051,4047,43,2,4053,403901,403944,399897
8052,4047,72,1,4064,403944,404016,399969
8050,4047,78,2,4063,404016,404094,400047
8048,4047,90,3,4052,404094,404184,400137
8049,4047,96,2,4050,404184,404280,400233
8058,4048,17,1,4058,404280,404297,400249
8055,4048,62,2,4066,404297,404359,400311
8056,4048,87,2,4065,404359,404446,400398
8057,4048,98,2,4057,404446,404544,400496
8059,4049,41,3,4060,404544,404585,400536
8060,4049,98,3,4059,404585,404683,400634
8061,4050,49,3,4070,404683,404732,400682
8062,4051,15,1,4061,404732,404747,400696
8064,4052,70,3,4056,404747,404817,400765
8063,4052,100,2,4070,404817,404917,400865
8066,4053,3,3,4070,404917,404920,400867
8065,4053,59,1,4071,404920,404979,400926
8067,4053,98,2,4058,404979,405077,401024
8068,4054,29,1,4067,405077,405106,401052
8069,4055,56,3,4072,405106,405162,401107
8071,4056,8,3,4059,405162,405170,401114
8073,4056,24,1,4066,405170,405194,401138
8072,4056,32,3,4062,405194,405226,401170
8074,4056,33,3,4074,405226,405259,401203
8070,4056,37,3,4067,405259,405296,401240
8075,4056,41,2,4072,405296,405337,401281
8076,4056,60,2,4075,405337,405397,401341
8078,4057,5,1,4058,405397,405402,401345
8077,4057,90,3,4073,405402,405492,401435
8079,4058,4,3,4064,405492,405496,401438
8080,4059,25,3,4074,405496,405521,401462
8081,4060,94,3,4063,405521,405615,401555
8082,4061,93,3,4075,405615,405708,401647
8084,4062,23,2,4078,405708,405731,401669
8083,4062,67,1,4082,405731,405798,401736
8085,4063,63,3,4068,405798,405861,401798
8086,4064,78,3,4074,405861,405939,401875
8087,4065,64,2,4077,405939,406003,401938
8089,4066,4,1,4085,406003,406007,401941
8088,4066,6,1,4075,406007,406013,401947
8090,4066,6,3,4085,406013,406019,401953
8093,4067,19,1,4075,406019,406038,401971
8091,4067,33,2,4077,406038,406071,402004
8092,4067,76,3,4068,406071,406147,402080
8094,4068,39,3,4074,406147,406186,402118
8095,4069,66,1,4073,406186,406252,402183
8099,4070,11,3,4081,406252,406263,402193
8097,4070,43,1,4085,406263,406306,402236
8098,4070,47,3,4074,406306,406353,402283
8100,4070,64,1,4080,406353,406417,402347
8096,4070,79,2,4079,406417,406496,402426
8101,4071,3,2,4089,406496,406499,402428
8102,4072,1,2,4087,406499,406500,402428
8103,4072,39,1,4075,406500,406539,402467
8105,4073,11,2,4079,406539,406550,402477
8104,4073,62,2,4075,406550,406612,402539
8106,4074,14,3,4075,406612,406626,402552
8108,4075,32,1,4093,406626,406658,402583
8107,4075,47,2,4090,406658,406705,402630
8111,4076,18,1,4079,406705,406723,402647
8110,4076,38,3,4082,406723,406761,402685
8112,4076,71,3,4090,406761,406832,402756
8109,4076,91,1,4094,406832,406923,402847
8113,4077,25,2,4090,406923,406948,402871
8114,4078,86,1,4094,406948,407034,402956
8115,4079,32,1,4082,407034,407066,402987
8117,4080,50,2,4095,407066,407116,403036
8116,4080,90,3,4099,407116,407206,403126
8118,4081,70,3,4082,407206,407276,403195
8119,4082,71,3,4091,407276,407347,403265
8123,4083,6,1,4089,407347,407353,403270
8121,4083,12,3,4102,407353,407365,403282
8129,4083,16,3,4090,407365,407381,403298
8122,4083,27,2,4093,407381,407408,403325
8125,4083,39,1,4102,407408,407447,403364
8128,4083,48,1,4092,407447,407495,403412
8120,4083,50,3,4093,407495,407545,403462
8127,4083,59,1,4089,407545,407604,403521
8130,4083,87,1,4099,407604,407691,403608
8124,4083,95,1,4092,407691,407786,403703
8126,4083,98,3,4103,407786,407884,403801
8131,4084,84,1,4087,407884,407968,403884
8132,4085,97,3,4088,407968,408065,403980
8133,4086,49,2,4106,408065,408114,404028
8136,4087,17,1,4103,408114,408131,404044
8135,4087,76,1,4105,408131,408207,404120
8134,4087,83,3,4088,408207,408290,404203
8137,4088,6,2,4093,408290,408296,404208
8139,4089,37,3,4107,408296,408333,404244
8138,4089,38,3,4093,408333,408371,404282
8142,4090,11,2,4098,408371,408382,404292
8140,4090,12,1,4098,408382,408394,404304
8141,4090,65,3,4105,408394,408459,404369
8143,4091,87,3,4095,408459,408546,404455
8144,4092,51,2,4106,408546,408597,404505
8147,4092,66,3,4099,408597,408663,404571
8146,4092,74,2,4105,408663,408737,404645
8145,4092,88,1,4107,408737,408825,404733
8149,4093,70,1,4110,408825,408895,404802
8148,4093,77,3,4098,408895,408972,404879
8151,4094,55,3,4107,408972,409027,404933
8150,4094,81,1,4113,409027,409108,405014
8152,4094,98,2,4107,409108,409206,405112
8156,4095,10,3,4098,409206,409216,405121
8154,4095,42,3,4105,409216,409258,405163
8153,4095,44,1,4098,409258,409302,405207
8155,4095,62,1,4110,409302,409364,405269
8157,4096,95,3,4103,409364,409459,405363
8158,4097,26,3,4101,409459,409485,405388
8160,4098,20,1,4102,409485,409505,405407
8159,4098,33,3,4114,409505,409538,405440
8161,4099,68,2,4102,409538,409606,405507
8163,4100,9,2,4111,409606,409615,405515
8162,4100,23,3,4106,409615,409638,405538
8165,4100,51,1,4115,409638,409689,405589
8164,4100,100,2,4110,409689,409789,405689
8166,4101,52,2,4111,409789,409841,405740
8167,4102,32,2,4112,409841,409873,405771
8168,4102,64,1,4103,409873,409937,405835
8169,4103,20,2,4115,409937,409957,405854
8170,4103,85,1,4115,409957,410042,405939
8173,4104,10,1,4110,410042,410052,405948
8172,4104,54,3,4106,410052,410106,406002
8171,4104,61,1,4108,410106,410167,406063
8175,4105,15,2,4118,410167,410182,406077
8174,4105,59,3,4119,410182,410241,406136
8176,4106,96,2,4126,410241,410337,406231
8177,4107,11,2,4108,410337,410348,406241
8178,4107,49,3,4119,410348,410397,406290
8179,4107,50,2,4111,410397,410447,406340
8180,4108,12,3,4126,410447,410459,406351
8181,4108,61,1,4114,410459,410520,406412
8183,4109,25,1,4111,410520,410545,406436
8184,4109,29,3,4129,410545,410574,406465
8182,4109,68,1,4128,410574,410642,406533
8185,4110,1,2,4117,410642,410643,406533
8186,4110,93,2,4119,410643,410736,406626
8187,4111,17,2,4118,410736,410753,406642
8188,4112,11,3,4126,410753,410764,406652
8189,4112,87,2,4130,410764,410851,406739
8190,4113,4,3,4130,410851,410855,406742
8191,4114,54,1,4128,410855,410909,406795
8192,4115,96,1,4125,410909,411005,406890
8193,4116,63,3,4131,411005,411068,406952
8194,4117,8,3,4118,411068,411076,406959
8195,4118,16,2,4135,411076,411092,406974
8196,4118,27,1,4119,411092,411119,407001
8197,4118,41,2,4131,411119,411160,407042
8202,4119,65,2,4133,411160,411225,407106
8200,4119,67,3,4134,411225,411292,407173
8201,4119,75,3,4134,411292,411367,407248
8199,4119,82,1,4121,411367,411449,407330
8198,4119,88,3,4121,411449,411537,407418
8203,4120,54,1,4134,411537,411591,407471
8204,4121,22,2,4135,411591,411613,407492
8206,4122,10,1,4133,411613,411623,407501
8205,4122,50,2,4134,411623,411673,407551
8208,4123,18,1,4127,411673,411691,407568
8207,4123,91,2,4129,411691,411782,407659
8209,4124,4,1,4142,411782,411786,407662
8210,4125,67,1,4129,411786,411853,407728
8212,4126,7,2,4144,411853,411860,407734
8211,4126,76,1,4131,411860,411936,407810
8213,4127,100,1,4128,411936,412036,407909
8215,4128,20,2,4132,412036,412056,407928
8214,4128,93,2,4129,412056,412149,408021
8216,4129,68,3,4134,412149,412217,408088
8217,4130,37,3,4132,412217,412254,408124
8218,4131,71,1,4137,412254,412325,408194
8219,4131,81,2,4146,412325,412406,408275
8220,4132,32,3,4139,412406,412438,408306
8221,4133,76,1,4148,412438,412514,408381
8222,4134,29,2,4152,412514,412543,408409
8224,4135,21,1,4146,412543,412564,408429
8223,4135,74,1,4142,412564,412638,408503
8225,4135,82,3,4141,412638,412720,408585
8226,4136,72,3,4140,412720,412792,408656
8227,4137,34,1,4139,412792,412826,408689
8229,4137,58,2,4150,412826,412884,408747
8228,4137,100,2,4157,412884,412984,408847
8231,4138,18,3,4156,412984,413002,408864
8230,4138,25,2,4145,413002,413027,408889
8232,4139,28,1,4146,413027,413055,408916
8233,4140,56,2,4147,413055,413111,408971
8235,4141,26,3,4149,413111,413137,408996
8236,4141,40,3,4150,413137,413177,409036
8237,4141,44,1,4154,413177,413221,409080
8238,4141,44,1,4144,413221,413265,409124
8234,4141,59,1,4151,413265,413324,409183
8239,4142,7,1,4150,413324,413331,409189
8240,4143,62,1,4158,413331,413393,409250
8241,4144,39,3,4148,413393,413432,409288
8243,4145,74,1,4160,413432,413506,409361
8242,4145,76,1,4153,413506,413582,409437
8244,4146,57,2,4162,413582,413639,409493
8245,4147,47,1,4158,413639,413686,409539
8248,4148,23,3,4167,413686,413709,409561
8247,4148,27,2,4149,413709,413736,409588
8246,4148,84,2,4149,413736,413820,409672
8249,4149,99,2,4165,413820,413919,409770
8250,4150,44,1,4166,413919,413963,409813
8251,4151,11,1,4152,413963,413974,409823
8252,4152,17,2,4163,413974,413991,409839
8253,4153,47,3,4167,413991,414038,409885
8254,4153,58,3,4172,414038,414096,409943
8255,4154,6,1,4158,414096,414102,409948
8258,4154,7,1,4171,414102,414109,409955
8256,4154,10,1,4156,414109,414119,409965
8257,4154,57,1,4156,414119,414176,410022
8260,4155,10,3,4164,414176,414186,410031
8259,4155,25,3,4171,414186,414211,410056
8261,4155,75,1,4168,414211,414286,410131
8262,4156,96,2,4168,414286,414382,410226
8263,4157,19,2,4159,414382,414401,410244
8265,4158,2,2,4175,414401,414403,410245
8267,4158,7,1,4170,414403,414410,410252
8264,4158,35,2,4177,414410,414445,410287
8266,4158,58,1,4169,414445,414503,410345
8268,4159,43,1,4161,414503,414546,410387
8269,4160,16,3,4171,414546,414562,410402
8270,4161,95,2,4172,414562,414657,410496
8271,4162,24,1,4165,414657,414681,410519
8272,4162,64,1,4167,414681,414745,410583
8277,4163,12,3,4167,414745,414757,410594
8273,4163,14,1,4182,414757,414771,410608
8275,4163,43,2,4178,414771,414814,410651
8274,4163,45,1,4180,414814,414859,410696
8276,4163,51,1,4176,414859,414910,410747
8278,4163,64,1,4179,414910,414974,410811
8279,4164,84,1,4168,414974,415058,410894
8280,4164,95,1,4167,415058,415153,410989
8282,4165,4,2,4180,415153,415157,410992
8281,4165,54,2,4176,415157,415211,411046
8285,4166,52,2,4173,415211,415263,411097
8284,4166,76,1,4180,415263,415339,411173
8283,4166,81,1,4168,415339,415420,411254
8287,4167,56,2,4182,415420,415476,411309
8286,4167,86,3,4178,415476,415562,411395
8288,4167,87,1,4177,415562,415649,411482
8289,4168,19,2,4169,415649,415668,411500
8290,4168,21,1,4174,415668,415689,411521
8294,4168,21,2,4172,415689,415710,411542
8291,4168,43,3,4177,415710,415753,411585
8293,4168,66,1,4170,415753,415819,411651
8292,4168,72,3,4171,415819,415891,411723
8298,4169,12,1,4171,415891,415903,411734
8296,4169,20,2,4188,415903,415923,411754
8300,4169,34,1,4181,415923,415957,411788
8299,4169,38,3,4181,415957,415995,411826
8295,4169,66,3,4177,415995,416061,411892
8301,4169,94,1,4175,416061,416155,411986
8297,4169,99,3,4189,416155,416254,412085
8302,4170,8,1,4180,416254,416262,412092
8304,4170,41,3,4171,416262,416303,412133
8303,4170,89,2,4186,416303,416392,412222
8305,4171,22,1,4179,416392,416414,412243
8307,4171,38,3,4173,416414,416452,412281
8306,4171,82,1,4182,416452,416534,412363
8308,4172,18,3,4182,416534,416552,412380
8309,4172,60,1,4176,416552,416612,412440
8311,4173,34,1,4180,416612,416646,412473
8312,4173,39,2,4174,416646,416685,412512
8310,4173,52,1,4175,416685,416737,412564
8314,4174,6,2,4189,416737,416743,412569
8313,4174,28,3,4184,416743,416771,412597
8316,4174,78,3,4184,416771,416849,412675
8315,4174,85,2,4194,416849,416934,412760
8318,4175,53,3,4190,416934,416987,412812
8317,4175,63,1,4194,416987,417050,412875
8319,4176,21,2,4193,417050,417071,412895
8321,4176,46,2,4181,417071,417117,412941
8320,4176,77,3,4179,417117,417194,413018
8323,4177,46,1,4196,417194,417240,413063
8324,4177,64,3,4186,417240,417304,413127
8322,4177,90,3,4187,417304,417394,413217
8325,4178,81,2,4185,417394,417475,413297
8328,4179,32,1,4196,417475,417507,413328
8327,4179,35,1,4190,417507,417542,413363
8326,4179,89,3,4197,417542,417631,413452
8329,4180,29,2,4195,417631,417660,413480
8331,4181,4,2,4184,417660,417664,413483
8330,4181,20,3,4198,417664,417684,413503
8332,4182,17,3,4201,417684,417701,413519
8333,4182,21,2,4195,417701,417722,413540
8336,4183,19,2,4201,417722,417741,413558
8338,4183,30,1,4191,417741,417771,413588
8335,4183,31,3,4195,417771,417802,413619
8337,4183,71,1,4199,417802,417873,413690
8334,4183,92,3,4200,417873,417965,413782
8341,4184,53,1,4191,417965,418018,413834
8339,4184,95,2,4185,418018,418113,413929
8340,4184,96,2,4192,418113,418209,414025
8342,4185,35,3,4187,418209,418244,414059
8345,4186,9,3,4189,418244,418253,414067
8343,4186,28,2,4190,418253,418281,414095
8344,4186,53,1,4193,418281,418334,414148
8346,4186,58,1,4206,418334,418392,414206
8349,4187,39,3,4191,418392,418431,414244
8347,4187,85,1,4199,418431,418516,414329
8348,4187,90,3,4207,418516,418606,414419
8350,4188,61,1,4207,418606,418667,414479
8351,4189,73,2,4207,418667,418740,414551
8354,4190,5,1,4199,418740,418745,414555
8355,4190,6,3,4203,418745,418751,414561
8356,4190,8,1,4198,418751,418759,414569
8360,4190,32,3,4191,418759,418791,414601
8363,4190,41,1,4205,418791,418832,414642
8362,4190,42,3,4209,418832,418874,414684
8358,4190,52,2,4203,418874,418926,414736
8352,4190,56,3,4199,418926,418982,414792
8357,4190,60,2,4199,418982,419042,414852
8359,4190,60,2,4206,419042,419102,414912
8361,4190,60,2,4194,419102,419162,414972
8364,4190,87,2,4205,419162,419249,415059
8353,4190,100,2,4202,419249,419349,415159
8365,4191,7,3,4198,419349,419356,415165
8366,4191,53,2,4199,419356,419409,415218
8367,4192,97,2,4201,419409,419506,415314
8368,4193,46,1,4207,419506,419552,415359
8369,4194,17,1,4211,419552,419569,415375
8375,4195,24,2,4204,419569,419593,415398
8373,4195,35,2,4202,419593,419628,415433
8370,4195,37,2,4210,419628,419665,415470
8372,4195,37,3,4209,419665,419702,415507
8371,4195,86,1,4214,419702,419788,415593
8374,4195,96,3,4207,419788,419884,415689
8377,4196,5,3,4209,419884,419889,415693
8376,4196,32,1,4207,419889,419921,415725
8378,4197,31,3,4205,419921,419952,415755
8379,4198,50,2,4202,419952,420002,415804
8381,4198,51,2,4204,420002,420053,415855
8380,4198,99,2,4214,420053,420152,415954
8382,4199,2,1,4204,420152,420154,415955
8383,4200,62,1,4207,420154,420216,416016
8387,4201,29,3,4208,420216,420245,416044
8384,4201,37,1,4216,420245,420282,416081
8385,4201,48,3,4217,420282,420330,416129
8386,4201,73,2,4208,420330,420403,416202
8388,4202,85,3,4215,420403,420488,416286
8389,4203,55,1,4215,420488,420543,416340
8390,4204,43,2,4218,420543,420586,416382
8392,4204,64,2,4216,420586,420650,416446
8391,4204,100,2,4212,420650,420750,416546
8394,4205,6,2,4206,420750,420756,416551
8395,4205,16,3,4222,420756,420772,416567
8397,4205,17,3,4224,420772,420789,416584
8396,4205,83,3,4210,420789,420872,416667
8393,4205,91,2,4207,420872,420963,416758
8398,4206,38,3,4209,420963,421001,416795
8400,4207,38,3,4223,421001,421039,416832
8399,4207,82,3,4212,421039,421121,416914
8401,4208,56,2,4227,421121,421177,416969
8403,4208,59,1,4219,421177,421236,417028
8402,4208,90,1,4227,421236,421326,417118
8404,4209,96,2,4229,421326,421422,417213
8405,4210,63,3,4212,421422,421485,417275
8406,4211,29,3,4229,421485,421514,417303
8408,4212,24,2,4222,421514,421538,417326
8410,4212,47,2,4219,421538,421585,417373
8407,4212,74,3,4222,421585,421659,417447
8409,4212,85,3,4228,421659,421744,417532
8411,4213,81,1,4224,421744,421825,417612
8412,4214,5,1,4218,421825,421830,417616
8413,4214,21,3,4226,421830,421851,417637
8414,4214,46,1,4230,421851,421897,417683
8417,4215,40,1,4229,421897,421937,417722
8416,4215,67,2,4218,421937,422004,417789
8415,4215,94,3,4233,422004,422098,417883
8418,4216,28,2,4226,422098,422126,417910
8419,4217,45,2,4230,422126,422171,417954
8420,4217,65,2,4225,422171,422236,418019
8421,4218,76,2,4237,422236,422312,418094
8422,4219,35,2,4239,422312,422347,418128
8423,4219,56,2,4229,422347,422403,418184
8425,4220,17,1,4223,422403,422420,418200
8424,4220,39,1,4229,422420,422459,418239
8426,4221,27,2,4228,422459,422486,418265
8427,4221,91,3,4240,422486,422577,418356
8428,4222,10,3,4225,422577,422587,418365
8429,4222,55,1,4233,422587,422642,418420
8430,4223,27,3,4231,422642,422669,418446
8431,4223,60,2,4241,422669,422729,418506
8433,4224,61,3,4240,422729,422790,418566
8432,4224,73,1,4235,422790,422863,418639
8434,4225,12,3,4242,422863,422875,418650
8435,4226,62,1,4240,422875,422937,418711
8437,4227,14,2,4247,422937,422951,418724
8436,4227,67,2,4237,422951,423018,418791
8438,4227,95,3,4237,423018,423113,418886
8440,4228,52,1,4229,423113,423165,418937
8439,4228,89,2,4241,423165,423254,419026
8441,4229,42,1,4246,423254,423296,419067
8442,4230,48,1,4246,423296,423344,419114
8443,4231,66,2,4240,423344,423410,419179
8444,4231,72,2,4236,423410,423482,419251
8445,4232,73,1,4250,423482,423555,419323
8446,4232,95,1,4241,423555,423650,419418
8448,4233,19,1,4253,423650,423669,419436
8447,4233,31,1,4252,423669,423700,419467
8449,4233,33,1,4234,423700,423733,419500
8450,4234,24,2,4238,423733,423757,419523
8452,4235,29,1,4245,423757,423786,419551
8451,4235,33,3,4237,423786,423819,419584
8453,4236,26,1,4256,423819,423845,419609
8454,4236,75,1,4244,423845,423920,419684
8455,4237,55,1,4241,423920,423975,419738
8456,4238,42,2,4252,423975,424017,419779
8457,4239,29,1,4242,424017,424046,419807
8458,4239,47,3,4253,424046,424093,419854
8459,4239,47,2,4248,424093,424140,419901
8460,4239,88,1,4248,424140,424228,419989
8461,4240,3,3,4259,424228,424231,419991
8462,4241,12,1,4260,424231,424243,420002
8463,4241,59,2,4253,424243,424302,420061
8464,4241,69,3,4244,424302,424371,420130
8465,4242,85,3,4247,424371,424456,420214
8468,4243,31,3,4255,424456,424487,420244
8466,4243,45,1,4257,424487,424532,420289
8467,4243,100,3,4248,424532,424632,420389
8470,4244,47,1,4248,424632,424679,420435
8469,4244,55,1,4264,424679,424734,420490
8471,4245,71,1,4252,424734,424805,420560
8472,4246,37,2,4257,424805,424842,420596
8476,4247,31,3,4263,424842,424873,420626
8475,4247,35,3,4266,424873,424908,420661
8473,4247,38,1,4248,424908,424946,420699
8474,4247,94,1,4258,424946,425040,420793
8477,4248,9,3,4265,425040,425049,420801
8478,4248,93,2,4262,425049,425142,420894
8479,4249,61,3,4251,425142,425203,420954
8480,4249,93,1,4262,425203,425296,421047
8481,4250,4,3,4260,425296,425300,421050
8482,4250,36,3,4251,425300,425336,421086
8483,4251,18,2,4267,425336,425354,421103
8486,4252,5,3,4272,425354,425359,421107
8485,4252,68,3,4268,425359,425427,421175
8484,4252,75,3,4258,425427,425502,421250
8487,4252,96,3,4261,425502,425598,421346
8488,4253,87,1,4261,425598,425685,421432
8489,4254,19,1,4264,425685,425704,421450
8490,4255,55,1,4259,425704,425759,421504
8491,4256,50,2,4276,425759,425809,421553
8492,4256,51,1,4274,425809,425860,421604
8493,4257,45,3,4262,425860,425905,421648
8494,4258,37,3,4270,425905,425942,421684
8495,4259,87,2,4260,425942,426029,421770
8497,4260,63,1,4279,426029,426092,421832
8496,4260,100,3,4280,426092,426192,421932
8498,4261,30,3,4266,426192,426222,421961
8499,4262,29,2,4271,426222,426251,421989
8500,4263,15,2,4281,426251,426266,422003
8502,4263,50,3,4267,426266,426316,422053
8501,4263,64,1,4268,426316,426380,422117
8503,4264,13,2,4273,426380,426393,422129
8507,4264,22,3,4273,426393,426415,422151
8504,4264,34,3,4268,426415,426449,422185
8508,4264,38,1,4284,426449,426487,422223
8505,4264,66,1,4281,426487,426553,422289
8506,4264,76,2,4277,426553,426629,422365
8509,4265,34,3,4277,426629,426663,422398
8510,4266,66,1,4283,426663,426729,422463
8514,4267,19,2,4272,426729,426748,422481
8511,4267,21,3,4273,426748,426769,422502
8515,4267,41,1,4282,426769,426810,422543
8513,4267,50,1,4280,426810,426860,422593
8512,4267,63,2,4274,426860,426923,422656
8518,4268,46,1,4282,426923,426969,422701
8517,4268,47,2,4287,426969,427016,422748
8516,4268,54,1,4276,427016,427070,422802
8521,4269,1,3,4278,427070,427071,422802
8520,4269,4,1,4278,427071,427075,422806
8519,4269,8,2,4288,427075,427083,422814
8523,4270,37,2,4282,427083,427120,422850
8522,4270,92,1,4279,427120,427212,422942
8524,4271,39,1,4282,427212,427251,422980
8525,4272,24,3,4275,427251,427275,423003
8526,4273,41,1,4289,427275,427316,423043
8527,4273,42,2,4288,427316,427358,423085
8528,4274,81,3,4285,427358,427439,423165
8529,4274,95,1,4292,427439,427534,423260
8530,4275,61,3,4286,427534,427595,423320
8531,4276,6,3,4296,427595,427601,423325
8533,4277,5,1,4285,427601,427606,423329
8532,4277,31,2,4297,427606,427637,423360
8534,4278,88,2,4280,427637,427725,423447
8536,4279,76,3,4298,427725,427801,423522
8535,4279,77,1,4284,427801,427878,423599
8537,4280,4,1,4284,427878,427882,423602
8538,4281,7,2,4284,427882,427889,423608
8539,4282,40,3,4300,427889,427929,423647
8541,4282,63,1,4292,427929,427992,423710
8540,4282,76,1,4290,427992,428068,423786
8543,4282,89,1,4294,428068,428157,423875
8542,4282,99,2,4297,428157,428256,423974
8544,4283,84,1,4292,428256,428340,424057
8546,4284,49,3,4296,428340,428389,424105
8545,4284,81,2,4298,428389,428470,424186
8547,4285,8,2,4296,428470,428478,424193
8548,4285,14,2,4303,428478,428492,424207
8549,4285,48,1,4295,428492,428540,424255
8550,4286,44,2,4306,428540,428584,424298
8551,4287,59,3,4305,428584,428643,424356
8552,4288,93,3,4297,428643,428736,424448
8553,4289,47,3,4309,428736,428783,424494
8554,4289,49,2,4299,428783,428832,424543
8555,4290,63,2,4305,428832,428895,424605
8558,4291,31,3,4294,428895,428926,424635
8557,4291,38,2,4302,428926,428964,424673
8556,4291,68,1,4310,428964,429032,424741
8561,4292,50,3,4308,429032,429082,424790
8559,4292,69,2,4312,429082,429151,424859
8560,4292,76,3,4310,429151,429227,424935
8564,4293,47,3,4309,429227,429274,424981
8565,4293,58,1,4311,429274,429332,425039
8562,4293,62,2,4305,429332,429394,425101
8563,4293,80,2,4304,429394,429474,425181
8566,4294,44,2,4314,429474,429518,425224
8568,4295,11,2,4308,429518,429529,425234
8567,4295,60,1,4315,429529,429589,425294
8570,4296,44,1,4299,429589,429633,425337
8569,4296,48,3,4303,429633,429681,425385
8572,4297,21,2,4305,429681,429702,425405
8571,4297,37,2,4307,429702,429739,425442
8573,4297,64,1,4310,429739,429803,425506
8574,4298,91,3,4300,429803,429894,425596
8576,4299,48,3,4307,429894,429942,425643
8575,4299,67,2,4312,429942,430009,425710
8577,4300,12,2,4301,430009,430021,425721
8578,4301,74,2,4311,430021,430095,425794
8579,4302,24,3,4312,430095,430119,425817
8582,4303,9,3,4321,430119,430128,425825
8581,4303,49,1,4310,430128,430177,425874
8580,4303,71,1,4311,430177,430248,425945
8584,4303,76,3,4308,430248,430324,426021
8583,4303,85,3,4319,430324,430409,426106
8585,4304,70,1,4321,430409,430479,426175
8586,4304,84,2,4314,430479,430563,426259
8587,4305,34,3,4324,430563,430597,426292
8591,4306,43,1,4316,430597,430640,426334
8594,4306,56,2,4317,430640,430696,426390
8589,4306,60,2,4326,430696,430756,426450
8595,4306,88,1,4320,430756,430844,426538
8588,4306,89,1,4317,430844,430933,426627
8592,4306,92,3,4314,430933,431025,426719
8593,4306,93,3,4312,431025,431118,426812
8590,4306,94,1,4326,431118,431212,426906
8596,4307,12,2,4313,431212,431224,426917
8597,4307,71,2,4327,431224,431295,426988
8599,4308,61,1,4314,431295,431356,427048
8598,4308,85,2,4328,431356,431441,427133
8600,4309,46,2,4319,431441,431487,427178
8601,4309,48,3,4329,431487,431535,427226
8604,4310,7,1,4327,431535,431542,427232
8603,4310,69,3,4327,431542,431611,427301
8602,4310,87,2,4314,431611,431698,427388
8605,4311,20,1,4313,431698,431718,427407
8606,4311,38,2,4323,431718,431756,427445
8607,4312,11,3,4313,431756,431767,427455
8610,4313,44,3,4320,431767,431811,427498
8608,4313,64,3,4315,431811,431875,427562
8612,4313,89,2,4319,431875,431964,427651
8611,4313,91,2,4326,431964,432055,427742
8609,4313,94,2,4318,432055,432149,427836
8615,4314,14,2,4316,432149,432163,427849
8614,4314,15,2,4325,432163,432178,427864
8613,4314,62,2,4316,432178,432240,427926
8616,4315,82,1,4321,432240,432322,428007
8617,4316,16,2,4330,432322,432338,428022
8618,4317,35,2,4330,432338,432373,428056
8619,4317,57,1,4324,432373,432430,428113
8620,4318,51,1,4323,432430,432481,428163
8621,4318,99,2,4323,432481,432580,428262
8622,4319,72,1,4333,432580,432652,428333
8624,4319,73,3,4326,432652,432725,428406
8623,4319,95,2,4325,432725,432820,428501
8625,4320,96,3,4340,432820,432916,428596
8626,4320,99,2,4340,432916,433015,428695
8627,4321,73,1,4335,433015,433088,428767
8628,4322,73,2,4328,433088,433161,428839
8629,4323,53,1,4327,433161,433214,428891
8630,4324,36,1,4337,433214,433250,428926
8631,4325,35,1,4330,433250,433285,428960
8632,4326,46,3,4330,433285,433331,429005
8633,4327,82,2,4339,433331,433413,429086
8634,4328,37,3,4335,433413,433450,429122
8635,4328,76,1,4346,433450,433526,429198
8638,4329,36,2,4336,433526,433562,429233
8636,4329,52,1,4332,433562,433614,429285
8637,4329,89,2,4345,433614,433703,429374
8639,4330,84,3,4345,433703,433787,429457
8640,4331,77,3,4349,433787,433864,429533
8641,4332,43,3,4349,433864,433907,429575
8643,4333,37,1,4350,433907,433944,429611
8642,4333,85,2,4344,433944,434029,429696
8644,4334,9,2,4341,434029,434038,429704
8645,4335,29,1,4351,434038,434067,429732
8646,4335,32,2,4337,434067,434099,429764
8647,4336,16,2,4340,434099,434115,429779
8648,4337,87,3,4346,434115,434202,429865
8649,4338,86,3,4348,434202,434288,429950
8650,4339,48,3,4347,434288,434336,429997
8651,4339,89,2,4355,434336,434425,430086
8652,4340,55,1,4342,434425,434480,430140
8653,4341,48,1,4347,434480,434528,430187
8654,4342,5,3,4358,434528,434533,430191
8655,4343,24,1,4356,434533,434557,430214
8656,4344,1,3,4347,434557,434558,430214
8657,4345,12,1,4346,434558,434570,430225
8658,4345,77,3,4347,434570,434647,430302
8660,4345,81,2,4360,434647,434728,430383
8659,4345,85,3,4350,434728,434813,430468
8661,4346,24,3,4362,434813,434837,430491
8662,4346,35,2,4354,434837,434872,430526
8663,4346,92,1,4348,434872,434964,430618
8665,4347,10,3,4354,434964,434974,430627
8664,4347,28,2,4364,434974,435002,430655
8667,4348,14,3,4357,435002,435016,430668
8668,4348,38,1,4353,435016,435054,430706
8666,4348,66,2,4366,435054,435120,430772
8669,4349,35,1,4352,435120,435155,430806
8670,4350,87,1,4370,435155,435242,430892
8672,4351,85,2,4371,435242,435327,430976
8671,4351,86,1,4368,435327,435413,431062
8674,4352,12,2,4366,435413,435425,431073
8673,4352,65,2,4361,435425,435490,431138
8676,4353,3,3,4356,435490,435493,431140
8675,4353,15,3,4358,435493,435508,431155
8677,4354,65,1,4371,435508,435573,431219
8678,4354,78,2,4370,435573,435651,431297
8679,4354,88,1,4374,435651,435739,431385
8682,4355,13,3,4362,435739,435752,431397
8680,4355,56,1,4357,435752,435808,431453
8681,4355,86,3,4364,435808,435894,431539
8684,4356,13,3,4364,435894,435907,431551
8683,4356,42,2,4358,435907,435949,431593
8685,4357,21,2,4377,435949,435970,431613
8687,4357,92,1,4366,435970,436062,431705
8686,4357,99,2,4369,436062,436161,431804
8688,4358,19,1,4370,436161,436180,431822
8689,4359,9,2,4379,436180,436189,431830
8690,4359,21,3,4362,436189,436210,431851
8691,4359,37,3,4366,436210,436247,431888
8692,4359,81,2,4367,436247,436328,431969
8693,4359,89,1,4369,436328,436417,432058
8694,4359,100,2,4361,436417,436517,432158
8695,4360,55,2,4362,436517,436572,432212
8696,4360,73,2,4369,436572,436645,432285
8697,4361,80,1,4364,436645,436725,432364
8698,4362,54,3,4377,436725,436779,432417
8699,4363,38,3,4372,436779,436817,432454
8701,4364,8,1,4379,436817,436825,432461
8700,4364,95,1,4379,436825,436920,432556
8705,4365,51,1,4376,436920,436971,432606
8703,4365,62,3,4366,436971,437033,432668
8704,4365,70,1,4382,437033,437103,432738
8702,4365,80,2,4370,437103,437183,432818
8706,4366,33,3,4380,437183,437216,432850
8707,4366,89,3,4382,437216,437305,432939
8709,4367,4,1,4382,437305,437309,432942
8708,4367,65,1,4383,437309,437374,433007
8710,4368,5,2,4375,437374,437379,433011
8711,4369,76,3,4383,437379,437455,433086
8712,4370,35,1,4375,437455,437490,433120
8714,4371,28,3,4373,437490,437518,433147
8713,4371,67,1,4375,437518,437585,433214
8715,4371,83,1,4372,437585,437668,433297
8717,4372,29,1,4385,437668,437697,433325
8716,4372,56,3,4388,437697,437753,433381
8721,4373,24,3,4376,437753,437777,433404
8719,4373,31,2,4377,437777,437808,433435
8722,4373,50,2,4376,437808,437858,433485
8720,4373,76,1,4377,437858,437934,433561
8718,4373,79,3,4375,437934,438013,433640
8723,4374,26,3,4390,438013,438039,433665
8725,4374,74,2,4393,438039,438113,433739
8724,4374,88,3,4392,438113,438201,433827
8726,4374,89,3,4378,438201,438290,433916
8727,4375,22,1,4378,438290,438312,433937
8728,4376,63,1,4393,438312,438375,433999
8729,4376,64,3,4393,438375,438439,434063
8730,4377,42,3,4392,438439,438481,434104
8732,4378,26,1,4380,438481,438507,434129
8731,4378,30,2,4393,438507,438537,434159
8734,4379,27,1,4383,438537,438564,434185
8736,4379,67,2,4387,438564,438631,434252
8733,4379,82,2,4388,438631,438713,434334
8735,4379,86,3,4391,438713,438799,434420
8737,4380,27,1,4382,438799,438826,434446
8738,4380,67,2,4397,438826,438893,434513
8741,4381,20,3,4384,438893,438913,434532
8740,4381,58,1,4384,438913,438971,434590
8739,4381,60,1,4401,438971,439031,434650
8742,4382,48,3,4393,439031,439079,434697
8743,4383,48,1,4400,439079,439127,434744
8744,4384,22,2,4393,439127,439149,434765
8745,4385,71,2,4396,439149,439220,434835
8746,4386,16,2,4405,439220,439236,434850
8747,4386,95,1,4401,439236,439331,434945
8749,4387,20,2,4390,439331,439351,434964
8748,4387,69,2,4389,439351,439420,435033
8751,4388,25,2,4395,439420,439445,435057
8750,4388,67,2,4403,439445,439512,435124
8754,4389,28,1,4392,439512,439540,435151
8752,4389,34,3,4408,439540,439574,435185
8755,4389,62,2,4401,439574,439636,435247
8753,4389,74,2,4398,439636,439710,435321
8756,4390,31,1,4400,439710,439741,435351
8757,4391,84,3,4404,439741,439825,435434
8758,4392,82,1,4402,439825,439907,435515
8759,4393,71,1,4397,439907,439978,435585
8760,4394,81,2,4403,439978,440059,435665
8761,4395,43,3,4405,440059,440102,435707
8763,4395,54,3,4412,440102,440156,435761
8762,4395,69,2,4397,440156,440225,435830
8764,4396,48,2,4412,440225,440273,435877
8765,4397,60,1,4403,440273,440333,435936
8766,4398,82,1,4410,440333,440415,436017
8767,4399,59,3,4405,440415,440474,436075
8768,4399,98,3,4404,440474,440572,436173
8769,4400,22,3,4413,440572,440594,436194
8772,4401,25,3,4417,440594,440619,436218
8770,4401,60,2,4407,440619,440679,436278
8771,4401,75,2,4406,440679,440754,436353
8773,4402,11,3,4421,440754,440765,436363
8775,4402,17,3,4406,440765,440782,436380
8778,4402,34,2,4422,440782,440816,436414
8774,4402,61,1,4416,440816,440877,436475
8779,4402,62,1,4418,440877,440939,436537
8777,4402,75,3,4406,440939,441014,436612
8776,4402,88,1,4404,441014,441102,436700
8780,4403,33,1,4422,441102,441135,436732
8782,4403,42,1,4404,441135,441177,436774
8781,4403,55,1,4411,441177,441232,436829
8784,4404,50,2,4417,441232,441282,436878
8783,4404,60,1,4423,441282,441342,436938
8785,4404,63,3,4420,441342,441405,437001
8786,4405,92,2,4419,441405,441497,437092
8787,4406,38,3,4417,441497,441535,437129
8788,4407,16,1,4412,441535,441551,437144
8789,4407,45,3,4422,441551,441596,437189
8790,4407,78,2,4417,441596,441674,437267
8791,4408,29,2,4425,441674,441703,437295
8793,4408,30,1,4424,441703,441733,437325
8792,4408,96,3,4416,441733,441829,437421
8796,4409,56,2,4410,441829,441885,437476
8794,4409,62,1,4417,441885,441947,437538
8795,4409,86,2,4414,441947,442033,437624
8797,4410,86,3,4424,442033,442119,437709
8798,4411,12,1,4427,442119,442131,437720
8799,4412,88,2,4416,442131,442219,437807
8800,4413,63,3,4422,442219,442282,437869
8805,4414,8,2,4420,442282,442290,437876
8802,4414,14,2,4433,442290,442304,437890
8804,4414,16,3,4432,442304,442320,437906
8801,4414,78,1,4433,442320,442398,437984
8803,4414,82,2,4424,442398,442480,438066
8806,4415,91,2,4418,442480,442571,438156
8807,4416,94,3,4436,442571,442665,438249
8808,4417,63,1,4429,442665,442728,438311
8809,4418,99,3,4431,442728,442827,438409
8810,4419,68,3,4420,442827,442895,438476
8811,4420,84,3,4435,442895,442979,438559
8812,4420,93,2,4435,442979,443072,438652
8814,4421,75,3,4423,443072,443147,438726
8813,4421,96,3,4425,443147,443243,438822
8815,4422,74,3,4429,443243,443317,438895
8817,4423,3,3,4440,443317,443320,438897
8818,4423,10,2,4443,443320,443330,438907
8816,4423,71,1,4443,443330,443401,438978
8819,4424,24,3,4440,443401,443425,439001
8820,4424,93,1,4433,443425,443518,439094
8821,4425,93,1,4443,443518,443611,439186
8822,4426,41,2,4432,443611,443652,439226
8823,4427,59,2,4428,443652,443711,439284
8828,4428,9,2,4430,443711,443720,439292
8829,4428,56,2,4436,443720,443776,439348
8826,4428,64,1,4446,443776,443840,439412
8825,4428,73,2,4430,443840,443913,439485
8824,4428,94,1,4437,443913,444007,439579
8827,4428,96,3,4442,444007,444103,439675
8831,4429,8,1,4446,444103,444111,439682
8830,4429,17,2,4439,444111,444128,439699
8832,4429,66,2,4432,444128,444194,439765
8833,4430,51,3,4434,444194,444245,439815
8834,4431,41,3,4432,444245,444286,439855
8835,4432,82,3,4438,444286,444368,439936
8839,4433,32,1,4443,444368,444400,439967
8836,4433,37,1,4439,444400,444437,440004
8838,4433,40,2,4451,444437,444477,440044
8837,4433,66,2,4435,444477,444543,440110
8840,4434,47,1,4451,444543,444590,440156
8841,4434,49,2,4436,444590,444639,440205
8842,4434,50,3,4451,444639,444689,440255
8845,4435,27,3,4440,444689,444716,440281
8844,4435,29,1,4452,444716,444745,440310
8843,4435,65,2,4439,444745,444810,440375
8846,4436,18,3,4445,444810,444828,440392
8847,4436,85,2,4452,444828,444913,440477
8848,4437,30,3,4443,444913,444943,440506
8849,4438,52,3,4456,444943,444995,440557
8850,4438,73,3,4442,444995,445068,440630
8851,4439,44,3,4450,445068,445112,440673
8852,4440,5,1,4442,445112,445117,440677
8853,4441,6,3,4450,445117,445123,440682
8854,4442,31,3,4444,445123,445154,440712
8855,4443,6,2,4450,445154,445160,440717
8856,4444,44,1,4463,445160,445204,440760
8857,4444,49,3,4464,445204,445253,440809
8858,4445,52,2,4449,445253,445305,440860
8859,4445,81,1,4460,445305,445386,440941
8860,4446,53,3,4459,445386,445439,440993
8861,4447,74,1,4462,445439,445513,441066
8862,4448,54,3,4453,445513,445567,441119
8863,4449,59,1,4452,445567,445626,441177
8864,4450,68,3,4468,445626,445694,441244
8865,4451,52,1,4470,445694,445746,441295
8866,4451,61,3,4461,445746,445807,441356
8867,4452,17,2,4456,445807,445824,441372
8868,4453,49,2,4463,445824,445873,441420
8869,4454,34,3,4463,445873,445907,441453
8870,4454,74,1,4458,445907,445981,441527
8873,4455,48,3,4471,445981,446029,441574
8872,4455,53,3,4456,446029,446082,441627
8871,4455,76,1,4469,446082,446158,441703
8874,4456,2,1,4473,446158,446160,441704
8875,4456,30,3,4460,446160,446190,441734
8876,4457,32,1,4466,446190,446222,441765
8877,4458,27,3,4470,446222,446249,441791
8878,4459,84,3,4460,446249,446333,441874
8879,4460,3,3,4475,446333,446336,441876
8880,4461,1,3,4462,446336,446337,441876
8883,4461,17,2,4477,446337,446354,441893
8882,4461,38,2,4466,446354,446392,441931
8881,4461,91,3,4466,446392,446483,442022
8884,4462,99,3,4468,446483,446582,442120
8885,4463,78,2,4480,446582,446660,442197
8886,4464,26,1,4481,446660,446686,442222
8892,4465,1,2,4473,446686,446687,442222
8888,4465,13,3,4482,446687,446700,442235
8887,4465,15,1,4475,446700,446715,442250
8889,4465,40,3,4479,446715,446755,442290
8890,4465,44,1,4467,446755,446799,442334
8891,4465,64,1,4474,446799,446863,442398
8893,4466,57,2,4472,446863,446920,442454
8895,4466,61,3,4484,446920,446981,442515
8894,4466,85,2,4485,446981,447066,442600
8896,4467,13,1,4472,447066,447079,442612
8897,4468,34,3,4475,447079,447113,442645
8898,4468,50,3,4483,447113,447163,442695
8899,4469,6,3,4485,447163,447169,442700
8901,4469,16,3,4470,447169,447185,442716
8900,4469,32,2,4483,447185,447217,442748
8902,4470,48,3,4478,447217,447265,442795
8904,4471,19,2,4473,447265,447284,442813
8903,4471,55,2,4473,447284,447339,442868
8905,4472,30,3,4486,447339,447369,442897
8906,4472,65,3,4484,447369,447434,442962
8907,4473,47,1,4485,447434,447481,443008
8908,4473,60,1,4488,447481,447541,443068
8909,4473,84,1,4475,447541,447625,443152
8910,4474,15,2,4491,447625,447640,443166
8911,4475,24,3,4484,447640,447664,443189
8916,4476,17,2,4481,447664,447681,443205
8913,4476,26,2,4496,447681,447707,443231
8912,4476,73,3,4481,447707,447780,443304
8915,4476,78,3,4482,447780,447858,443382
8914,4476,87,2,4495,447858,447945,443469
8917,4476,99,3,4484,447945,448044,443568
8918,4477,70,2,4490,448044,448114,443637
8919,4478,11,1,4479,448114,448125,443647
8920,4479,74,1,4494,448125,448199,443720
8921,4480,48,1,4491,448199,448247,443767
8922,4480,83,3,4492,448247,448330,443850
8923,4481,32,3,4492,448330,448362,443881
8924,4482,31,1,4500,448362,448393,443911
8925,4483,83,1,4494,448393,448476,443993
8926,4484,63,3,4503,448476,448539,444055
8927,4485,60,2,4491,448539,448599,444114
8928,4486,51,2,4492,448599,448650,444164
8932,4487,1,1,4488,448650,448651,444164
8931,4487,18,3,4502,448651,448669,444182
8930,4487,19,3,4502,448669,448688,444201
8929,4487,48,1,4492,448688,448736,444249
8933,4488,52,2,4507,448736,448788,444300
8935,4489,34,1,4494,448788,448822,444333
8934,4489,69,1,4494,448822,448891,444402
8937,4490,45,3,4509,448891,448936,444446
8936,4490,88,3,4506,448936,449024,444534
8942,4491,13,2,4504,449024,449037,444546
8938,4491,30,3,4493,449037,449067,444576
8939,4491,64,1,4506,449067,449131,444640
8940,4491,65,2,4498,449131,449196,444705
8941,4491,92,1,4499,449196,449288,444797
8944,4492,15,1,4505,449288,449303,444811
8945,4492,62,2,4508,449303,449365,444873
8943,4492,98,1,4495,449365,449463,444971
8946,4493,2,1,4508,449463,449465,444972
8947,4493,51,3,4510,449465,449516,445023
8948,4494,98,2,4501,449516,449614,445120
8950,4495,14,1,4508,449614,449628,445133
8949,4495,41,1,4503,449628,449669,445174
8952,4496,5,3,4513,449669,449674,445178
8951,4496,55,3,4508,449674,449729,445233
8953,4496,79,1,4515,449729,449808,445312
8954,4497,61,1,4505,449808,449869,445372
8955,4497,75,2,4501,449869,449944,445447
8957,4498,24,2,4515,449944,449968,445470
8956,4498,75,2,4503,449968,450043,445545
8959,4499,56,1,4511,450043,450099,445600
8958,4499,66,3,4516,450099,450165,445666
8960,4500,16,1,4507,450165,450181,445681
8961,4500,64,1,4517,450181,450245,445745
8962,4501,99,1,4519,450245,450344,445843
8963,4502,4,1,4508,450344,450348,445846
8964,4502,18,3,4519,450348,450366,445864
8966,4502,25,1,4506,450366,450391,445889
8965,4502,46,2,4519,450391,450437,445935
8968,4503,63,2,4515,450437,450500,445997
8967,4503,75,2,4509,450500,450575,446072
8969,4503,80,1,4522,450575,450655,446152
8970,4504,10,3,4516,450655,450665,446161
8971,4505,74,2,4519,450665,450739,446234
8972,4505,91,2,4523,450739,450830,446325
8973,4506,32,1,4511,450830,450862,446356
8974,4506,55,1,4512,450862,450917,446411
8975,4507,34,1,4514,450917,450951,446444
8976,4507,75,3,4516,450951,451026,446519
8980,4508,7,3,4519,451026,451033,446525
8979,4508,43,1,4510,451033,451076,446568
8978,4508,55,2,4521,451076,451131,446623
8977,4508,73,2,4509,451131,451204,446696
8981,4509,3,1,4514,451204,451207,446698
8982,4509,26,3,4513,451207,451233,446724
8983,4509,59,1,4519,451233,451292,446783
8984,4510,10,2,4527,451292,451302,446792
8985,4510,25,2,4518,451302,451327,446817
8986,4511,61,3,4530,451327,451388,446877
8987,4512,1,1,4520,451388,451389,446877
8988,4513,19,3,4523,451389,451408,446895
8989,4513,93,3,4520,451408,451501,446988
8991,4514,10,2,4534,451501,451511,446997
8990,4514,58,2,4516,451511,451569,447055
8993,4515,8,2,4523,451569,451577,447062
8992,4515,80,2,4529,451577,451657,447142
8995,4516,14,2,4534,451657,451671,447155
8994,4516,68,2,4532,451671,451739,447223
8996,4517,38,3,4537,451739,451777,447260
8999,4518,16,2,4524,451777,451793,447275
8997,4518,55,2,4535,451793,451848,447330
8998,4518,71,3,4532,451848,451919,447401
9000,4519,38,2,4538,451919,451957,447438
9001,4520,82,2,4522,451957,452039,447519
9002,4521,88,3,4539,452039,452127,447606
9003,4522,80,1,4534,452127,452207,447685
9005,4523,42,1,4536,452207,452249,447726
9004,4523,60,3,4535,452249,452309,447786
9006,4524,95,2,4541,452309,452404,447880
9007,4525,95,3,4544,452404,452499,447974
9008,4526,21,1,4540,452499,452520,447994
9009,4526,39,2,4541,452520,452559,448033
9010,4527,59,2,4536,452559,452618,448091
9011,4528,57,2,4534,452618,452675,448147
9015,4529,20,1,4535,452675,452695,448166
9016,4529,29,3,4536,452695,452724,448195
9014,4529,71,1,4531,452724,452795,448266
9013,4529,87,3,4530,452795,452882,448353
9012,4529,93,1,4544,452882,452975,448446
9018,4530,5,3,4537,452975,452980,448450
9020,4530,20,1,4532,452980,453000,448470
9019,4530,68,1,4534,453000,453068,448538
9017,4530,73,1,4542,453068,453141,448611
9022,4531,44,2,4543,453141,453185,448654
9023,4531,78,3,4541,453185,453263,448732
9021,4531,96,1,4548,453263,453359,448828
9024,4531,98,3,4533,453359,453457,448926
9026,4532,26,2,4533,453457,453483,448951
9025,4532,81,2,4550,453483,453564,449032
9027,4533,54,3,4544,453564,453618,449085
9028,4534,36,3,4536,453618,453654,449120
9029,4535,11,3,4551,453654,453665,449130
9030,4535,24,2,4555,453665,453689,449154
9031,4536,61,1,4552,453689,453750,449214
9032,4536,86,2,4555,453750,453836,449300
9033,4537,13,2,4542,453836,453849,449312
9034,4537,100,3,4555,453849,453949,449412
9036,4538,22,2,4551,453949,453971,449433
9035,4538,78,3,4539,453971,454049,449511
9037,4539,20,3,4558,454049,454069,449530
9044,4540,10,2,4542,454069,454079,449539
9039,4540,14,2,4543,454079,454093,449553
9040,4540,23,3,4559,454093,454116,449576
9043,4540,67,3,4553,454116,454183,449643
9042,4540,70,2,4556,454183,454253,449713
9038,4540,86,3,4556,454253,454339,449799
9041,4540,92,3,4555,454339,454431,449891
9045,4541,20,1,4550,454431,454451,449910
9046,4541,30,3,4560,454451,454481,449940
9047,4542,49,3,4552,454481,454530,449988
9048,4543,3,3,4562,454530,454533,449990
9050,4544,47,3,4547,454533,454580,450036
9049,4544,97,3,4564,454580,454677,450133
9052,4545,58,2,4561,454677,454735,450190
9051,4545,85,2,4547,454735,454820,450275
9053,4546,70,2,4553,454820,454890,450344
9054,4546,84,1,4562,454890,454974,450428
9055,4547,9,1,4551,454974,454983,450436
9058,4547,14,3,4548,454983,454997,450450
9057,4547,58,1,4557,454997,455055,450508
9056,4547,85,2,4560,455055,455140,450593
9059,4548,39,3,4562,455140,455179,450631
9060,4549,16,2,4558,455179,455195,450646
9061,4549,95,3,4552,455195,455290,450741
9063,4550,10,1,4558,455290,455300,450750
9062,4550,67,1,4567,455300,455367,450817
9064,4550,68,2,4557,455367,455435,450885
9065,4551,97,1,4557,455435,455532,450981
9067,4552,42,2,4558,455532,455574,451022
9068,4552,49,1,4561,455574,455623,451071
9066,4552,63,2,4559,455623,455686,451134
9069,4553,7,2,4558,455686,455693,451140
9070,4553,45,3,4572,455693,455738,451185
9072,4554,37,2,4557,455738,455775,451221
9071,4554,67,2,4568,455775,455842,451288
9073,4555,6,3,4566,455842,455848,451293
9074,4556,47,3,4561,455848,455895,451339
9075,4557,43,3,4568,455895,455938,451381
9077,4558,8,3,4571,455938,455946,451388
9078,4558,89,1,4572,455946,456035,451477
9076,4558,90,1,4569,456035,456125,451567
9079,4559,34,3,4566,456125,456159,451600
9080,4559,70,2,4576,456159,456229,451670
9081,4559,100,2,4568,456229,456329,451770
9082,4560,21,3,4564,456329,456350,451790
9084,4561,53,2,4564,456350,456403,451842
9083,4561,54,1,4575,456403,456457,451896
9086,4561,73,2,4568,456457,456530,451969
9085,4561,87,2,4574,456530,456617,452056
9087,4562,86,1,4570,456617,456703,452141
9088,4563,35,3,4578,456703,456738,452175
9089,4563,39,2,4578,456738,456777,452214
9090,4564,72,2,4571,456777,456849,452285
9091,4565,93,3,4575,456849,456942,452377
9092,4566,77,2,4577,456942,457019,452453
9094,4567,6,2,4568,457019,457025,452458
9095,4567,38,1,4573,457025,457063,452496
9093,4567,49,1,4575,457063,457112,452545
9096,4567,92,3,4578,457112,457204,452637
9098,4568,50,3,4579,457204,457254,452686
9097,4568,53,2,4586,457254,457307,452739
9099,4569,71,3,4570,457307,457378,452809
9100,4570,25,2,4572,457378,457403,452833
9104,4571,4,3,4578,457403,457407,452836
9103,4571,37,2,4582,457407,457444,452873
9101,4571,45,2,4574,457444,457489,452918
9105,4571,65,1,4590,457489,457554,452983
9102,4571,75,1,4576,457554,457629,453058
9106,4571,81,1,4575,457629,457710,453139
9107,4572,14,3,4582,457710,457724,453152
9108,4572,56,2,4580,457724,457780,453208
9109,4573,29,2,4577,457780,457809,453236
9110,4574,60,1,4575,457809,457869,453295
9111,4575,89,2,4594,457869,457958,453383
9114,4576,27,2,4578,457958,457985,453409
9112,4576,46,1,4596,457985,458031,453455
9113,4576,82,1,4591,458031,458113,453537
9115,4577,69,2,4592,458113,458182,453605
9116,4578,61,1,4595,458182,458243,453665
9117,4578,86,1,4581,458243,458329,453751
9118,4578,94,1,4582,458329,458423,453845
9119,4579,35,3,4588,458423,458458,453879
9121,4580,63,2,4594,458458,458521,453941
9120,4580,70,3,4597,458521,458591,454011
9122,4581,62,3,4587,458591,458653,454072
9123,4582,99,2,4585,458653,458752,454170
9127,4583,39,2,4594,458752,458791,454208
9126,4583,41,2,4590,458791,458832,454249
9124,4583,51,2,4603,458832,458883,454300
9125,4583,55,3,4587,458883,458938,454355
9128,4584,57,1,4600,458938,458995,454411
9129,4585,45,1,4602,458995,459040,454455
9132,4586,22,3,4592,459040,459062,454476
9130,4586,76,2,4600,459062,459138,454552
9131,4586,94,2,4601,459138,459232,454646
9133,4587,15,2,4602,459232,459247,454660
9135,4588,14,3,4597,459247,459261,454673
9136,4588,29,3,4598,459261,459290,454702
9134,4588,58,1,4593,459290,459348,454760
9140,4589,1,1,4593,459348,459349,454760
9138,4589,16,3,4601,459349,459365,454776
9139,4589,28,2,4597,459365,459393,454804
9137,4589,49,2,4595,459393,459442,454853
9141,4590,54,1,4599,459442,459496,454906
9142,4591,34,1,4593,459496,459530,454939
9143,4592,99,2,4594,459530,459629,455037
9145,4593,42,1,4604,459629,459671,455078
9144,4593,82,3,4609,459671,459753,455160
9150,4594,16,2,4605,459753,459769,455175
9149,4594,31,1,4613,459769,459800,455206
9146,4594,80,3,4600,459800,459880,455286
9147,4594,97,3,4610,459880,459977,455383
9148,4594,99,3,4596,459977,460076,455482
9151,4595,18,2,4610,460076,460094,455499
9154,4596,53,2,4605,460094,460147,455551
9153,4596,61,2,4600,460147,460208,455612
9152,4596,94,3,4597,460208,460302,455706
9158,4597,2,2,4602,460302,460304,455707
9156,4597,9,1,4609,460304,460313,455716
9157,4597,67,2,4616,460313,460380,455783
9155,4597,86,3,4601,460380,460466,455869
9159,4597,93,3,4602,460466,460559,455962
9163,4598,9,3,4606,460559,460568,455970
9161,4598,14,1,4600,460568,460582,455984
9160,4598,27,1,4618,460582,460609,456011
9162,4598,67,3,4600,460609,460676,456078
9164,4599,13,1,4602,460676,460689,456090
9165,4600,50,1,4613,460689,460739,456139
9166,4600,65,1,4610,460739,460804,456204
9167,4601,86,1,4609,460804,460890,456289
9168,4602,79,3,4607,460890,460969,456367
9169,4603,80,1,4609,460969,461049,456446
9171,4604,39,3,4622,461049,461088,456484
9170,4604,100,2,4605,461088,461188,456584
9172,4605,53,3,4610,461188,461241,456636
9173,4606,87,3,4623,461241,461328,456722
9174,4607,93,2,4609,461328,461421,456814
9175,4608,80,2,4617,461421,461501,456893
9176,4609,24,3,4626,461501,461525,456916
9177,4609,48,1,4613,461525,461573,456964
9178,4610,90,3,4628,461573,461663,457053
9179,4611,61,2,4625,461663,461724,457113
9180,4612,8,3,4630,461724,461732,457120
9181,4613,15,2,4632,461732,461747,457134
9182,4614,25,3,4620,461747,461772,457158
9183,4615,17,2,4625,461772,461789,457174
9185,4615,20,3,4624,461789,461809,457194
9184,4615,87,1,4632,461809,461896,457281
9186,4616,20,1,4629,461896,461916,457300
9187,4617,26,2,4626,461916,461942,457325
9188,4618,68,3,4636,461942,462010,457392
9189,4618,76,1,4628,462010,462086,457468
9190,4619,59,1,4632,462086,462145,457526
9191,4620,96,2,4624,462145,462241,457621
9192,4621,78,1,4622,462241,462319,457698
9194,4622,25,2,4629,462319,462344,457722
9193,4622,41,2,4640,462344,462385,457763
9195,4623,61,3,4643,462385,462446,457823
9196,4623,73,2,4632,462446,462519,457896
9197,4624,99,2,4626,462519,462618,457994
9199,4625,52,2,4632,462618,462670,458045
9198,4625,69,1,4628,462670,462739,458114
9200,4625,69,2,4631,462739,462808,458183
9202,4626,72,3,4630,462808,462880,458254
9201,4626,83,3,4630,462880,462963,458337
9203,4627,33,2,4628,462963,462996,458369
9204,4628,61,1,4643,462996,463057,458429
9206,4629,21,3,4633,463057,463078,458449
9205,4629,99,2,4634,463078,463177,458548
9207,4630,10,2,4646,463177,463187,458557
9208,4631,82,1,4643,463187,463269,458638
9209,4631,91,1,4644,463269,463360,458729
9210,4632,32,1,4651,463360,463392,458760
9211,4633,23,1,4649,463392,463415,458782
9214,4634,46,1,4645,463415,463461,458827
9212,4634,77,1,4648,463461,463538,458904
9213,4634,87,1,4649,463538,463625,458991
9215,4635,3,3,4654,463625,463628,458993
9216,4635,12,2,4640,463628,463640,459005
9217,4636,51,3,4643,463640,463691,459055
9219,4637,71,1,4643,463691,463762,459125
9218,4637,73,3,4643,463762,463835,459198
9220,4638,62,1,4648,463835,463897,459259
9221,4639,38,3,4645,463897,463935,459296
9223,4640,22,2,4643,463935,463957,459317
9222,4640,84,3,4644,463957,464041,459401
9224,4641,49,2,4653,464041,464090,459449
9225,4642,11,1,4658,464090,464101,459459
9226,4642,79,3,4651,464101,464180,459538
9227,4643,80,2,4655,464180,464260,459617
9228,4644,54,1,4657,464260,464314,459670
9229,4645,30,1,4655,464314,464344,459699
9230,4646,27,2,4651,464344,464371,459725
9231,4646,48,2,4652,464371,464419,459773
9232,4646,54,1,4656,464419,464473,459827
9236,4647,5,2,4663,464473,464478,459831
9234,4647,16,3,4655,464478,464494,459847
9237,4647,31,1,4652,464494,464525,459878
9233,4647,56,1,4648,464525,464581,459934
9235,4647,65,1,4653,464581,464646,459999
9238,4648,27,3,4658,464646,464673,460025
9239,4649,50,1,4650,464673,464723,460074
9240,4650,51,3,4653,464723,464774,460124
9241,4651,43,3,4660,464774,464817,460166
9242,4652,26,3,4653,464817,464843,460191
9244,4653,28,3,4659,464843,464871,460218
9246,4653,49,2,4666,464871,464920,460267
9247,4653,79,1,4663,464920,464999,460346
9245,4653,80,2,4660,464999,465079,460426
9243,4653,100,2,4659,465079,465179,460526
9248,4654,18,1,4656,465179,465197,460543
9249,4655,22,1,4665,465197,465219,460564
9252,4655,33,1,4667,465219,465252,460597
9251,4655,44,1,4669,465252,465296,460641
9250,4655,78,1,4661,465296,465374,460719
9257,4656,8,3,4665,465374,465382,460726
9254,4656,13,2,4670,465382,465395,460739
9256,4656,31,2,4659,465395,465426,460770
9253,4656,88,2,4658,465426,465514,460858
9255,4656,94,2,4668,465514,465608,460952
9258,4657,21,3,4667,465608,465629,460972
9262,4658,8,2,4677,465629,465637,460979
9264,4658,16,2,4671,465637,465653,460995
9263,4658,42,3,4667,465653,465695,461037
9261,4658,88,3,4670,465695,465783,461125
9259,4658,91,1,4660,465783,465874,461216
9260,4658,96,3,4661,465874,465970,461312
9265,4659,26,3,4678,465970,465996,461337
9266,4659,89,1,4663,465996,466085,461426
9267,4660,81,2,4661,466085,466166,461506
9271,4661,40,1,4664,466166,466206,461545
9268,4661,64,1,4669,466206,466270,461609
9270,4661,71,3,4673,466270,466341,461680
9269,4661,97,1,4681,466341,466438,461777
9272,4662,3,2,4676,466438,466441,461779
9273,4662,79,1,4682,466441,466520,461858
9275,4663,47,3,4680,466520,466567,461904
9276,4663,64,3,4670,466567,466631,461968
9274,4663,86,2,4668,466631,466717,462054
9278,4664,13,2,4671,466717,466730,462066
9279,4664,48,1,4667,466730,466778,462114
9277,4664,59,1,4670,466778,466837,462173
9281,4665,13,3,4679,466837,466850,462185
9280,4665,57,1,4685,466850,466907,462242
9283,4666,9,2,4672,466907,466916,462250
9282,4666,26,1,4677,466916,466942,462276
9285,4666,56,2,4681,466942,466998,462332
9284,4666,60,2,4668,466998,467058,462392
9286,4667,13,1,4672,467058,467071,462404
9287,4668,35,3,4673,467071,467106,462438
9289,4669,67,2,4678,467106,467173,462504
9290,4669,83,1,4683,467173,467256,462587
9288,4669,98,1,4684,467256,467354,462685
9293,4670,2,2,4678,467354,467356,462686
9291,4670,48,2,4672,467356,467404,462734
9292,4670,51,1,4675,467404,467455,462785
9294,4671,41,3,4672,467455,467496,462825
9295,4671,74,3,4672,467496,467570,462899
9296,4672,49,2,4673,467570,467619,462947
9297,4673,44,2,4686,467619,467663,462990
9298,4674,98,2,4680,467663,467761,463087
9299,4675,79,3,4694,467761,467840,463165
9300,4676,68,1,4685,467840,467908,463232
9301,4677,45,1,4686,467908,467953,463276
9302,4677,86,2,4690,467953,468039,463362
9303,4678,29,2,4688,468039,468068,463390
9304,4679,65,1,4685,468068,468133,463454
9305,4679,87,3,4689,468133,468220,463541
9307,4680,72,3,4685,468220,468292,463612
9306,4680,97,1,4698,468292,468389,463709
9309,4681,45,1,4694,468389,468434,463753
9308,4681,100,3,4686,468434,468534,463853
9310,4682,39,3,4688,468534,468573,463891
9311,4682,71,3,4696,468573,468644,463962
9313,4683,7,3,4698,468644,468651,463968
9312,4683,15,3,4684,468651,468666,463983
9316,4683,51,3,4700,468666,468717,464034
9314,4683,74,2,4687,468717,468791,464108
9315,4683,91,2,4696,468791,468882,464199
9317,4684,47,2,4690,468882,468929,464245
9319,4685,60,1,4692,468929,468989,464304
9318,4685,82,1,4704,468989,469071,464386
9320,4686,7,2,4688,469071,469078,464392
9323,4687,49,3,4688,469078,469127,464440
9322,4687,69,1,4696,469127,469196,464509
9321,4687,89,1,4703,469196,469285,464598
9324,4688,1,3,4696,469285,469286,464598
9325,4688,23,2,4705,469286,469309,464621
9327,4688,48,2,4690,469309,469357,464669
9328,4688,75,1,4703,469357,469432,464744
9326,4688,91,2,4702,469432,469523,464835
9331,4689,63,1,4701,469523,469586,464897
9330,4689,64,2,4706,469586,469650,464961
9332,4689,66,2,4703,469650,469716,465027
9329,4689,94,2,4695,469716,469810,465121
9333,4690,84,3,4692,469810,469894,465204
9334,4691,35,2,4701,469894,469929,465238
9335,4692,100,3,4705,469929,470029,465337
9336,4693,52,1,4705,470029,470081,465388
9337,4694,4,2,4705,470081,470085,465391
9338,4695,25,3,4709,470085,470110,465415
9339,4695,58,2,4704,470110,470168,465473
9340,4695,71,3,4696,470168,470239,465544
9341,4696,43,3,4711,470239,470282,465586
9343,4697,16,1,4716,470282,470298,465601
9344,4697,41,1,4715,470298,470339,465642
9342,4697,44,1,4701,470339,470383,465686
9346,4697,56,1,4706,470383,470439,465742
9345,4697,91,2,4711,470439,470530,465833
9347,4698,2,1,4706,470530,470532,465834
9348,4698,6,2,4707,470532,470538,465840
9350,4699,5,1,4701,470538,470543,465844
9349,4699,64,2,4714,470543,470607,465908
9351,4700,71,1,4708,470607,470678,465978
9352,4701,33,3,4712,470678,470711,466010
9354,4702,42,3,4716,470711,470753,466051
9353,4702,84,1,4719,470753,470837,466135
9355,4703,58,2,4711,470837,470895,466192
9356,4704,23,3,4714,470895,470918,466214
9357,4704,59,3,4707,470918,470977,466273
9358,4705,40,3,4724,470977,471017,466312
9360,4706,25,2,4713,471017,471042,466336
9359,4706,58,3,4723,471042,471100,466394
9361,4706,71,3,4720,471100,471171,466465
9362,4707,54,1,4727,471171,471225,466518
9363,4708,26,2,4715,471225,471251,466543
9365,4709,6,1,4725,471251,471257,466548
9364,4709,10,3,4723,471257,471267,466558
9366,4709,21,3,4720,471267,471288,466579
9367,4709,72,3,4725,471288,471360,466651
9368,4709,100,2,4720,471360,471460,466751
9369,4710,11,3,4722,471460,471471,466761
9371,4711,44,2,4729,471471,471515,466804
9370,4711,73,3,4713,471515,471588,466877
9372,4711,84,1,4723,471588,471672,466961
9379,4712,19,3,4714,471672,471691,466979
9377,4712,30,3,4722,471691,471721,467009
9373,4712,33,2,4715,471721,471754,467042
9374,4712,89,3,4720,471754,471843,467131
9378,4712,94,2,4720,471843,471937,467225
9375,4712,96,1,4720,471937,472033,467321
9376,4712,97,3,4724,472033,472130,467418
9380,4713,43,2,4721,472130,472173,467460
9381,4713,61,1,4724,472173,472234,467521
9382,4713,72,3,4718,472234,472306,467593
9385,4714,24,3,4720,472306,472330,467616
9384,4714,47,3,4718,472330,472377,467663
9383,4714,79,1,4720,472377,472456,467742
9387,4715,45,2,4725,472456,472501,467786
9386,4715,90,3,4734,472501,472591,467876
9388,4716,24,1,4736,472591,472615,467899
9390,4717,27,2,4736,472615,472642,467925
9391,4717,50,1,4723,472642,472692,467975
9389,4717,58,2,4729,472692,472750,468033
9392,4718,54,2,4727,472750,472804,468086
9393,4719,58,2,4726,472804,472862,468143
9395,4720,46,2,4726,472862,472908,468188
9394,4720,55,2,4732,472908,472963,468243
9396,4720,83,1,4731,472963,473046,468326
9399,4721,8,3,4726,473046,473054,468333
9398,4721,38,1,4726,473054,473092,468371
9397,4721,74,2,4730,473092,473166,468445
9400,4722,43,3,4723,473166,473209,468487
9402,4722,66,1,4737,473209,473275,468553
9401,4722,76,3,4727,473275,473351,468629
9405,4723,26,3,4741,473351,473377,468654
9403,4723,54,1,4739,473377,473431,468708
9406,4723,84,3,4725,473431,473515,468792
9404,4723,89,3,4738,473515,473604,468881
9408,4724,21,3,4744,473604,473625,468901
9409,4724,34,2,4728,473625,473659,468935
9407,4724,58,2,4740,473659,473717,468993
9410,4725,82,2,4745,473717,473799,469074
9411,4726,77,2,4735,473799,473876,469150
9412,4726,78,2,4729,473876,473954,469228
9414,4727,25,2,4734,473954,473979,469252
9413,4727,32,3,4741,473979,474011,469284
9416,4728,29,3,4738,474011,474040,469312
9415,4728,69,1,4731,474040,474109,469381
9418,4729,16,1,4743,474109,474125,469396
9417,4729,19,3,4733,474125,474144,469415
9420,4729,60,1,4743,474144,474204,469475
9419,4729,83,2,4732,474204,474287,469558
9425,4730,33,1,4745,474287,474320,469590
9421,4730,43,2,4732,474320,474363,469633
9424,4730,61,3,4744,474363,474424,469694
9423,4730,72,1,4733,474424,474496,469766
9427,4730,77,2,4742,474496,474573,469843
9426,4730,79,2,4742,474573,474652,469922
9422,4730,82,2,4737,474652,474734,470004
9429,4731,6,3,4748,474734,474740,470009
9428,4731,38,2,4744,474740,474778,470047
9430,4732,7,2,4743,474778,474785,470053
9431,4732,62,3,4751,474785,474847,470115
9434,4733,9,3,4741,474847,474856,470123
9433,4733,19,2,4748,474856,474875,470142
9432,4733,74,3,4742,474875,474949,470216
9435,4734,8,2,4737,474949,474957,470223
9436,4735,6,3,4749,474957,474963,470228
9437,4736,74,2,4756,474963,475037,470301
9438,4737,2,1,4754,475037,475039,470302
9440,4737,14,3,4741,475039,475053,470316
9439,4737,24,1,4757,475053,475077,470340
9441,4738,18,1,4758,475077,475095,470357
9442,4739,94,1,4743,475095,475189,470450
9444,4740,48,3,4758,475189,475237,470497
9443,4740,53,1,4753,475237,475290,470550
9445,4741,48,1,4746,475290,475338,470597
9446,4741,98,2,4757,475338,475436,470695
9447,4742,13,3,4758,475436,475449,470707
9449,4742,17,2,4748,475449,475466,470724
9448,4742,91,3,4760,475466,475557,470815
9450,4743,39,3,4751,475557,475596,470853
9451,4743,96,2,4753,475596,475692,470949
9452,4744,86,2,4745,475692,475778,471034
9453,4745,63,2,4754,475778,475841,471096
9454,4745,89,2,4753,475841,475930,471185
9455,4746,79,2,4757,475930,476009,471263
9457,4747,23,2,4749,476009,476032,471285
9456,4747,95,1,4756,476032,476127,471380
9458,4748,92,1,4749,476127,476219,471471
9459,4749,21,1,4754,476219,476240,471491
9460,4749,63,2,4756,476240,476303,471554
9461,4750,37,2,4758,476303,476340,471590
9462,4751,15,1,4755,476340,476355,471604
9463,4751,28,3,4763,476355,476383,471632
9464,4751,32,2,4758,476383,476415,471664
9465,4751,87,3,4770,476415,476502,471751
9466,4752,37,1,4753,476502,476539,471787
9468,4753,2,2,4762,476539,476541,471788
9467,4753,15,2,4761,476541,476556,471803
9469,4753,21,1,4755,476556,476577,471824
9470,4753,48,1,4755,476577,476625,471872
9471,4753,59,2,4767,476625,476684,471931
9474,4754,5,3,4760,476684,476689,471935
9473,4754,18,1,4773,476689,476707,471953
9472,4754,80,1,4758,476707,476787,472033
9475,4755,96,3,4769,476787,476883,472128
9476,4756,21,2,4767,476883,476904,472148
9478,4757,63,1,4758,476904,476967,472210
9477,4757,65,3,4758,476967,477032,472275
9479,4758,63,1,4761,477032,477095,472337
9480,4758,66,1,4774,477095,477161,472403
9481,4758,69,2,4760,477161,477230,472472
9483,4759,38,1,4764,477230,477268,472509
9482,4759,48,3,4768,477268,477316,472557
9484,4760,25,3,4772,477316,477341,472581
9485,4760,33,1,4761,477341,477374,472614
9486,4760,40,1,4765,477374,477414,472654
9488,4760,86,1,4776,477414,477500,472740
9487,4760,99,3,4764,477500,477599,472839
9489,4761,59,3,4770,477599,477658,472897
9490,4762,4,2,4779,477658,477662,472900
9493,4763,27,2,4767,477662,477689,472926
9491,4763,46,1,4777,477689,477735,472972
9492,4763,95,3,4772,477735,477830,473067
9497,4764,2,2,4775,477830,477832,473068
9496,4764,5,2,4772,477832,477837,473073
9494,4764,38,2,4782,477837,477875,473111
9495,4764,78,1,4777,477875,477953,473189
9498,4765,4,2,4773,477953,477957,473192
9499,4765,90,1,4781,477957,478047,473282
9500,4766,84,3,4784,478047,478131,473365
9501,4767,8,3,4779,478131,478139,473372
9502,4767,83,2,4768,478139,478222,473455
9503,4768,52,1,4774,478222,478274,473506
9504,4769,35,2,4783,478274,478309,473540
9507,4770,34,2,4779,478309,478343,473573
9506,4770,79,1,4778,478343,478422,473652
9505,4770,81,1,4780,478422,478503,473733
9508,4770,93,2,4790,478503,478596,473826
9509,4771,58,3,4778,478596,478654,473883
9511,4772,34,1,4792,478654,478688,473916
9510,4772,35,2,4788,478688,478723,473951
9512,4773,5,2,4776,478723,478728,473955
9513,4774,3,2,4786,478728,478731,473957
9514,4774,41,2,4790,478731,478772,473998
9516,4775,93,3,4782,478772,478865,474090
9517,4775,96,1,4784,478865,478961,474186
9515,4775,100,3,4794,478961,479061,474286
9518,4776,19,2,4792,479061,479080,474304
9522,4777,2,2,4783,479080,479082,474305
9519,4777,18,2,4789,479082,479100,474323
9524,4777,31,2,4786,479100,479131,474354
9523,4777,42,2,4795,479131,479173,474396
9525,4777,67,1,4787,479173,479240,474463
9521,4777,79,3,4780,479240,479319,474542
9520,4777,85,2,4785,479319,479404,474627
9526,4778,42,1,4779,479404,479446,474668
9530,4779,15,2,4783,479446,479461,474682
9527,4779,36,2,4794,479461,479497,474718
9528,4779,91,1,4789,479497,479588,474809
9529,4779,96,2,4783,479588,479684,474905
9531,4780,45,1,4783,479684,479729,474949
9532,4781,24,2,4786,479729,479753,474972
9534,4782,77,1,4790,479753,479830,475048
9533,4782,89,1,4796,479830,479919,475137
9535,4783,33,1,4787,479919,479952,475169
9536,4784,39,1,4798,479952,479991,475207
9538,4785,5,2,4797,479991,479996,475211
9537,4785,30,1,4795,479996,480026,475241
9541,4786,1,3,4790,480026,480027,475241
9540,4786,29,3,4795,480027,480056,475270
9539,4786,83,2,4795,480056,480139,475353
9542,4787,4,2,4790,480139,480143,475356
9543,4788,91,1,4805,480143,480234,475446
9544,4789,84,3,4798,480234,480318,475529
9545,4790,28,3,4798,480318,480346,475556
9547,4791,6,1,4810,480346,480352,475561
9546,4791,71,1,4804,480352,480423,475632
9548,4792,7,1,4810,480423,480430,475638
9549,4793,53,1,4810,480430,480483,475690
9550,4794,70,3,4805,480483,480553,475759
9553,4795,39,2,4802,480553,480592,475797
9552,4795,72,2,4796,480592,480664,475869
9551,4795,94,3,4806,480664,480758,475963
9556,4796,10,2,4798,480758,480768,475972
9554,4796,12,2,4797,480768,480780,475984
9555,4796,37,1,4809,480780,480817,476021
9557,4797,30,3,4801,480817,480847,476050
9558,4798,69,3,4802,480847,480916,476118
9559,4799,7,1,4811,480916,480923,476124
9560,4800,80,3,4805,480923,481003,476203
9561,4801,92,1,4818,481003,481095,476294
9565,4802,15,3,4820,481095,481110,476308
9563,4802,25,2,4806,481110,481135,476333
9564,4802,25,3,4805,481135,481160,476358
9562,4802,75,2,4813,481160,481235,476433
9566,4803,78,2,4815,481235,481313,476510
9567,4804,7,2,4808,481313,481320,476516
9568,4805,48,2,4811,481320,481368,476563
9569,4806,14,1,4814,481368,481382,476576
9571,4807,4,2,4809,481382,481386,476579
9573,4807,6,1,4818,481386,481392,476585
9574,4807,7,1,4827,481392,481399,476592
9575,4807,50,3,4815,481399,481449,476642
9570,4807,75,2,4816,481449,481524,476717
9572,4807,86,2,4814,481524,481610,476803
9576,4808,68,3,4811,481610,481678,476870
9579,4809,29,1,4826,481678,481707,476898
9577,4809,40,1,4823,481707,481747,476938
9578,4809,53,2,4815,481747,481800,476991
9580,4810,65,2,4819,481800,481865,477055
9581,4811,50,3,4828,481865,481915,477104
9582,4811,77,1,4823,481915,481992,477181
9583,4812,12,2,4826,481992,482004,477192
9587,4813,11,3,4826,482004,482015,477202
9584,4813,17,1,4820,482015,482032,477219
9586,4813,17,3,4831,482032,482049,477236
9588,4813,17,1,4815,482049,482066,477253
9590,4813,23,2,4821,482066,482089,477276
9585,4813,32,1,4828,482089,482121,477308
9589,4813,71,1,4818,482121,482192,477379
9592,4814,45,3,4831,482192,482237,477423
9593,4814,71,2,4825,482237,482308,477494
9591,4814,72,2,4819,482308,482380,477566
9595,4815,46,2,4817,482380,482426,477611
9594,4815,56,3,4832,482426,482482,477667
9596,4816,35,1,4825,482482,482517,477701
9597,4817,12,3,4834,482517,482529,477712
9598,4817,59,3,4821,482529,482588,477771
9599,4818,43,2,4831,482588,482631,477813
9600,4819,42,2,4830,482631,482673,477854
9601,4820,8,3,4822,482673,482681,477861
9603,4820,25,3,4836,482681,482706,477886
9602,4820,78,1,4824,482706,482784,477964
9605,4821,39,1,4832,482784,482823,478002
9606,4821,70,3,4832,482823,482893,478072
9604,4821,78,2,4823,482893,482971,478150
9607,4822,8,3,4837,482971,482979,478157
9608,4823,14,2,4831,482979,482993,478170
9609,4823,17,2,4828,482993,483010,478187
9610,4824,19,3,4838,483010,483029,478205
9612,4825,9,1,4840,483029,483038,478213
9611,4825,31,3,4829,483038,483069,478244
9613,4825,69,1,4839,483069,483138,478313
9614,4825,89,1,4844,483138,483227,478402
9617,4826,36,3,4837,483227,483263,478437
9615,4826,77,3,4833,483263,483340,478514
9616,4826,85,2,4836,483340,483425,478599
9618,4826,88,1,4832,483425,483513,478687
9620,4827,49,3,4836,483513,483562,478735
9619,4827,81,2,4835,483562,483643,478816
9621,4827,100,3,4840,483643,483743,478916
9623,4828,19,1,4846,483743,483762,478934
9622,4828,33,2,4837,483762,483795,478967
9624,4828,64,1,4838,483795,483859,479031
9625,4829,35,3,4837,483859,483894,479065
9627,4830,24,1,4837,483894,483918,479088
9626,4830,98,1,4840,483918,484016,479186
9628,4831,4,1,4834,484016,484020,479189
9629,4831,60,2,4848,484020,484080,479249
9630,4832,4,1,4839,484080,484084,479252
9634,4832,13,2,4834,484084,484097,479265
9631,4832,50,1,4833,484097,484147,479315
9632,4832,67,2,4840,484147,484214,479382
9633,4832,94,2,4840,484214,484308,479476
9636,4833,4,2,4844,484308,484312,479479
9635,4833,66,2,4844,484312,484378,479545
9638,4834,71,2,4849,484378,484449,479615
9637,4834,81,2,4852,484449,484530,479696
9639,4835,55,2,4845,484530,484585,479750
9640,4835,61,1,4838,484585,484646,479811
9641,4836,11,1,4838,484646,484657,479821
9642,4836,72,3,4852,484657,484729,479893
9643,4837,97,3,4857,484729,484826,479989
9645,4838,13,1,4843,484826,484839,480001
9644,4838,43,1,4846,484839,484882,480044
9647,4838,44,1,4857,484882,484926,480088
9646,4838,89,2,4858,484926,485015,480177
9649,4839,19,1,4842,485015,485034,480195
9648,4839,99,3,4847,485034,485133,480294
9650,4840,9,1,4853,485133,485142,480302
9651,4841,26,1,4861,485142,485168,480327
9655,4841,43,2,4855,485168,485211,480370
9652,4841,62,2,4844,485211,485273,480432
9654,4841,89,3,4847,485273,485362,480521
9656,4841,92,3,4846,485362,485454,480613
9653,4841,94,2,4854,485454,485548,480707
9657,4842,53,2,4855,485548,485601,480759
9661,4843,9,3,4860,485601,485610,480767
9660,4843,14,3,4857,485610,485624,480781
9658,4843,34,3,4848,485624,485658,480815
9659,4843,61,1,4858,485658,485719,480876
9662,4844,79,1,4861,485719,485798,480954
9663,4845,14,1,4852,485798,485812,480967
9664,4845,97,2,4855,485812,485909,481064
9665,4846,8,2,4866,485909,485917,481071
9666,4846,91,1,4857,485917,486008,481162
9667,4847,13,2,4865,486008,486021,481174
9668,4848,77,3,4859,486021,486098,481250
9670,4849,61,1,4857,486098,486159,481310
9669,4849,89,3,4864,486159,486248,481399
9671,4850,88,3,4859,486248,486336,481486
9673,4851,19,3,4852,486336,486355,481504
9674,4851,77,1,4865,486355,486432,481581
9672,4851,91,2,4856,486432,486523,481672
9675,4852,54,3,4872,486523,486577,481725
9676,4852,73,2,4863,486577,486650,481798
9678,4853,60,2,4860,486650,486710,481857
9677,4853,91,3,4860,486710,486801,481948
9679,4854,82,2,4861,486801,486883,482029
9681,4855,4,1,4868,486883,486887,482032
9680,4855,23,3,4869,486887,486910,482055
9682,4856,52,2,4867,486910,486962,482106
9683,4857,85,1,4859,486962,487047,482190
9684,4858,1,1,4861,487047,487048,482190
9686,4858,4,1,4860,487048,487052,482194
9685,4858,64,3,4866,487052,487116,482258
9687,4859,24,1,4879,487116,487140,482281
9688,4860,47,1,4864,487140,487187,482327
9689,4860,83,2,4879,487187,487270,482410
9690,4861,38,2,4880,487270,487308,482447
9691,4861,41,2,4866,487308,487349,482488
9692,4862,69,3,4865,487349,487418,482556
9695,4863,5,2,4867,487418,487423,482560
9694,4863,20,1,4880,487423,487443,482580
9693,4863,52,1,4867,487443,487495,482632
9696,4864,8,1,4867,487495,487503,482639
9697,4864,18,3,4878,487503,487521,482657
9698,4864,21,3,4877,487521,487542,482678
9699,4864,24,2,4868,487542,487566,482702
9700,4864,70,2,4872,487566,487636,482772
9701,4865,82,2,4875,487636,487718,482853
9702,4865,86,1,4878,487718,487804,482939
9703,4866,22,2,4882,487804,487826,482960
9706,4867,34,2,4881,487826,487860,482993
9704,4867,55,1,4881,487860,487915,483048
9705,4867,95,1,4883,487915,488010,483143
9707,4867,100,2,4869,488010,488110,483243
9708,4868,1,1,4878,488110,488111,483243
9710,4869,16,1,4870,488111,488127,483258
9711,4869,44,2,4881,488127,488171,483302
9712,4869,72,3,4886,488171,488243,483374
9713,4869,79,1,4880,488243,488322,483453
9709,4869,99,3,4888,488322,488421,483552
9714,4870,53,1,4876,488421,488474,483604
9717,4871,1,3,4888,488474,488475,483604
9718,4871,11,3,4881,488475,488486,483615
9716,4871,52,1,4883,488486,488538,483667
9715,4871,82,3,4877,488538,488620,483749
9719,4872,57,2,4877,488620,488677,483805
9720,4873,19,3,4874,488677,488696,483823
9722,4874,43,3,4890,488696,488739,483865
9721,4874,95,1,4888,488739,488834,483960
9723,4875,61,3,4878,488834,488895,484020
9724,4876,56,3,4887,488895,488951,484075
9725,4877,52,3,4897,488951,489003,484126
9726,4878,17,2,4886,489003,489020,484142
9728,4879,1,2,4895,489020,489021,484142
9727,4879,8,2,4880,489021,489029,484150
9729,4879,12,3,4881,489029,489041,484162
9730,4880,59,2,4888,489041,489100,484220
9731,4881,39,1,4889,489100,489139,484258
9733,4882,1,3,4891,489139,489140,484258
9735,4882,15,2,4884,489140,489155,484273
9732,4882,50,2,4902,489155,489205,484323
9734,4882,90,2,4900,489205,489295,484413
9740,4883,9,2,4885,489295,489304,484421
9736,4883,20,2,4898,489304,489324,484441
9738,4883,43,2,4902,489324,489367,484484
9739,4883,84,3,4900,489367,489451,484568
9737,4883,97,3,4885,489451,489548,484665
9741,4884,54,2,4901,489548,489602,484718
9742,4885,15,1,4898,489602,489617,484732
9743,4886,49,3,4887,489617,489666,484780
9744,4886,93,1,4903,489666,489759,484873
9746,4887,51,2,4899,489759,489810,484923
9745,4887,98,3,4900,489810,489908,485021
9747,4887,99,3,4891,489908,490007,485120
9748,4888,46,3,4899,490007,490053,485165
9749,4889,32,2,4896,490053,490085,485196
9750,4889,43,3,4906,490085,490128,485239
9752,4889,53,3,4903,490128,490181,485292
9751,4889,68,3,4898,490181,490249,485360
9753,4890,2,1,4894,490249,490251,485361
9754,4891,26,1,4911,490251,490277,485386
9755,4892,3,3,4897,490277,490280,485388
9757,4892,26,3,4896,490280,490306,485414
9756,4892,46,2,4907,490306,490352,485460
9758,4892,82,1,4899,490352,490434,485542
9759,4893,85,1,4901,490434,490519,485626
9760,4893,85,2,4897,490519,490604,485711
9761,4894,94,2,4903,490604,490698,485804
9762,4895,66,3,4912,490698,490764,485869
9763,4895,82,2,4907,490764,490846,485951
9764,4896,14,3,4913,490846,490860,485964
9767,4896,43,1,4901,490860,490903,486007
9766,4896,61,2,4912,490903,490964,486068
9765,4896,65,2,4900,490964,491029,486133
9768,4897,93,3,4901,491029,491122,486225
9769,4898,27,3,4916,491122,491149,486251
9770,4899,21,1,4903,491149,491170,486271
9771,4900,32,1,4910,491170,491202,486302
9772,4900,73,2,4918,491202,491275,486375
9774,4901,22,3,4903,491275,491297,486396
9773,4901,88,1,4903,491297,491385,486484
9776,4902,14,3,4912,491385,491399,486497
9777,4902,62,1,4910,491399,491461,486559
9775,4902,85,1,4918,491461,491546,486644
9778,4903,35,3,4910,491546,491581,486678
9779,4903,68,2,4916,491581,491649,486746
9780,4904,40,1,4922,491649,491689,486785
9781,4905,45,3,4916,491689,491734,486829
9782,4906,52,2,4913,491734,491786,486880
9783,4907,92,3,4926,491786,491878,486971
9784,4908,48,2,4914,491878,491926,487018
9785,4908,62,1,4922,491926,491988,487080
9786,4909,18,1,4925,491988,492006,487097
9787,4910,16,1,4925,492006,492022,487112
9788,4910,89,3,4926,492022,492111,487201
9792,4911,38,1,4915,492111,492149,487238
9789,4911,53,3,4917,492149,492202,487291
9790,4911,85,2,4912,492202,492287,487376
9791,4911,94,1,4916,492287,492381,487470
9793,4912,20,3,4920,492381,492401,487489
9794,4913,33,1,4932,492401,492434,487521
9795,4913,48,1,4915,492434,492482,487569
9796,4913,59,1,4926,492482,492541,487628
9797,4914,62,2,4930,492541,492603,487689
9798,4915,47,1,4921,492603,492650,487735
9799,4916,12,3,4933,492650,492662,487746
9800,4916,49,1,4936,492662,492711,487795
9801,4916,69,2,4921,492711,492780,487864
9802,4917,66,2,4929,492780,492846,487929
9805,4918,30,3,4921,492846,492876,487958
9803,4918,31,3,4933,492876,492907,487989
9804,4918,92,1,4923,492907,492999,488081
9807,4919,36,3,4923,492999,493035,488116
9806,4919,93,1,4930,493035,493128,488209
9808,4920,92,3,4931,493128,493220,488300
9809,4921,11,2,4941,493220,493231,488310
9810,4921,28,2,4938,493231,493259,488338
9811,4922,70,3,4924,493259,493329,488407
9812,4922,96,1,4937,493329,493425,488503
9813,4923,91,2,4924,493425,493516,488593
9814,4924,18,1,4938,493516,493534,488610
9815,4925,24,3,4927,493534,493558,488633
9819,4925,47,2,4932,493558,493605,488680
9817,4925,68,2,4930,493605,493673,488748
9818,4925,69,3,4945,493673,493742,488817
9816,4925,89,1,4927,493742,493831,488906
9820,4926,77,3,4940,493831,493908,488982
9822,4927,33,3,4938,493908,493941,489014
9821,4927,45,1,4939,493941,493986,489059
9823,4927,76,2,4939,493986,494062,489135
9824,4928,48,3,4948,494062,494110,489182
9825,4928,66,3,4941,494110,494176,489248
9828,4929,9,1,4948,494176,494185,489256
9827,4929,28,2,4930,494185,494213,489284
9829,4929,55,3,4932,494213,494268,489339
9826,4929,82,3,4938,494268,494350,489421
9830,4930,22,1,4936,494350,494372,489442
9831,4930,76,3,4939,494372,494448,489518
9832,4930,78,1,4942,494448,494526,489596
9833,4930,100,3,4935,494526,494626,489696
9834,4931,5,3,4944,494626,494631,489700
9835,4932,4,1,4938,494631,494635,489703
9837,4933,6,2,4947,494635,494641,489708
9838,4933,6,1,4936,494641,494647,489714
9836,4933,66,2,4941,494647,494713,489780
9839,4934,18,2,4936,494713,494731,489797
9840,4935,61,3,4945,494731,494792,489857
9845,4936,21,1,4956,494792,494813,489877
9843,4936,57,3,4950,494813,494870,489934
9842,4936,62,1,4950,494870,494932,489996
9841,4936,91,1,4940,494932,495023,490087
9844,4936,92,3,4942,495023,495115,490179
9846,4937,77,2,4956,495115,495192,490255
9847,4938,52,1,4957,495192,495244,490306
9849,4939,15,2,4943,495244,495259,490320
9851,4939,67,2,4954,495259,495326,490387
9850,4939,84,3,4949,495326,495410,490471
9848,4939,86,2,4941,495410,495496,490557
9853,4940,7,1,4949,495496,495503,490563
9852,4940,78,3,4944,495503,495581,490641
9854,4941,8,2,4961,495581,495589,490648
9855,4942,94,2,4945,495589,495683,490741
9856,4943,19,3,4963,495683,495702,490759
9858,4944,39,2,4962,495702,495741,490797
9857,4944,94,1,4964,495741,495835,490891
9859,4945,81,1,4962,495835,495916,490971
9860,4946,22,3,4953,495916,495938,490992
9861,4947,99,1,4948,495938,496037,491090
9862,4948,24,1,4954,496037,496061,491113
9864,4948,77,1,4965,496061,496138,491190
9863,4948,82,1,4964,496138,496220,491272
9865,4949,46,2,4962,496220,496266,491317
9867,4950,21,2,4958,496266,496287,491337
9866,4950,84,1,4960,496287,496371,491421
9869,4951,8,3,4962,496371,496379,491428
9868,4951,51,1,4956,496379,496430,491479
9871,4952,16,2,4962,496430,496446,491494
9870,4952,68,2,4968,496446,496514,491562
9872,4953,77,3,4964,496514,496591,491638
9873,4954,82,2,4965,496591,496673,491719
9874,4955,3,3,4966,496673,496676,491721
9875,4956,9,2,4968,496676,496685,491729
9876,4956,18,2,4968,496685,496703,491747
9877,4956,85,1,4960,496703,496788,491832
9878,4957,84,1,4963,496788,496872,491915
9879,4958,71,3,4960,496872,496943,491985
9881,4959,36,3,4968,496943,496979,492020
9880,4959,87,1,4968,496979,497066,492107
9882,4960,23,2,4961,497066,497089,492129
9883,4960,40,3,4978,497089,497129,492169
9886,4961,9,1,4962,497129,497138,492177
9885,4961,29,1,4981,497138,497167,492206
9884,4961,49,3,4968,497167,497216,492255
9887,4962,64,3,4966,497216,497280,492318
9888,4963,5,1,4976,497280,497285,492322
9890,4964,42,2,4968,497285,497327,492363
9889,4964,51,3,4982,497327,497378,492414
9893,4965,35,3,4972,497378,497413,492448
9891,4965,44,3,4980,497413,497457,492492
9892,4965,86,2,4975,497457,497543,492578
9894,4966,22,3,4968,497543,497565,492599
9896,4966,31,1,4972,497565,497596,492630
9895,4966,48,1,4967,497596,497644,492678
9897,4966,66,2,4979,497644,497710,492744
9898,4966,100,2,4986,497710,497810,492844
9899,4967,68,3,4985,497810,497878,492911
9900,4968,72,1,4981,497878,497950,492982
9901,4969,6,2,4976,497950,497956,492987
9902,4969,58,3,4988,497956,498014,493045
9903,4969,98,3,4976,498014,498112,493143
9904,4970,81,2,4971,498112,498193,493223
9909,4971,33,1,4991,498193,498226,493255
9905,4971,39,2,4980,498226,498265,493294
9906,4971,45,1,4980,498265,498310,493339
9907,4971,61,1,4989,498310,498371,493400
9908,4971,86,3,4989,498371,498457,493486
9910,4972,47,1,4992,498457,498504,493532
9911,4973,47,3,4988,498504,498551,493578
9913,4974,87,1,4987,498551,498638,493664
9912,4974,95,2,4981,498638,498733,493759
9914,4975,79,1,4988,498733,498812,493837
9915,4976,96,3,4979,498812,498908,493932
9921,4977,4,3,4992,498908,498912,493935
9918,4977,42,3,4990,498912,498954,493977
9917,4977,54,2,4984,498954,499008,494031
9919,4977,58,3,4989,499008,499066,494089
9916,4977,70,2,4986,499066,499136,494159
9920,4977,82,3,4980,499136,499218,494241
9922,4978,39,2,4996,499218,499257,494279
9923,4978,59,1,4988,499257,499316,494338
9924,4978,88,2,4989,499316,499404,494426
9925,4979,44,3,4980,499404,499448,494469
9926,4979,76,1,4991,499448,499524,494545
9927,4980,62,1,4991,499524,499586,494606
9928,4980,66,2,4995,499586,499652,494672
9930,4981,6,1,5000,499652,499658,494677
9933,4981,8,1,4984,499658,499666,494685
9932,4981,12,1,4997,499666,499678,494697
9931,4981,27,3,4993,499678,499705,494724
9929,4981,93,1,5000,499705,499798,494817
9937,4982,7,1,4985,499798,499805,494823
9936,4982,28,2,4989,499805,499833,494851
9934,4982,31,1,4990,499833,499864,494882
9935,4982,44,1,4989,499864,499908,494926
9938,4983,82,2,4990,499908,499990,495007
9940,4983,85,3,4992,499990,500075,495092
9939,4983,94,2,4994,500075,500169,495186
9944,4984,33,2,5004,500169,500202,495218
9943,4984,36,2,4994,500202,500238,495254
9942,4984,56,1,4999,500238,500294,495310
9945,4984,61,3,4985,500294,500355,495371
9941,4984,99,1,4987,500355,500454,495470
9947,4985,60,2,4994,500454,500514,495529
9946,4985,73,1,4997,500514,500587,495602
9948,4986,2,3,4999,500587,500589,495603
9950,4987,10,1,4997,500589,500599,495612
9951,4987,38,3,4994,500599,500637,495650
9952,4987,44,3,4999,500637,500681,495694
9949,4987,76,3,4990,500681,500757,495770
9953,4988,13,3,4999,500757,500770,495782
9954,4989,1,2,4999,500770,500771,495782
9955,4990,56,3,5007,500771,500827,495837
9960,4991,25,1,4998,500827,500852,495861
9958,4991,53,3,5011,500852,500905,495914
9957,4991,54,3,5007,500905,500959,495968
9959,4991,66,1,4997,500959,501025,496034
9956,4991,70,1,5009,501025,501095,496104
9961,4992,40,2,5001,501095,501135,496143
9962,4992,58,3,5002,501135,501193,496201
9963,4993,71,3,4995,501193,501264,496271
9964,4994,29,1,5000,501264,501293,496299
9965,4995,62,3,4997,501293,501355,496360
9968,4996,23,2,5000,501355,501378,496382
9969,4996,46,3,5007,501378,501424,496428
9967,4996,57,3,5003,501424,501481,496485
9966,4996,99,2,5004,501481,501580,496584
9971,4997,19,1,5017,501580,501599,496602
9970,4997,48,3,5011,501599,501647,496650
9972,4998,100,3,5016,501647,501747,496749
9974,4999,15,2,5013,501747,501762,496763
9976,4999,61,3,5009,501762,501823,496824
9973,4999,86,2,5018,501823,501909,496910
9975,4999,92,3,5017,501909,502001,497002
9977,5000,10,3,5012,502001,502011,497011
9978,5000,20,1,5013,502011,502031,497031
9979,5000,51,2,5008,502031,502082,497082
9981,5001,59,3,5012,502082,502141,497140
9980,5001,83,1,5010,502141,502224,497223
9982,5002,45,3,5020,502224,502269,497267
9983,5003,18,3,5010,502269,502287,497284
9984,5004,71,1,5016,502287,502358,497354
9985,5004,91,2,5020,502358,502449,497445
9986,5005,4,3,5024,502449,502453,497448
9988,5005,28,1,5008,502453,502481,497476
9987,5005,45,1,5025,502481,502526,497521
9989,5005,84,2,5014,502526,502610,497605
9991,5006,55,3,5011,502610,502665,497659
9990,5006,66,3,5012,502665,502731,497725
9992,5007,41,2,5022,502731,502772,497765
9993,5008,40,2,5013,502772,502812,497804
9997,5009,21,1,5028,502812,502833,497824
9998,5009,39,3,5013,502833,502872,497863
9999,5009,42,1,5024,502872,502914,497905
9996,5009,68,2,5023,502914,502982,497973
9994,5009,97,1,5016,502982,503079,498070
9995,5009,98,3,5015,503079,503177,498168
Average turn around time,249473.9368,,,,,
