Job ID,Arrival,Burst,Priority,Deadline,Start,End,Turn Around
0,0,18,1,5,0,18,18
2,1,84,3,8,18,102,101
1,1,22,2,11,102,124,123
3,2,47,1,6,124,171,169
4,2,35,1,11,171,206,204
5,2,7,3,12,206,213,211
6,3,3,2,6,213,216,213
7,3,43,2,19,216,259,256
8,4,93,1,8,259,352,348
11,4,67,2,10,352,419,415
10,4,96,3,11,419,515,511
9,4,27,2,12,515,542,538
12,4,14,2,16,542,556,552
13,5,90,1,8,556,646,641
15,6,99,1,12,646,745,739
14,6,41,3,18,745,786,780
17,7,73,2,11,786,859,852
16,7,88,1,12,859,947,940
19,7,27,3,16,947,974,967
21,7,70,3,17,974,1044,1037
18,7,42,2,18,1044,1086,1079
22,7,21,2,19,1086,1107,1100
20,7,40,1,23,1107,1147,1140
23,7,60,2,25,1147,1207,1200
24,8,75,2,20,1207,1282,1274
25,8,26,3,28,1282,1308,1300
26,9,97,2,12,1308,1405,1396
27,9,97,3,22,1405,1502,1493
28,10,24,1,12,1502,1526,1516
29,11,36,2,19,1526,1562,1551
30,11,19,2,30,1562,1581,1570
31,12,50,3,30,1581,1631,1619
32,13,61,1,30,1631,1692,1679
33,14,86,1,23,1692,1778,1764
35,15,3,3,27,1778,1781,1766
34,15,76,2,32,1781,1857,1842
38,16,60,3,19,1857,1917,1901
37,16,19,3,25,1917,1936,1920
36,16,46,1,33,1936,1982,1966
39,17,79,3,31,1982,2061,2044
40,18,22,3,19,2061,2083,2065
41,18,72,1,31,2083,2155,2137
42,18,40,2,36,2155,2195,2177
43,19,21,1,30,2195,2216,2197
44,20,23,3,33,2216,2239,2219
46,21,62,2,39,2239,2301,2280
45,21,9,3,41,2301,2310,2289
47,22,44,3,25,2310,2354,2332
51,23,74,2,27,2354,2428,2405
52,23,96,2,29,2428,2524,2501
49,23,72,2,32,2524,2596,2573
48,23,96,3,38,2596,2692,2669
50,23,70,1,41,2692,2762,2739
53,24,34,1,31,2762,2796,2772
54,24,71,3,33,2796,2867,2843
55,25,50,3,34,2867,2917,2892
56,26,81,2,29,2917,2998,2972
57,27,51,1,29,2998,3049,3022
58,27,31,1,40,3049,3080,3053
59,28,43,1,32,3080,3123,3095
60,28,89,2,33,3123,3212,3184
61,29,25,2,39,3212,3237,3208
62,30,80,3,44,3237,3317,3287
63,31,48,2,34,3317,3365,3334
65,32,8,2,50,3365,3373,3341
64,32,2,2,51,3373,3375,3343
66,33,21,1,51,3375,3396,3363
67,34,75,3,48,3396,3471,3437
68,34,12,2,50,3471,3483,3449
69,35,88,1,37,3483,3571,3536
70,35,35,3,51,3571,3606,3571
72,36,51,2,37,3606,3657,3621
71,36,33,3,38,3657,3690,3654
73,36,93,2,53,3690,3783,3747
75,37,55,2,45,3783,3838,3801
74,37,69,1,54,3838,3907,3870
76,37,50,2,57,3907,3957,3920
77,38,41,3,51,3957,3998,3960
78,38,65,1,57,3998,4063,4025
79,39,94,1,53,4063,4157,4118
81,40,47,1,42,4157,4204,4164
80,40,57,1,47,4204,4261,4221
84,40,32,1,50,4261,4293,4253
82,40,18,3,52,4293,4311,4271
83,40,96,3,54,4311,4407,4367
86,40,55,1,57,4407,4462,4422
85,40,18,3,58,4462,4480,4440
87,41,57,2,44,4480,4537,4496
88,42,25,3,48,4537,4562,4520
89,43,40,2,49,4562,4602,4559
91,44,53,2,47,4602,4655,4611
90,44,97,1,56,4655,4752,4708
92,44,78,1,61,4752,4830,4786
98,45,85,1,51,4830,4915,4870
93,45,50,2,52,4915,4965,4920
96,45,39,3,54,4965,5004,4959
97,45,57,1,56,5004,5061,5016
95,45,88,1,61,5061,5149,5104
94,45,81,3,64,5149,5230,5185
99,46,94,1,59,5230,5324,5278
100,47,15,2,55,5324,5339,5292
101,48,23,2,62,5339,5362,5314
102,49,15,2,53,5362,5377,5328
103,50,11,1,66,5377,5388,5338
104,50,47,2,69,5388,5435,5385
105,51,19,3,64,5435,5454,5403
108,52,34,2,62,5454,5488,5436
106,52,85,2,65,5488,5573,5521
107,52,96,2,67,5573,5669,5617
111,53,86,1,63,5669,5755,5702
109,53,15,2,70,5755,5770,5717
112,53,93,2,71,5770,5863,5810
110,53,58,2,72,5863,5921,5868
116,54,5,3,55,5921,5926,5872
117,54,7,2,55,5926,5933,5879
113,54,87,2,60,5933,6020,5966
115,54,92,3,61,6020,6112,6058
114,54,1,1,68,6112,6113,6059
118,55,3,1,70,6113,6116,6061
119,56,46,1,57,6116,6162,6106
122,56,81,1,58,6162,6243,6187
121,56,33,1,66,6243,6276,6220
123,56,14,3,68,6276,6290,6234
120,56,31,2,74,6290,6321,6265
125,57,5,1,62,6321,6326,6269
124,57,50,1,74,6326,6376,6319
126,58,86,1,75,6376,6462,6404
127,59,89,3,67,6462,6551,6492
129,60,82,3,66,6551,6633,6573
128,60,35,2,76,6633,6668,6608
130,60,4,2,78,6668,6672,6612
131,60,32,3,79,6672,6704,6644
132,60,49,2,80,6704,6753,6693
135,61,24,2,63,6753,6777,6716
134,61,2,1,75,6777,6779,6718
133,61,3,3,80,6779,6782,6721
136,61,7,2,81,6782,6789,6728
139,62,63,1,66,6789,6852,6790
138,62,3,1,68,6852,6855,6793
143,62,6,1,70,6855,6861,6799
142,62,54,2,74,6861,6915,6853
137,62,60,3,75,6915,6975,6913
140,62,4,2,77,6975,6979,6917
141,62,82,3,81,6979,7061,6999
144,62,93,3,82,7061,7154,7092
145,63,36,3,78,7154,7190,7127
147,64,26,2,69,7190,7216,7152
146,64,3,1,75,7216,7219,7155
150,65,16,1,66,7219,7235,7170
149,65,21,1,68,7235,7256,7191
148,65,79,1,69,7256,7335,7270
151,65,67,1,83,7335,7402,7337
153,65,91,1,83,7402,7493,7428
152,65,17,2,84,7493,7510,7445
155,66,48,1,73,7510,7558,7492
154,66,65,3,79,7558,7623,7557
159,67,30,1,70,7623,7653,7586
160,67,20,1,71,7653,7673,7606
158,67,50,1,71,7673,7723,7656
157,67,91,3,79,7723,7814,7747
156,67,1,1,82,7814,7815,7748
161,67,46,3,82,7815,7861,7794
162,67,48,3,86,7861,7909,7842
163,68,1,2,74,7909,7910,7842
164,68,47,2,80,7910,7957,7889
165,69,90,1,73,7957,8047,7978
167,70,15,3,77,8047,8062,7992
166,70,12,2,86,8062,8074,8004
169,71,42,2,82,8074,8116,8045
168,71,83,1,83,8116,8199,8128
170,72,15,1,73,8199,8214,8142
174,73,86,3,77,8214,8300,8227
175,73,7,1,85,8300,8307,8234
171,73,64,2,87,8307,8371,8298
176,73,28,2,89,8371,8399,8326
173,73,86,3,91,8399,8485,8412
172,73,39,2,93,8485,8524,8451
177,74,40,1,78,8524,8564,8490
179,74,57,3,88,8564,8621,8547
178,74,73,2,90,8621,8694,8620
180,75,64,2,89,8694,8758,8683
181,76,89,3,88,8758,8847,8771
182,76,90,1,95,8847,8937,8861
183,77,94,1,80,8937,9031,8954
186,77,63,1,85,9031,9094,9017
184,77,13,3,88,9094,9107,9030
185,77,21,2,90,9107,9128,9051
187,78,71,1,90,9128,9199,9121
190,79,58,3,80,9199,9257,9178
189,79,80,3,90,9257,9337,9258
188,79,27,2,96,9337,9364,9285
195,80,98,3,82,9364,9462,9382
192,80,15,1,83,9462,9477,9397
191,80,99,1,87,9477,9576,9496
194,80,88,2,90,9576,9664,9584
193,80,33,3,99,9664,9697,9617
196,81,52,1,88,9697,9749,9668
197,82,29,2,88,9749,9778,9696
198,83,71,3,101,9778,9849,9766
201,84,71,3,88,9849,9920,9836
199,84,61,2,89,9920,9981,9897
200,84,7,3,101,9981,9988,9904
202,85,92,2,90,9988,10080,9995
204,85,57,2,94,10080,10137,10052
203,85,3,2,101,10137,10140,10055
205,86,99,3,91,10140,10239,10153
206,86,30,3,105,10239,10269,10183
207,87,96,3,97,10269,10365,10278
208,88,43,1,103,10365,10408,10320
210,89,4,1,96,10408,10412,10323
209,89,8,1,99,10412,10420,10331
211,90,40,2,92,10420,10460,10370
212,90,93,3,105,10460,10553,10463
213,91,48,2,108,10553,10601,10510
214,92,73,1,94,10601,10674,10582
219,93,25,2,95,10674,10699,10606
222,93,71,1,96,10699,10770,10677
220,93,56,2,97,10770,10826,10733
221,93,50,1,99,10826,10876,10783
216,93,28,2,100,10876,10904,10811
218,93,94,1,104,10904,10998,10905
215,93,54,1,110,10998,11052,10959
217,93,82,2,113,11052,11134,11041
224,94,59,3,97,11134,11193,11099
223,94,63,2,111,11193,11256,11162
225,94,13,3,114,11256,11269,11175
226,95,52,1,101,11269,11321,11226
227,96,63,3,113,11321,11384,11288
228,97,86,1,101,11384,11470,11373
229,97,56,1,106,11470,11526,11429
231,98,69,1,99,11526,11595,11497
230,98,16,2,100,11595,11611,11513
233,98,51,2,102,11611,11662,11564
232,98,31,1,107,11662,11693,11595
234,99,39,2,115,11693,11732,11633
235,100,25,1,120,11732,11757,11657
239,101,49,1,104,11757,11806,11705
238,101,92,3,106,11806,11898,11797
240,101,94,2,107,11898,11992,11891
236,101,82,1,116,11992,12074,11973
237,101,1,2,118,12074,12075,11974
241,102,11,1,104,12075,12086,11984
242,103,48,3,120,12086,12134,12031
245,104,77,2,115,12134,12211,12107
243,104,77,3,116,12211,12288,12184
244,104,64,2,117,12288,12352,12248
246,104,92,3,121,12352,12444,12340
247,105,76,3,108,12444,12520,12415
248,106,56,3,116,12520,12576,12470
249,107,7,2,124,12576,12583,12476
250,108,72,2,117,12583,12655,12547
251,109,76,1,118,12655,12731,12622
253,110,80,2,121,12731,12811,12701
254,110,79,3,125,12811,12890,12780
252,110,91,3,128,12890,12981,12871
255,111,75,1,113,12981,13056,12945
256,112,59,1,113,13056,13115,13003
258,113,50,1,118,13115,13165,13052
257,113,73,3,123,13165,13238,13125
259,114,43,3,121,13238,13281,13167
260,114,10,2,129,13281,13291,13177
261,115,50,3,135,13291,13341,13226
262,116,100,2,122,13341,13441,13325
263,116,36,1,131,13441,13477,13361
264,117,11,1,133,13477,13488,13371
265,118,68,1,128,13488,13556,13438
269,119,50,1,126,13556,13606,13487
268,119,44,3,131,13606,13650,13531
267,119,26,3,133,13650,13676,13557
266,119,50,3,137,13676,13726,13607
270,120,95,2,140,13726,13821,13701
271,121,66,1,125,13821,13887,13766
272,122,43,1,138,13887,13930,13808
282,123,86,3,124,13930,14016,13893
273,123,87,1,127,14016,14103,13980
276,123,48,2,128,14103,14151,14028
280,123,91,1,128,14151,14242,14119
278,123,48,3,131,14242,14290,14167
274,123,21,1,137,14290,14311,14188
277,123,21,1,140,14311,14332,14209
275,123,27,1,141,14332,14359,14236
279,123,49,3,143,14359,14408,14285
281,123,75,1,143,14408,14483,14360
283,124,18,1,142,14483,14501,14377
284,125,48,2,135,14501,14549,14424
285,125,13,3,142,14549,14562,14437
286,126,51,2,132,14562,14613,14487
288,127,60,2,132,14613,14673,14546
287,127,1,2,134,14673,14674,14547
289,128,4,3,138,14674,14678,14550
290,129,44,2,147,14678,14722,14593
292,130,17,1,132,14722,14739,14609
293,130,91,2,138,14739,14830,14700
291,130,20,1,150,14830,14850,14720
295,131,58,1,132,14850,14908,14777
294,131,54,2,144,14908,14962,14831
296,132,26,3,138,14962,14988,14856
297,132,59,3,151,14988,15047,14915
299,133,33,1,144,15047,15080,14947
298,133,20,2,153,15080,15100,14967
302,134,60,3,145,15100,15160,15026
301,134,88,2,148,15160,15248,15114
303,134,74,2,153,15248,15322,15188
300,134,10,1,154,15322,15332,15198
304,135,31,2,138,15332,15363,15228
306,136,91,2,140,15363,15454,15318
305,136,100,3,156,15454,15554,15418
310,137,78,3,140,15554,15632,15495
309,137,4,1,141,15632,15636,15499
311,137,16,3,149,15636,15652,15515
307,137,21,1,153,15652,15673,15536
308,137,21,3,154,15673,15694,15557
315,138,9,2,139,15694,15703,15565
314,138,90,3,146,15703,15793,15655
313,138,89,2,147,15793,15882,15744
316,138,40,2,151,15882,15922,15784
312,138,40,2,154,15922,15962,15824
317,139,38,1,142,15962,16000,15861
318,139,86,3,149,16000,16086,15947
319,139,83,1,150,16086,16169,16030
320,139,2,1,151,16169,16171,16032
322,139,67,3,154,16171,16238,16099
321,139,12,1,159,16238,16250,16111
323,140,72,1,158,16250,16322,16182
325,141,22,2,149,16322,16344,16203
324,141,76,3,151,16344,16420,16279
326,142,58,1,147,16420,16478,16336
327,142,29,2,149,16478,16507,16365
328,143,57,1,145,16507,16564,16421
329,144,72,3,153,16564,16636,16492
330,145,66,2,157,16636,16702,16557
331,146,23,2,163,16702,16725,16579
333,147,32,1,165,16725,16757,16610
332,147,91,1,165,16757,16848,16701
334,148,9,3,158,16848,16857,16709
335,149,23,3,151,16857,16880,16731
337,150,59,2,152,16880,16939,16789
336,150,19,2,157,16939,16958,16808
338,151,98,3,167,16958,17056,16905
339,152,41,3,160,17056,17097,16945
340,152,37,1,166,17097,17134,16982
341,153,93,1,173,17134,17227,17074
342,154,78,1,170,17227,17305,17151
344,155,45,3,164,17305,17350,17195
343,155,53,2,164,17350,17403,17248
345,155,53,2,174,17403,17456,17301
346,156,70,2,167,17456,17526,17370
347,157,31,1,174,17526,17557,17400
350,158,84,2,162,17557,17641,17483
348,158,81,3,176,17641,17722,17564
349,158,89,1,178,17722,17811,17653
351,159,3,1,166,17811,17814,17655
353,159,35,2,176,17814,17849,17690
352,159,45,1,177,17849,17894,17735
355,160,10,3,161,17894,17904,17744
354,160,40,1,175,17904,17944,17784
357,161,43,3,168,17944,17987,17826
356,161,82,1,171,17987,18069,17908
358,161,60,2,178,18069,18129,17968
359,162,6,1,181,18129,18135,17973
361,163,51,3,172,18135,18186,18023
360,163,97,2,178,18186,18283,18120
362,164,10,3,182,18283,18293,18129
364,165,14,3,169,18293,18307,18142
363,165,46,3,185,18307,18353,18188
366,166,14,1,178,18353,18367,18201
365,166,57,2,186,18367,18424,18258
367,167,75,2,180,18424,18499,18332
370,168,29,1,176,18499,18528,18360
368,168,92,3,177,18528,18620,18452
369,168,32,1,178,18620,18652,18484
371,168,42,3,187,18652,18694,18526
373,169,44,1,171,18694,18738,18569
375,169,84,3,173,18738,18822,18653
372,169,98,3,179,18822,18920,18751
374,169,91,3,187,18920,19011,18842
376,170,66,2,176,19011,19077,18907
377,170,31,2,182,19077,19108,18938
378,171,24,1,190,19108,19132,18961
381,172,55,3,184,19132,19187,19015
379,172,70,3,188,19187,19257,19085
380,172,99,3,191,19257,19356,19184
382,173,47,1,182,19356,19403,19230
384,174,3,1,175,19403,19406,19232
383,174,56,1,187,19406,19462,19288
385,175,98,2,177,19462,19560,19385
386,175,56,3,180,19560,19616,19441
387,176,2,3,182,19616,19618,19442
388,177,89,1,179,19618,19707,19530
391,178,6,3,186,19707,19713,19535
389,178,55,3,186,19713,19768,19590
390,178,52,1,196,19768,19820,19642
394,179,41,1,188,19820,19861,19682
395,179,60,1,188,19861,19921,19742
396,179,45,2,194,19921,19966,19787
392,179,29,1,197,19966,19995,19816
393,179,69,1,198,19995,20064,19885
397,180,16,3,186,20064,20080,19900
399,181,8,1,192,20080,20088,19907
398,181,33,1,199,20088,20121,19940
400,182,5,3,185,20121,20126,19944
401,183,77,1,188,20126,20203,20020
402,184,85,2,197,20203,20288,20104
403,185,83,1,188,20288,20371,20186
404,185,64,1,200,20371,20435,20250
405,186,24,3,205,20435,20459,20273
406,187,23,2,188,20459,20482,20295
407,188,11,3,195,20482,20493,20305
409,189,56,3,202,20493,20549,20360
408,189,64,2,202,20549,20613,20424
410,189,50,3,203,20613,20663,20474
411,189,90,3,206,20663,20753,20564
412,190,78,2,201,20753,20831,20641
413,191,15,1,207,20831,20846,20655
414,192,86,2,204,20846,20932,20740
415,193,50,2,206,20932,20982,20789
416,194,83,3,200,20982,21065,20871
417,195,23,2,212,21065,21088,20893
418,196,96,2,209,21088,21184,20988
419,197,40,2,211,21184,21224,21027
421,198,14,2,199,21224,21238,21040
424,198,53,1,200,21238,21291,21093
420,198,55,3,212,21291,21346,21148
423,198,72,2,212,21346,21418,21220
422,198,25,2,217,21418,21443,21245
426,199,30,2,202,21443,21473,21274
428,199,78,3,206,21473,21551,21352
425,199,92,3,209,21551,21643,21444
429,199,95,1,212,21643,21738,21539
427,199,54,3,214,21738,21792,21593
430,200,86,1,205,21792,21878,21678
431,201,87,1,209,21878,21965,21764
434,202,36,2,205,21965,22001,21799
432,202,18,1,210,22001,22019,21817
435,202,42,1,215,22019,22061,21859
433,202,45,1,222,22061,22106,21904
436,202,76,2,222,22106,22182,21980
437,203,56,3,211,22182,22238,22035
438,204,54,3,205,22238,22292,22088
439,205,52,3,216,22292,22344,22139
440,206,16,2,224,22344,22360,22154
441,207,19,2,213,22360,22379,22172
446,208,85,1,209,22379,22464,22256
447,208,26,1,217,22464,22490,22282
443,208,19,1,218,22490,22509,22301
445,208,61,2,219,22509,22570,22362
442,208,43,2,224,22570,22613,22405
444,208,73,1,227,22613,22686,22478
452,209,84,1,211,22686,22770,22561
449,209,55,2,213,22770,22825,22616
448,209,52,1,219,22825,22877,22668
450,209,92,2,228,22877,22969,22760
451,209,82,2,229,22969,23051,22842
454,210,70,2,214,23051,23121,22911
453,210,45,3,225,23121,23166,22956
455,211,26,1,216,23166,23192,22981
456,212,14,3,218,23192,23206,22994
457,213,37,3,223,23206,23243,23030
458,214,7,3,222,23243,23250,23036
459,215,59,2,221,23250,23309,23094
460,215,1,2,224,23309,23310,23095
461,216,95,1,233,23310,23405,23189
462,217,44,3,222,23405,23449,23232
468,218,83,3,221,23449,23532,23314
464,218,100,3,223,23532,23632,23414
465,218,9,1,224,23632,23641,23423
467,218,70,3,228,23641,23711,23493
463,218,17,3,234,23711,23728,23510
466,218,60,2,238,23728,23788,23570
469,219,1,3,224,23788,23789,23570
472,220,41,1,230,23789,23830,23610
471,220,9,2,233,23830,23839,23619
470,220,3,3,238,23839,23842,23622
473,221,21,1,233,23842,23863,23642
474,221,27,2,239,23863,23890,23669
475,222,57,1,233,23890,23947,23725
476,222,88,3,236,23947,24035,23813
477,223,70,3,229,24035,24105,23882
478,223,55,1,242,24105,24160,23937
479,224,58,1,232,24160,24218,23994
481,225,7,2,229,24218,24225,24000
480,225,62,1,239,24225,24287,24062
482,226,43,1,238,24287,24330,24104
483,227,90,3,237,24330,24420,24193
484,228,89,2,241,24420,24509,24281
485,229,45,1,231,24509,24554,24325
486,230,25,1,244,24554,24579,24349
487,231,43,3,239,24579,24622,24391
488,232,53,1,247,24622,24675,24443
489,233,71,2,239,24675,24746,24513
490,233,32,2,244,24746,24778,24545
492,233,83,2,249,24778,24861,24628
491,233,84,3,251,24861,24945,24712
493,234,46,3,237,24945,24991,24757
494,234,63,1,241,24991,25054,24820
496,235,74,1,237,25054,25128,24893
498,235,18,2,249,25128,25146,24911
495,235,100,3,251,25146,25246,25011
497,235,82,1,255,25246,25328,25093
499,236,28,2,242,25328,25356,25120
500,236,53,3,252,25356,25409,25173
502,236,99,2,255,25409,25508,25272
501,236,78,1,256,25508,25586,25350
503,237,7,2,238,25586,25593,25356
504,237,71,3,247,25593,25664,25427
506,238,12,1,240,25664,25676,25438
507,238,85,1,247,25676,25761,25523
505,238,87,3,254,25761,25848,25610
509,239,93,2,246,25848,25941,25702
508,239,22,3,255,25941,25963,25724
510,240,76,2,258,25963,26039,25799
511,241,88,3,249,26039,26127,25886
512,242,69,2,244,26127,26196,25954
513,242,42,2,258,26196,26238,25996
514,243,69,1,247,26238,26307,26064
515,243,99,2,247,26307,26406,26163
516,244,8,2,257,26406,26414,26170
517,245,49,1,262,26414,26463,26218
519,246,80,2,247,26463,26543,26297
518,246,76,2,255,26543,26619,26373
520,247,62,2,261,26619,26681,26434
521,248,97,3,258,26681,26778,26530
523,249,7,3,258,26778,26785,26536
524,249,49,3,258,26785,26834,26585
525,249,52,3,268,26834,26886,26637
522,249,30,2,269,26886,26916,26667
527,250,33,1,263,26916,26949,26699
526,250,95,1,263,26949,27044,26794
528,251,85,1,266,27044,27129,26878
529,252,22,2,257,27129,27151,26899
530,253,76,1,256,27151,27227,26974
537,254,83,1,255,27227,27310,27056
531,254,81,3,258,27310,27391,27137
532,254,70,2,268,27391,27461,27207
536,254,90,3,270,27461,27551,27297
533,254,34,3,272,27551,27585,27331
534,254,38,1,272,27585,27623,27369
535,254,42,2,273,27623,27665,27411
538,255,39,2,257,27665,27704,27449
539,256,46,1,261,27704,27750,27494
542,257,15,3,259,27750,27765,27508
541,257,8,2,264,27765,27773,27516
540,257,11,1,273,27773,27784,27527
543,257,92,1,276,27784,27876,27619
544,258,95,3,266,27876,27971,27713
545,258,29,3,274,27971,28000,27742
546,259,70,3,261,28000,28070,27811
547,259,92,2,270,28070,28162,27903
548,259,50,1,276,28162,28212,27953
549,260,36,3,277,28212,28248,27988
550,260,1,2,280,28248,28249,27989
551,261,68,3,271,28249,28317,28056
555,262,80,3,263,28317,28397,28135
553,262,72,1,274,28397,28469,28207
552,262,50,3,279,28469,28519,28257
554,262,4,3,280,28519,28523,28261
558,263,38,2,267,28523,28561,28298
557,263,91,3,274,28561,28652,28389
556,263,61,3,283,28652,28713,28450
561,264,75,3,270,28713,28788,28524
559,264,84,3,275,28788,28872,28608
562,264,57,2,279,28872,28929,28665
560,264,82,2,284,28929,29011,28747
563,265,31,1,277,29011,29042,28777
564,266,72,1,268,29042,29114,28848
566,267,97,2,269,29114,29211,28944
567,267,21,1,270,29211,29232,28965
568,267,12,2,276,29232,29244,28977
565,267,60,1,282,29244,29304,29037
569,268,46,1,285,29304,29350,29082
570,269,70,2,288,29350,29420,29151
572,270,50,2,272,29420,29470,29200
571,270,7,3,284,29470,29477,29207
573,270,18,2,288,29477,29495,29225
574,271,51,1,274,29495,29546,29275
575,272,51,1,278,29546,29597,29325
576,273,98,2,274,29597,29695,29422
578,273,3,1,291,29695,29698,29425
577,273,4,3,293,29698,29702,29429
579,274,75,3,281,29702,29777,29503
582,275,86,3,277,29777,29863,29588
580,275,3,2,287,29863,29866,29591
581,275,56,3,291,29866,29922,29647
583,276,96,1,293,29922,30018,29742
586,277,87,3,281,30018,30105,29828
589,277,23,1,283,30105,30128,29851
588,277,73,1,285,30128,30201,29924
584,277,32,1,289,30201,30233,29956
585,277,18,3,293,30233,30251,29974
587,277,90,1,295,30251,30341,30064
590,278,24,1,280,30341,30365,30087
591,279,96,1,295,30365,30461,30182
592,279,13,3,299,30461,30474,30195
593,280,100,3,286,30474,30574,30294
594,281,50,2,289,30574,30624,30343
595,282,34,3,285,30624,30658,30376
597,283,45,2,285,30658,30703,30420
596,283,98,1,294,30703,30801,30518
598,283,48,1,298,30801,30849,30566
600,284,45,1,289,30849,30894,30610
601,284,14,1,294,30894,30908,30624
599,284,10,1,297,30908,30918,30634
602,285,20,3,302,30918,30938,30653
603,286,54,1,292,30938,30992,30706
607,286,64,3,293,30992,31056,30770
604,286,5,1,305,31056,31061,30775
605,286,56,1,306,31061,31117,30831
606,286,99,2,306,31117,31216,30930
608,287,40,3,288,31216,31256,30969
610,288,9,1,289,31256,31265,30977
609,288,29,2,291,31265,31294,31006
611,289,7,3,300,31294,31301,31012
612,290,51,2,293,31301,31352,31062
613,291,46,3,304,31352,31398,31107
617,292,89,1,294,31398,31487,31195
614,292,96,3,294,31487,31583,31291
615,292,32,1,305,31583,31615,31323
616,292,8,2,312,31615,31623,31331
620,293,20,3,294,31623,31643,31350
619,293,48,1,298,31643,31691,31398
618,293,95,3,312,31691,31786,31493
621,293,45,1,313,31786,31831,31538
622,294,94,3,296,31831,31925,31631
623,294,76,1,303,31925,32001,31707
624,295,2,3,300,32001,32003,31708
632,296,16,3,297,32003,32019,31723
630,296,97,1,298,32019,32116,31820
625,296,4,2,299,32116,32120,31824
628,296,26,3,303,32120,32146,31850
626,296,80,1,304,32146,32226,31930
631,296,100,1,306,32226,32326,32030
627,296,64,2,307,32326,32390,32094
629,296,92,1,315,32390,32482,32186
633,297,72,1,304,32482,32554,32257
635,298,69,1,300,32554,32623,32325
636,298,82,1,301,32623,32705,32407
634,298,73,3,307,32705,32778,32480
637,299,28,2,318,32778,32806,32507
639,300,87,3,305,32806,32893,32593
638,300,89,1,320,32893,32982,32682
640,301,87,1,321,32982,33069,32768
641,302,7,1,318,33069,33076,32774
642,303,90,1,317,33076,33166,32863
643,303,63,2,322,33166,33229,32926
645,304,9,3,312,33229,33238,32934
644,304,65,3,319,33238,33303,32999
646,305,23,1,313,33303,33326,33021
647,306,38,1,316,33326,33364,33058
648,306,95,3,319,33364,33459,33153
649,307,95,2,315,33459,33554,33247
650,307,23,3,318,33554,33577,33270
651,307,85,1,322,33577,33662,33355
652,308,28,2,312,33662,33690,33382
653,308,72,1,326,33690,33762,33454
654,309,60,3,315,33762,33822,33513
658,309,35,1,316,33822,33857,33548
656,309,89,3,317,33857,33946,33637
655,309,85,3,322,33946,34031,33722
657,309,58,1,329,34031,34089,33780
659,310,23,2,324,34089,34112,33802
661,311,41,2,320,34112,34153,33842
660,311,79,1,325,34153,34232,33921
663,312,39,3,314,34232,34271,33959
664,312,9,2,321,34271,34280,33968
662,312,95,1,327,34280,34375,34063
665,313,15,1,329,34375,34390,34077
666,314,17,3,315,34390,34407,34093
667,314,65,1,319,34407,34472,34158
669,315,10,1,318,34472,34482,34167
668,315,91,3,326,34482,34573,34258
671,316,44,2,330,34573,34617,34301
670,316,87,3,335,34617,34704,34388
673,317,18,1,325,34704,34722,34405
672,317,51,1,333,34722,34773,34456
674,318,51,1,321,34773,34824,34506
675,319,8,3,322,34824,34832,34513
676,320,66,1,324,34832,34898,34578
677,321,100,1,325,34898,34998,34677
682,322,88,1,326,34998,35086,34764
678,322,68,1,327,35086,35154,34832
679,322,87,3,327,35154,35241,34919
680,322,57,3,331,35241,35298,34976
681,322,70,1,331,35298,35368,35046
684,323,99,1,326,35368,35467,35144
683,323,48,2,335,35467,35515,35192
685,324,55,3,332,35515,35570,35246
687,324,20,3,333,35570,35590,35266
686,324,19,3,342,35590,35609,35285
689,325,81,3,327,35609,35690,35365
690,325,46,1,337,35690,35736,35411
688,325,46,1,343,35736,35782,35457
692,326,8,3,340,35782,35790,35464
691,326,93,1,342,35790,35883,35557
693,327,70,2,330,35883,35953,35626
695,327,27,3,334,35953,35980,35653
694,327,67,1,338,35980,36047,35720
697,328,2,1,338,36047,36049,35721
696,328,90,1,338,36049,36139,35811
699,329,39,1,339,36139,36178,35849
698,329,86,2,343,36178,36264,35935
700,330,37,1,336,36264,36301,35971
701,331,21,2,334,36301,36322,35991
702,332,84,1,345,36322,36406,36074
703,332,87,3,352,36406,36493,36161
706,333,26,3,334,36493,36519,36186
704,333,57,1,338,36519,36576,36243
705,333,33,1,346,36576,36609,36276
707,333,64,3,352,36609,36673,36340
708,334,60,3,350,36673,36733,36399
709,335,92,3,339,36733,36825,36490
710,335,100,2,340,36825,36925,36590
711,335,41,1,348,36925,36966,36631
712,336,86,3,353,36966,37052,36716
714,337,14,2,345,37052,37066,36729
713,337,73,2,356,37066,37139,36802
715,338,65,2,343,37139,37204,36866
716,338,96,2,344,37204,37300,36962
717,339,16,2,353,37300,37316,36977
719,340,34,2,341,37316,37350,37010
718,340,74,3,348,37350,37424,37084
721,340,6,3,350,37424,37430,37090
720,340,99,2,353,37430,37529,37189
722,341,26,1,360,37529,37555,37214
723,342,89,2,354,37555,37644,37302
724,343,21,2,359,37644,37665,37322
727,344,21,3,346,37665,37686,37342
725,344,57,1,357,37686,37743,37399
726,344,93,1,363,37743,37836,37492
728,345,30,3,362,37836,37866,37521
730,346,35,1,352,37866,37901,37555
729,346,38,3,354,37901,37939,37593
733,347,82,2,353,37939,38021,37674
734,347,73,2,354,38021,38094,37747
732,347,56,2,356,38094,38150,37803
731,347,89,3,366,38150,38239,37892
735,348,82,2,349,38239,38321,37973
737,348,57,1,358,38321,38378,38030
736,348,33,2,361,38378,38411,38063
738,349,91,1,353,38411,38502,38153
739,350,55,1,355,38502,38557,38207
740,351,92,2,354,38557,38649,38298
741,351,58,3,361,38649,38707,38356
743,352,81,1,358,38707,38788,38436
742,352,1,2,366,38788,38789,38437
745,353,77,2,364,38789,38866,38513
744,353,18,1,370,38866,38884,38531
746,354,29,1,363,38884,38913,38559
747,355,4,2,362,38913,38917,38562
749,356,96,1,363,38917,39013,38657
748,356,62,2,372,39013,39075,38719
750,357,90,3,368,39075,39165,38808
751,358,15,3,370,39165,39180,38822
753,359,26,3,363,39180,39206,38847
756,359,4,2,367,39206,39210,38851
755,359,76,3,368,39210,39286,38927
754,359,46,1,378,39286,39332,38973
752,359,46,3,379,39332,39378,39019
757,360,41,3,361,39378,39419,39059
758,361,90,1,367,39419,39509,39148
759,361,76,1,380,39509,39585,39224
760,362,89,2,373,39585,39674,39312
762,363,37,3,366,39674,39711,39348
761,363,78,1,379,39711,39789,39426
764,364,49,2,365,39789,39838,39474
765,364,30,2,373,39838,39868,39504
763,364,95,1,378,39868,39963,39599
767,365,91,2,374,39963,40054,39689
766,365,2,1,376,40054,40056,39691
768,366,19,3,379,40056,40075,39709
769,367,37,1,387,40075,40112,39745
771,368,90,3,372,40112,40202,39834
770,368,53,1,385,40202,40255,39887
772,368,59,1,387,40255,40314,39946
776,369,4,3,371,40314,40318,39949
775,369,65,3,374,40318,40383,40014
773,369,98,1,374,40383,40481,40112
774,369,47,1,387,40481,40528,40159
777,370,36,3,384,40528,40564,40194
778,371,33,3,382,40564,40597,40226
785,372,56,2,373,40597,40653,40281
779,372,24,2,375,40653,40677,40305
784,372,47,3,375,40677,40724,40352
781,372,29,2,381,40724,40753,40381
780,372,80,3,384,40753,40833,40461
786,372,35,2,385,40833,40868,40496
782,372,36,2,385,40868,40904,40532
783,372,98,3,386,40904,41002,40630
788,373,36,2,374,41002,41038,40665
787,373,69,3,377,41038,41107,40734
789,374,80,3,376,41107,41187,40813
790,374,88,3,377,41187,41275,40901
792,374,81,2,388,41275,41356,40982
791,374,34,3,389,41356,41390,41016
793,375,89,1,388,41390,41479,41104
794,375,90,2,393,41479,41569,41194
795,376,17,3,379,41569,41586,41210
796,377,42,3,384,41586,41628,41251
797,377,94,1,388,41628,41722,41345
798,378,50,3,390,41722,41772,41394
799,378,96,3,396,41772,41868,41490
800,379,72,3,381,41868,41940,41561
801,379,2,1,388,41940,41942,41563
802,380,14,1,392,41942,41956,41576
803,380,66,1,396,41956,42022,41642
804,381,65,1,397,42022,42087,41706
805,381,74,2,398,42087,42161,41780
806,382,88,2,383,42161,42249,41867
807,382,13,1,401,42249,42262,41880
808,383,65,3,391,42262,42327,41944
809,384,76,2,386,42327,42403,42019
810,385,88,1,401,42403,42491,42106
811,386,85,1,394,42491,42576,42190
812,387,4,2,390,42576,42580,42193
813,388,95,3,390,42580,42675,42287
814,388,81,2,400,42675,42756,42368
815,389,2,3,391,42756,42758,42369
816,390,27,1,392,42758,42785,42395
818,391,70,1,392,42785,42855,42464
817,391,99,2,397,42855,42954,42563
820,391,63,3,403,42954,43017,42626
819,391,28,3,404,43017,43045,42654
821,392,76,3,403,43045,43121,42729
822,393,52,2,403,43121,43173,42780
823,394,6,3,408,43173,43179,42785
824,395,12,3,397,43179,43191,42796
826,395,64,3,398,43191,43255,42860
825,395,58,2,414,43255,43313,42918
828,396,45,1,409,43313,43358,42962
827,396,24,3,414,43358,43382,42986
830,397,61,2,402,43382,43443,43046
831,397,69,3,407,43443,43512,43115
829,397,10,1,417,43512,43522,43125
832,398,80,1,402,43522,43602,43204
833,398,28,2,416,43602,43630,43232
834,399,31,3,412,43630,43661,43262
835,399,31,1,416,43661,43692,43293
836,400,25,2,418,43692,43717,43317
837,401,29,3,410,43717,43746,43345
839,402,71,3,409,43746,43817,43415
842,402,73,2,409,43817,43890,43488
840,402,76,1,409,43890,43966,43564
838,402,79,1,412,43966,44045,43643
845,402,37,1,413,44045,44082,43680
843,402,11,2,417,44082,44093,43691
844,402,30,1,419,44093,44123,43721
841,402,58,2,419,44123,44181,43779
851,403,28,1,404,44181,44209,43806
849,403,68,1,406,44209,44277,43874
850,403,70,2,410,44277,44347,43944
848,403,6,1,412,44347,44353,43950
846,403,47,3,420,44353,44400,43997
847,403,66,2,421,44400,44466,44063
859,404,11,3,414,44466,44477,44073
857,404,30,2,414,44477,44507,44103
852,404,65,2,414,44507,44572,44168
854,404,88,2,415,44572,44660,44256
858,404,90,3,415,44660,44750,44346
856,404,8,3,416,44750,44758,44354
855,404,27,1,417,44758,44785,44381
853,404,86,1,418,44785,44871,44467
861,405,33,2,407,44871,44904,44499
860,405,21,2,416,44904,44925,44520
862,406,87,1,408,44925,45012,44606
863,407,75,1,419,45012,45087,44680
864,407,46,1,427,45087,45133,44726
865,408,46,1,411,45133,45179,44771
866,409,17,3,425,45179,45196,44787
867,410,47,1,416,45196,45243,44833
869,410,37,2,417,45243,45280,44870
868,410,28,3,419,45280,45308,44898
870,410,63,2,423,45308,45371,44961
871,411,88,1,431,45371,45459,45048
872,412,5,3,424,45459,45464,45052
873,413,92,3,417,45464,45556,45143
874,414,55,1,421,45556,45611,45197
875,415,28,2,426,45611,45639,45224
876,416,50,1,419,45639,45689,45273
877,416,25,2,425,45689,45714,45298
879,417,7,1,424,45714,45721,45304
878,417,28,1,435,45721,45749,45332
880,418,40,1,422,45749,45789,45371
881,418,26,3,432,45789,45815,45397
882,419,3,2,428,45815,45818,45399
883,419,10,2,428,45818,45828,45409
885,420,57,1,421,45828,45885,45465
884,420,4,1,427,45885,45889,45469
887,420,31,2,427,45889,45920,45500
889,420,30,3,431,45920,45950,45530
888,420,84,2,431,45950,46034,45614
886,420,58,3,432,46034,46092,45672
890,421,45,3,433,46092,46137,45716
891,422,80,3,436,46137,46217,45795
892,423,5,2,436,46217,46222,45799
893,424,89,2,428,46222,46311,45887
896,425,42,3,433,46311,46353,45928
894,425,10,1,440,46353,46363,45938
895,425,13,3,442,46363,46376,45951
899,426,10,2,427,46376,46386,45960
898,426,41,3,427,46386,46427,46001
897,426,8,2,433,46427,46435,46009
900,426,68,2,445,46435,46503,46077
904,427,98,2,432,46503,46601,46174
901,427,74,3,434,46601,46675,46248
905,427,46,2,437,46675,46721,46294
903,427,16,2,439,46721,46737,46310
902,427,76,1,442,46737,46813,46386
907,428,63,1,429,46813,46876,46448
910,428,6,3,430,46876,46882,46454
908,428,71,3,433,46882,46953,46525
911,428,19,3,434,46953,46972,46544
909,428,96,3,442,46972,47068,46640
906,428,10,1,448,47068,47078,46650
913,429,59,3,436,47078,47137,46708
914,429,4,2,442,47137,47141,46712
912,429,32,2,442,47141,47173,46744
915,430,11,3,449,47173,47184,46754
916,431,55,1,437,47184,47239,46808
918,432,16,3,436,47239,47255,46823
919,432,94,3,439,47255,47349,46917
917,432,69,2,451,47349,47418,46986
921,433,84,1,440,47418,47502,47069
920,433,53,3,449,47502,47555,47122
922,434,97,3,443,47555,47652,47218
924,434,49,3,444,47652,47701,47267
923,434,74,3,446,47701,47775,47341
925,435,86,3,444,47775,47861,47426
926,435,62,2,452,47861,47923,47488
927,436,66,3,442,47923,47989,47553
928,437,84,2,449,47989,48073,47636
930,438,22,3,441,48073,48095,47657
929,438,72,1,441,48095,48167,47729
932,438,99,1,447,48167,48266,47828
931,438,84,3,450,48266,48350,47912
935,439,37,3,446,48350,48387,47948
933,439,94,3,452,48387,48481,48042
934,439,74,3,454,48481,48555,48116
937,440,96,1,445,48555,48651,48211
936,440,6,2,449,48651,48657,48217
938,440,57,1,455,48657,48714,48274
939,441,24,1,448,48714,48738,48297
941,442,5,3,451,48738,48743,48301
940,442,56,2,453,48743,48799,48357
942,442,83,1,455,48799,48882,48440
944,443,96,2,445,48882,48978,48535
943,443,32,2,448,48978,49010,48567
945,443,82,3,448,49010,49092,48649
946,443,100,1,452,49092,49192,48749
947,444,72,1,445,49192,49264,48820
948,444,60,2,458,49264,49324,48880
950,445,4,2,451,49324,49328,48883
949,445,35,2,460,49328,49363,48918
952,446,85,1,447,49363,49448,49002
956,446,95,3,447,49448,49543,49097
955,446,11,3,449,49543,49554,49108
953,446,22,1,454,49554,49576,49130
954,446,74,1,459,49576,49650,49204
951,446,94,1,459,49650,49744,49298
957,447,48,1,454,49744,49792,49345
958,447,58,2,458,49792,49850,49403
959,448,92,1,462,49850,49942,49494
960,449,6,2,458,49942,49948,49499
961,450,87,3,457,49948,50035,49585
962,451,10,3,466,50035,50045,49594
963,452,83,3,469,50045,50128,49676
964,453,61,1,454,50128,50189,49736
967,454,79,2,455,50189,50268,49814
965,454,25,1,456,50268,50293,49839
968,454,64,2,456,50293,50357,49903
966,454,42,1,458,50357,50399,49945
970,455,50,1,466,50399,50449,49994
969,455,22,2,470,50449,50471,50016
971,456,88,2,463,50471,50559,50103
972,457,44,1,470,50559,50603,50146
973,458,7,3,464,50603,50610,50152
974,459,21,2,475,50610,50631,50172
975,460,74,1,467,50631,50705,50245
977,460,18,1,474,50705,50723,50263
976,460,37,1,479,50723,50760,50300
979,461,5,2,468,50760,50765,50304
978,461,62,1,477,50765,50827,50366
980,462,49,1,473,50827,50876,50414
982,463,33,2,468,50876,50909,50446
981,463,55,1,480,50909,50964,50501
984,464,55,1,478,50964,51019,50555
983,464,84,2,484,51019,51103,50639
987,465,25,1,468,51103,51128,50663
986,465,32,3,469,51128,51160,50695
985,465,71,1,477,51160,51231,50766
988,465,54,1,480,51231,51285,50820
991,466,53,1,472,51285,51338,50872
990,466,43,1,477,51338,51381,50915
992,466,23,3,478,51381,51404,50938
989,466,85,3,478,51404,51489,51023
993,467,68,1,481,51489,51557,51090
994,468,53,1,478,51557,51610,51142
995,469,55,2,481,51610,51665,51196
998,469,54,1,485,51665,51719,51250
997,469,57,1,486,51719,51776,51307
996,469,23,1,489,51776,51799,51330
999,470,80,2,473,51799,51879,51409
1000,471,71,1,488,51879,51950,51479
1002,472,85,2,477,51950,52035,51563
1001,472,67,1,479,52035,52102,51630
1003,473,15,3,483,52102,52117,51644
1004,473,14,3,488,52117,52131,51658
1005,473,80,2,493,52131,52211,51738
1006,474,34,1,480,52211,52245,51771
1007,475,49,1,485,52245,52294,51819
1008,476,5,1,485,52294,52299,51823
1009,476,82,1,489,52299,52381,51905
1012,477,73,2,481,52381,52454,51977
1011,477,88,2,486,52454,52542,52065
1010,477,62,1,487,52542,52604,52127
1013,478,4,3,487,52604,52608,52130
1014,479,36,1,480,52608,52644,52165
1015,479,96,1,491,52644,52740,52261
1017,480,77,1,483,52740,52817,52337
1016,480,44,1,499,52817,52861,52381
1019,481,80,3,485,52861,52941,52460
1020,481,44,2,487,52941,52985,52504
1018,481,30,1,491,52985,53015,52534
1021,482,66,2,500,53015,53081,52599
1022,483,24,3,500,53081,53105,52622
1024,484,52,1,499,53105,53157,52673
1023,484,81,1,499,53157,53238,52754
1026,485,68,2,492,53238,53306,52821
1027,485,83,2,492,53306,53389,52904
1025,485,59,2,497,53389,53448,52963
1028,485,4,2,504,53448,53452,52967
1029,486,11,1,487,53452,53463,52977
1030,486,14,3,502,53463,53477,52991
1032,487,55,1,506,53477,53532,53045
1031,487,82,3,506,53532,53614,53127
1033,488,27,1,492,53614,53641,53153
1035,489,72,3,491,53641,53713,53224
1034,489,88,2,508,53713,53801,53312
1037,490,62,2,504,53801,53863,53373
1036,490,9,1,508,53863,53872,53382
1038,491,16,3,499,53872,53888,53397
1039,491,67,1,509,53888,53955,53464
1041,492,30,3,499,53955,53985,53493
1040,492,60,2,505,53985,54045,53553
1042,493,25,1,500,54045,54070,53577
1043,494,36,1,499,54070,54106,53612
1044,495,45,1,507,54106,54151,53656
1045,495,45,2,510,54151,54196,53701
1046,496,13,3,503,54196,54209,53713
1047,496,81,2,514,54209,54290,53794
1048,497,91,1,512,54290,54381,53884
1049,498,29,2,505,54381,54410,53912
1051,499,62,2,506,54410,54472,53973
1052,499,81,3,506,54472,54553,54054
1050,499,35,2,515,54553,54588,54089
1054,500,29,1,507,54588,54617,54117
1053,500,29,3,509,54617,54646,54146
1055,500,57,2,511,54646,54703,54203
1056,501,45,1,505,54703,54748,54247
1057,502,71,3,508,54748,54819,54317
1058,503,44,1,513,54819,54863,54360
1060,504,59,1,512,54863,54922,54418
1059,504,75,2,512,54922,54997,54493
1063,505,3,3,512,54997,55000,54495
1064,505,44,3,515,55000,55044,54539
1062,505,75,2,516,55044,55119,54614
1061,505,82,3,517,55119,55201,54696
1065,506,3,1,511,55201,55204,54698
1067,506,99,3,518,55204,55303,54797
1066,506,78,3,520,55303,55381,54875
1069,507,68,2,515,55381,55449,54942
1070,507,64,3,519,55449,55513,55006
1068,507,36,3,521,55513,55549,55042
1071,508,52,3,522,55549,55601,55093
1072,509,34,3,525,55601,55635,55126
1073,509,85,1,526,55635,55720,55211
1074,509,79,1,529,55720,55799,55290
1075,510,47,2,519,55799,55846,55336
1077,511,30,2,515,55846,55876,55365
1080,511,54,2,516,55876,55930,55419
1081,511,34,1,520,55930,55964,55453
1078,511,9,1,521,55964,55973,55462
1076,511,38,1,525,55973,56011,55500
1079,511,69,3,528,56011,56080,55569
1082,512,96,3,521,56080,56176,55664
1083,513,13,2,522,56176,56189,55676
1084,514,21,3,528,56189,56210,55696
1085,515,50,2,520,56210,56260,55745
1087,516,76,1,518,56260,56336,55820
1086,516,37,3,522,56336,56373,55857
1088,517,23,2,519,56373,56396,55879
1090,518,31,1,524,56396,56427,55909
1091,518,61,1,532,56427,56488,55970
1089,518,96,3,532,56488,56584,56066
1092,519,19,2,537,56584,56603,56084
1094,520,67,1,525,56603,56670,56150
1095,520,83,1,529,56670,56753,56233
1093,520,12,2,530,56753,56765,56245
1096,520,21,2,532,56765,56786,56266
1099,521,47,3,525,56786,56833,56312
1098,521,8,2,530,56833,56841,56320
1097,521,22,2,532,56841,56863,56342
1100,521,29,3,532,56863,56892,56371
1101,521,30,2,532,56892,56922,56401
1102,522,44,2,527,56922,56966,56444
1103,523,52,2,529,56966,57018,56495
1104,523,97,2,532,57018,57115,56592
1106,523,44,1,540,57115,57159,56636
1105,523,17,2,543,57159,57176,56653
1107,524,73,2,531,57176,57249,56725
1108,525,2,1,534,57249,57251,56726
1109,526,18,1,535,57251,57269,56743
1110,526,39,2,536,57269,57308,56782
1111,527,87,1,543,57308,57395,56868
1112,528,26,1,531,57395,57421,56893
1115,528,2,2,532,57421,57423,56895
1114,528,63,3,537,57423,57486,56958
1113,528,97,2,540,57486,57583,57055
1116,529,93,2,538,57583,57676,57147
1118,529,47,3,540,57676,57723,57194
1117,529,29,3,543,57723,57752,57223
1121,530,51,3,532,57752,57803,57273
1119,530,36,1,535,57803,57839,57309
1120,530,94,3,535,57839,57933,57403
1122,531,73,3,536,57933,58006,57475
1124,532,20,2,544,58006,58026,57494
1123,532,44,3,546,58026,58070,57538
1126,533,44,2,537,58070,58114,57581
1125,533,8,3,553,58114,58122,57589
1128,534,88,2,541,58122,58210,57676
1127,534,26,1,546,58210,58236,57702
1129,535,18,2,543,58236,58254,57719
1130,535,40,2,544,58254,58294,57759
1131,536,84,3,540,58294,58378,57842
1132,537,46,3,538,58378,58424,57887
1133,538,79,1,549,58424,58503,57965
1134,539,5,1,554,58503,58508,57969
1136,540,73,2,542,58508,58581,58041
1137,540,66,1,544,58581,58647,58107
1135,540,86,1,546,58647,58733,58193
1138,541,16,2,542,58733,58749,58208
1139,541,79,2,561,58749,58828,58287
1140,542,65,2,550,58828,58893,58351
1142,543,90,3,545,58893,58983,58440
1141,543,29,2,557,58983,59012,58469
1143,543,52,3,563,59012,59064,58521
1145,544,85,2,545,59064,59149,58605
1144,544,51,1,551,59149,59200,58656
1146,545,7,1,556,59200,59207,58662
1147,546,14,2,550,59207,59221,58675
1148,546,19,1,556,59221,59240,58694
1149,547,32,2,555,59240,59272,58725
1150,547,80,3,557,59272,59352,58805
1152,548,59,1,555,59352,59411,58863
1151,548,83,2,562,59411,59494,58946
1154,549,65,2,551,59494,59559,59010
1153,549,59,3,559,59559,59618,59069
1155,550,20,3,555,59618,59638,59088
1156,550,99,2,565,59638,59737,59187
1157,551,37,1,560,59737,59774,59223
1158,552,56,2,558,59774,59830,59278
1161,552,16,1,560,59830,59846,59294
1160,552,48,1,564,59846,59894,59342
1159,552,55,2,566,59894,59949,59397
1164,553,19,1,565,59949,59968,59415
1162,553,46,3,565,59968,60014,59461
1163,553,78,1,568,60014,60092,59539
1166,554,87,1,556,60092,60179,59625
1169,554,68,3,565,60179,60247,59693
1168,554,79,1,567,60247,60326,59772
1165,554,26,1,572,60326,60352,59798
1167,554,17,2,574,60352,60369,59815
1170,555,59,3,561,60369,60428,59873
1171,556,34,1,559,60428,60462,59906
1172,556,31,1,569,60462,60493,59937
1173,556,30,1,576,60493,60523,59967
1175,557,88,3,562,60523,60611,60054
1174,557,30,1,573,60611,60641,60084
1176,557,12,1,574,60641,60653,60096
1177,558,42,3,570,60653,60695,60137
1178,559,7,3,575,60695,60702,60143
1179,560,96,3,569,60702,60798,60238
1180,561,55,1,578,60798,60853,60292
1182,562,99,3,566,60853,60952,60390
1181,562,85,1,582,60952,61037,60475
1184,563,86,2,582,61037,61123,60560
1183,563,34,1,583,61123,61157,60594
1185,564,14,3,579,61157,61171,60607
1186,565,47,1,582,61171,61218,60653
1187,566,30,1,573,61218,61248,60682
1188,566,86,3,573,61248,61334,60768
1191,566,71,2,578,61334,61405,60839
1190,566,7,3,581,61405,61412,60846
1189,566,99,1,581,61412,61511,60945
1192,566,31,2,583,61511,61542,60976
1193,567,67,1,569,61542,61609,61042
1194,568,46,2,569,61609,61655,61087
1196,569,88,3,575,61655,61743,61174
1195,569,64,2,580,61743,61807,61238
1197,570,53,1,577,61807,61860,61290
1198,571,92,2,591,61860,61952,61381
1201,572,9,1,582,61952,61961,61389
1200,572,8,2,588,61961,61969,61397
1199,572,75,2,589,61969,62044,61472
1203,573,70,2,582,62044,62114,61541
1202,573,5,2,590,62114,62119,61546
1205,573,24,3,590,62119,62143,61570
1204,573,34,2,590,62143,62177,61604
1206,573,8,2,592,62177,62185,61612
1207,574,17,3,575,62185,62202,61628
1208,574,88,2,582,62202,62290,61716
1209,574,82,1,586,62290,62372,61798
1210,575,73,3,578,62372,62445,61870
1211,575,24,1,591,62445,62469,61894
1212,576,1,2,594,62469,62470,61894
1214,577,13,3,580,62470,62483,61906
1213,577,25,1,594,62483,62508,61931
1216,578,76,2,586,62508,62584,62006
1215,578,66,2,593,62584,62650,62072
1217,579,85,3,595,62650,62735,62156
1218,580,81,2,590,62735,62816,62236
1219,580,57,3,595,62816,62873,62293
1220,581,97,2,590,62873,62970,62389
1222,581,67,2,599,62970,63037,62456
1221,581,77,1,600,63037,63114,62533
1223,582,55,3,587,63114,63169,62587
1224,583,22,2,588,63169,63191,62608
1225,583,7,2,600,63191,63198,62615
1226,584,62,2,598,63198,63260,62676
1227,585,22,1,589,63260,63282,62697
1229,586,71,2,595,63282,63353,62767
1230,586,62,2,599,63353,63415,62829
1228,586,49,2,601,63415,63464,62878
1231,586,52,2,606,63464,63516,62930
1232,587,30,2,602,63516,63546,62959
1233,587,47,1,603,63546,63593,63006
1234,588,78,1,607,63593,63671,63083
1235,589,71,3,592,63671,63742,63153
1236,590,41,1,605,63742,63783,63193
1238,591,98,2,608,63783,63881,63290
1237,591,50,1,610,63881,63931,63340
1244,592,44,3,595,63931,63975,63383
1241,592,73,3,597,63975,64048,63456
1243,592,12,3,599,64048,64060,63468
1240,592,71,2,600,64060,64131,63539
1242,592,58,1,608,64131,64189,63597
1239,592,38,1,609,64189,64227,63635
1245,592,40,2,610,64227,64267,63675
1246,593,81,3,613,64267,64348,63755
1248,594,57,3,608,64348,64405,63811
1247,594,13,2,612,64405,64418,63824
1249,594,33,3,612,64418,64451,63857
1250,595,21,2,609,64451,64472,63877
1252,596,62,2,600,64472,64534,63938
1251,596,81,2,601,64534,64615,64019
1253,597,38,2,615,64615,64653,64056
1254,598,68,2,610,64653,64721,64123
1255,599,24,1,610,64721,64745,64146
1257,600,47,1,605,64745,64792,64192
1256,600,85,2,613,64792,64877,64277
1258,601,63,3,603,64877,64940,64339
1260,601,98,3,612,64940,65038,64437
1259,601,2,2,619,65038,65040,64439
1262,602,81,1,612,65040,65121,64519
1261,602,74,3,614,65121,65195,64593
1263,603,26,2,619,65195,65221,64618
1265,604,20,3,606,65221,65241,64637
1267,604,40,1,608,65241,65281,64677
1268,604,51,3,609,65281,65332,64728
1266,604,7,3,616,65332,65339,64735
1264,604,36,2,620,65339,65375,64771
1271,605,17,2,607,65375,65392,64787
1272,605,35,2,611,65392,65427,64822
1270,605,32,3,614,65427,65459,64854
1274,605,21,3,619,65459,65480,64875
1269,605,75,1,623,65480,65555,64950
1273,605,64,1,624,65555,65619,65014
1276,606,93,1,617,65619,65712,65106
1275,606,70,1,619,65712,65782,65176
1277,607,12,2,611,65782,65794,65187
1278,608,33,3,623,65794,65827,65219
1279,609,92,2,614,65827,65919,65310
1280,610,63,3,611,65919,65982,65372
1281,610,38,3,616,65982,66020,65410
1283,610,26,2,625,66020,66046,65436
1282,610,93,1,626,66046,66139,65529
1284,611,25,1,628,66139,66164,65553
1285,612,24,3,613,66164,66188,65576
1289,612,81,1,614,66188,66269,65657
1287,612,91,2,615,66269,66360,65748
1293,612,5,1,616,66360,66365,65753
1290,612,89,1,617,66365,66454,65842
1286,612,76,2,623,66454,66530,65918
1288,612,65,1,627,66530,66595,65983
1291,612,17,3,628,66595,66612,66000
1292,612,86,2,628,66612,66698,66086
1295,613,13,1,614,66698,66711,66098
1294,613,86,2,615,66711,66797,66184
1296,613,79,1,617,66797,66876,66263
1297,613,86,2,618,66876,66962,66349
1298,614,60,3,626,66962,67022,66408
1299,615,98,3,629,67022,67120,66505
1300,616,43,1,629,67120,67163,66547
1301,617,78,3,626,67163,67241,66624
1302,617,28,1,630,67241,67269,66652
1303,618,60,2,629,67269,67329,66711
1304,619,81,3,636,67329,67410,66791
1305,620,17,2,633,67410,67427,66807
1307,621,10,1,623,67427,67437,66816
1306,621,25,1,628,67437,67462,66841
1308,621,90,2,632,67462,67552,66931
1310,622,91,3,624,67552,67643,67021
1312,622,19,3,626,67643,67662,67040
1311,622,34,3,634,67662,67696,67074
1309,622,63,2,637,67696,67759,67137
1314,623,73,1,629,67759,67832,67209
1315,623,12,2,635,67832,67844,67221
1313,623,75,1,642,67844,67919,67296
1317,624,33,2,625,67919,67952,67328
1316,624,1,3,639,67952,67953,67329
1319,625,6,2,643,67953,67959,67334
1318,625,46,1,644,67959,68005,67380
1320,626,8,3,636,68005,68013,67387
1321,627,50,1,629,68013,68063,67436
1322,627,85,3,647,68063,68148,67521
1324,628,87,3,634,68148,68235,67607
1325,628,62,3,639,68235,68297,67669
1323,628,5,2,646,68297,68302,67674
1326,629,95,1,641,68302,68397,67768
1327,630,7,3,642,68397,68404,67774
1328,630,29,2,646,68404,68433,67803
1329,631,60,1,639,68433,68493,67862
1330,632,81,3,648,68493,68574,67942
1331,633,13,1,639,68574,68587,67954
1333,634,47,2,645,68587,68634,68000
1332,634,30,1,651,68634,68664,68030
1335,635,96,1,645,68664,68760,68125
1334,635,45,1,655,68760,68805,68170
1336,636,5,1,655,68805,68810,68174
1337,637,46,1,653,68810,68856,68219
1338,638,100,1,644,68856,68956,68318
1339,639,45,3,659,68956,69001,68362
1340,640,94,1,650,69001,69095,68455
1341,641,74,2,651,69095,69169,68528
1342,642,10,2,657,69169,69179,68537
1345,643,55,3,647,69179,69234,68591
1347,643,31,2,656,69234,69265,68622
1344,643,98,3,656,69265,69363,68720
1346,643,38,2,658,69363,69401,68758
1343,643,64,3,658,69401,69465,68822
1348,644,82,2,647,69465,69547,68903
1349,644,95,3,652,69547,69642,68998
1351,645,44,2,651,69642,69686,69041
1350,645,53,2,661,69686,69739,69094
1355,646,46,2,648,69739,69785,69139
1352,646,43,3,649,69785,69828,69182
1353,646,22,3,654,69828,69850,69204
1354,646,2,3,662,69850,69852,69206
1356,647,32,2,654,69852,69884,69237
1357,648,47,1,652,69884,69931,69283
1362,649,14,2,651,69931,69945,69296
1363,649,85,2,655,69945,70030,69381
1361,649,90,3,655,70030,70120,69471
1360,649,91,2,655,70120,70211,69562
1359,649,12,2,656,70211,70223,69574
1358,649,15,2,665,70223,70238,69589
1365,650,25,2,651,70238,70263,69613
1364,650,93,1,664,70263,70356,69706
1366,651,99,2,661,70356,70455,69804
1367,651,54,3,670,70455,70509,69858
1369,652,27,2,664,70509,70536,69884
1368,652,15,2,665,70536,70551,69899
1370,653,51,2,654,70551,70602,69949
1372,653,2,3,657,70602,70604,69951
1371,653,15,1,673,70604,70619,69966
1373,654,42,1,673,70619,70661,70007
1374,654,3,1,674,70661,70664,70010
1375,655,32,3,670,70664,70696,70041
1377,656,51,3,664,70696,70747,70091
1376,656,60,1,670,70747,70807,70151
1378,657,9,3,660,70807,70816,70159
1379,658,2,2,664,70816,70818,70160
1380,659,58,2,679,70818,70876,70217
1382,660,66,1,668,70876,70942,70282
1381,660,34,1,673,70942,70976,70316
1383,661,43,1,678,70976,71019,70358
1385,662,27,3,663,71019,71046,70384
1386,662,92,3,666,71046,71138,70476
1384,662,3,1,678,71138,71141,70479
1387,662,13,1,682,71141,71154,70492
1388,663,7,1,664,71154,71161,70498
1389,664,29,3,677,71161,71190,70526
1390,665,2,1,679,71190,71192,70527
1391,666,36,1,669,71192,71228,70562
1392,667,85,1,674,71228,71313,70646
1393,667,46,1,687,71313,71359,70692
1394,668,15,3,684,71359,71374,70706
1396,669,74,2,677,71374,71448,70779
1395,669,78,2,689,71448,71526,70857
1397,670,8,2,673,71526,71534,70864
1398,670,42,2,674,71534,71576,70906
1399,671,16,3,680,71576,71592,70921
1401,672,31,3,688,71592,71623,70951
1402,672,56,3,691,71623,71679,71007
1400,672,9,3,692,71679,71688,71016
1403,673,82,1,677,71688,71770,71097
1409,674,37,3,676,71770,71807,71133
1406,674,4,3,677,71807,71811,71137
1408,674,54,2,677,71811,71865,71191
1413,674,5,2,682,71865,71870,71196
1411,674,33,3,684,71870,71903,71229
1410,674,58,1,685,71903,71961,71287
1412,674,63,2,687,71961,72024,71350
1404,674,43,1,688,72024,72067,71393
1405,674,53,1,688,72067,72120,71446
1414,674,59,2,690,72120,72179,71505
1407,674,78,1,692,72179,72257,71583
1415,675,30,2,680,72257,72287,71612
1417,675,68,2,681,72287,72355,71680
1419,675,28,2,682,72355,72383,71708
1416,675,85,1,685,72383,72468,71793
1418,675,10,3,686,72468,72478,71803
1420,676,68,3,696,72478,72546,71870
1421,677,19,3,694,72546,72565,71888
1422,678,80,2,679,72565,72645,71967
1424,679,10,1,688,72645,72655,71976
1423,679,22,3,688,72655,72677,71998
1425,679,11,1,697,72677,72688,72009
1426,680,15,3,684,72688,72703,72023
1428,681,30,3,694,72703,72733,72052
1429,681,77,1,694,72733,72810,72129
1427,681,27,1,701,72810,72837,72156
1430,682,87,1,696,72837,72924,72242
1431,683,40,2,702,72924,72964,72281
1433,684,97,2,686,72964,73061,72377
1434,684,83,1,691,73061,73144,72460
1432,684,14,1,701,73144,73158,72474
1435,685,35,3,691,73158,73193,72508
1436,686,44,1,695,73193,73237,72551
1437,687,34,1,700,73237,73271,72584
1439,688,33,1,696,73271,73304,72616
1438,688,25,2,705,73304,73329,72641
1440,689,68,2,692,73329,73397,72708
1442,690,27,1,697,73397,73424,72734
1441,690,57,1,707,73424,73481,72791
1443,691,72,1,697,73481,73553,72862
1444,692,73,1,697,73553,73626,72934
1445,693,26,1,699,73626,73652,72959
1446,693,52,3,703,73652,73704,73011
1447,694,4,2,709,73704,73708,73014
1448,695,24,1,701,73708,73732,73037
1451,696,40,2,698,73732,73772,73076
1452,696,29,3,700,73772,73801,73105
1449,696,2,1,703,73801,73803,73107
1450,696,55,3,714,73803,73858,73162
1454,697,39,3,705,73858,73897,73200
1456,697,86,3,705,73897,73983,73286
1457,697,62,3,709,73983,74045,73348
1455,697,74,2,714,74045,74119,73422
1453,697,84,2,716,74119,74203,73506
1460,698,75,2,701,74203,74278,73580
1458,698,44,2,708,74278,74322,73624
1459,698,50,2,710,74322,74372,73674
1461,699,28,2,714,74372,74400,73701
1462,700,70,3,701,74400,74470,73770
1465,701,25,2,705,74470,74495,73794
1463,701,94,2,706,74495,74589,73888
1464,701,55,1,719,74589,74644,73943
1470,702,91,3,704,74644,74735,74033
1468,702,32,2,714,74735,74767,74065
1469,702,6,2,715,74767,74773,74071
1467,702,98,1,716,74773,74871,74169
1466,702,19,3,721,74871,74890,74188
1471,703,27,1,707,74890,74917,74214
1472,703,58,3,716,74917,74975,74272
1474,704,35,1,713,74975,75010,74306
1473,704,82,2,723,75010,75092,74388
1476,705,8,1,717,75092,75100,74395
1475,705,76,1,723,75100,75176,74471
1478,706,34,3,707,75176,75210,74504
1477,706,43,3,708,75210,75253,74547
1479,706,7,2,718,75253,75260,74554
1480,707,57,1,710,75260,75317,74610
1481,707,54,2,722,75317,75371,74664
1482,708,32,3,718,75371,75403,74695
1485,709,42,2,712,75403,75445,74736
1484,709,58,2,722,75445,75503,74794
1483,709,82,1,725,75503,75585,74876
1486,710,99,2,718,75585,75684,74974
1489,710,4,1,722,75684,75688,74978
1488,710,34,2,722,75688,75722,75012
1487,710,79,2,722,75722,75801,75091
1490,711,3,2,726,75801,75804,75093
1491,712,25,1,720,75804,75829,75117
1492,713,41,2,725,75829,75870,75157
1493,714,60,1,716,75870,75930,75216
1494,715,8,1,725,75930,75938,75223
1495,716,20,2,733,75938,75958,75242
1497,717,62,2,728,75958,76020,75303
1496,717,31,2,729,76020,76051,75334
1498,718,97,1,722,76051,76148,75430
1500,719,33,1,722,76148,76181,75462
1501,719,8,3,725,76181,76189,75470
1502,719,8,1,727,76189,76197,75478
1499,719,36,1,734,76197,76233,75514
1506,720,42,3,729,76233,76275,75555
1504,720,42,3,735,76275,76317,75597
1503,720,64,2,737,76317,76381,75661
1505,720,90,3,738,76381,76471,75751
1508,721,51,2,723,76471,76522,75801
1510,721,67,2,730,76522,76589,75868
1507,721,52,2,734,76589,76641,75920
1512,721,57,3,736,76641,76698,75977
1509,721,9,2,738,76698,76707,75986
1511,721,28,3,740,76707,76735,76014
1513,722,41,3,736,76735,76776,76054
1514,723,77,2,724,76776,76853,76130
1516,724,60,3,725,76853,76913,76189
1515,724,30,2,726,76913,76943,76219
1517,725,92,2,730,76943,77035,76310
1519,726,33,3,742,77035,77068,76342
1518,726,44,2,742,77068,77112,76386
1522,727,25,3,732,77112,77137,76410
1520,727,58,1,737,77137,77195,76468
1521,727,27,2,739,77195,77222,76495
1523,728,44,3,730,77222,77266,76538
1524,728,14,1,745,77266,77280,76552
1525,729,43,2,731,77280,77323,76594
1526,730,93,1,739,77323,77416,76686
1531,731,98,2,733,77416,77514,76783
1529,731,23,2,743,77514,77537,76806
1532,731,13,2,744,77537,77550,76819
1533,731,5,1,745,77550,77555,76824
1528,731,59,3,746,77555,77614,76883
1527,731,61,2,748,77614,77675,76944
1530,731,67,3,748,77675,77742,77011
1534,732,76,2,750,77742,77818,77086
1535,733,43,2,741,77818,77861,77128
1537,734,63,2,746,77861,77924,77190
1536,734,20,1,750,77924,77944,77210
1538,735,32,2,739,77944,77976,77241
1539,736,78,1,738,77976,78054,77318
1540,737,84,2,748,78054,78138,77401
1541,738,66,1,744,78138,78204,77466
1542,739,93,2,754,78204,78297,77558
1543,739,57,1,759,78297,78354,77615
1544,740,26,1,741,78354,78380,77640
1545,741,33,1,747,78380,78413,77672
1546,742,35,1,752,78413,78448,77706
1547,743,20,1,751,78448,78468,77725
1548,744,52,3,746,78468,78520,77776
1549,744,25,3,750,78520,78545,77801
1550,745,43,3,762,78545,78588,77843
1552,746,27,1,758,78588,78615,77869
1551,746,76,3,759,78615,78691,77945
1553,746,4,2,766,78691,78695,77949
1554,747,55,3,755,78695,78750,78003
1555,748,66,1,755,78750,78816,78068
1556,749,45,3,757,78816,78861,78112
1557,750,39,2,761,78861,78900,78150
1559,751,83,3,759,78900,78983,78232
1558,751,65,2,761,78983,79048,78297
1560,752,73,1,764,79048,79121,78369
1562,753,20,2,760,79121,79141,78388
1561,753,77,3,762,79141,79218,78465
1564,753,28,3,766,79218,79246,78493
1563,753,37,2,771,79246,79283,78530
1565,754,50,1,766,79283,79333,78579
1568,755,11,2,765,79333,79344,78589
1567,755,73,1,773,79344,79417,78662
1566,755,42,2,775,79417,79459,78704
1570,756,13,2,757,79459,79472,78716
1572,756,33,1,761,79472,79505,78749
1569,756,80,2,762,79505,79585,78829
1571,756,100,2,771,79585,79685,78929
1573,757,41,2,761,79685,79726,78969
1574,758,21,3,775,79726,79747,78989
1575,759,62,2,763,79747,79809,79050
1578,759,91,3,769,79809,79900,79141
1579,759,92,2,770,79900,79992,79233
1576,759,50,2,771,79992,80042,79283
1577,759,91,2,771,80042,80133,79374
1580,759,43,3,773,80133,80176,79417
1581,760,44,3,763,80176,80220,79460
1583,761,2,1,762,80220,80222,79461
1582,761,45,3,768,80222,80267,79506
1585,761,22,2,776,80267,80289,79528
1584,761,72,2,776,80289,80361,79600
1586,762,60,1,780,80361,80421,79659
1587,763,65,3,770,80421,80486,79723
1588,764,79,2,770,80486,80565,79801
1591,765,55,3,780,80565,80620,79855
1589,765,34,2,781,80620,80654,79889
1590,765,98,1,784,80654,80752,79987
1592,766,83,3,770,80752,80835,80069
1596,767,50,1,769,80835,80885,80118
1595,767,30,2,771,80885,80915,80148
1594,767,55,3,782,80915,80970,80203
1593,767,7,2,785,80970,80977,80210
1597,768,93,3,788,80977,81070,80302
1599,769,89,2,772,81070,81159,80390
1598,769,35,1,774,81159,81194,80425
1600,770,8,2,782,81194,81202,80432
1601,770,74,2,783,81202,81276,80506
1603,771,51,1,781,81276,81327,80556
1602,771,27,2,791,81327,81354,80583
1604,772,42,2,786,81354,81396,80624
1606,773,49,1,778,81396,81445,80672
1605,773,27,2,786,81445,81472,80699
1607,773,60,2,786,81472,81532,80759
1609,774,92,2,775,81532,81624,80850
1608,774,96,1,779,81624,81720,80946
1610,775,76,2,791,81720,81796,81021
1614,776,63,3,779,81796,81859,81083
1615,776,70,2,781,81859,81929,81153
1613,776,17,3,787,81929,81946,81170
1611,776,58,2,787,81946,82004,81228
1612,776,86,1,795,82004,82090,81314
1616,777,9,3,784,82090,82099,81322
1617,777,79,1,784,82099,82178,81401
1621,778,81,3,792,82178,82259,81481
1618,778,11,1,793,82259,82270,81492
1620,778,11,2,793,82270,82281,81503
1619,778,41,1,795,82281,82322,81544
1622,779,37,2,787,82322,82359,81580
1626,780,31,1,786,82359,82390,81610
1625,780,15,1,789,82390,82405,81625
1623,780,24,2,798,82405,82429,81649
1624,780,51,1,798,82429,82480,81700
1627,781,7,1,801,82480,82487,81706
1628,782,49,3,791,82487,82536,81754
1631,783,56,3,788,82536,82592,81809
1632,783,79,2,794,82592,82671,81888
1629,783,88,1,798,82671,82759,81976
1630,783,61,1,803,82759,82820,82037
1633,784,14,1,800,82820,82834,82050
1634,785,97,1,796,82834,82931,82146
1635,785,66,3,797,82931,82997,82212
1636,786,80,3,788,82997,83077,82291
1637,787,43,2,789,83077,83120,82333
1640,787,16,2,790,83120,83136,82349
1641,787,19,2,791,83136,83155,82368
1638,787,96,1,803,83155,83251,82464
1639,787,1,2,805,83251,83252,82465
1642,788,88,2,792,83252,83340,82552
1644,788,97,2,801,83340,83437,82649
1643,788,30,3,802,83437,83467,82679
1645,789,13,1,806,83467,83480,82691
1646,790,25,2,798,83480,83505,82715
1647,790,50,3,801,83505,83555,82765
1648,791,41,2,799,83555,83596,82805
1649,791,21,3,805,83596,83617,82826
1654,792,16,1,795,83617,83633,82841
1653,792,13,2,802,83633,83646,82854
1651,792,40,1,808,83646,83686,82894
1652,792,52,1,809,83686,83738,82946
1655,792,23,2,811,83738,83761,82969
1650,792,71,2,811,83761,83832,83040
1656,793,51,3,797,83832,83883,83090
1657,793,57,3,802,83883,83940,83147
1660,794,100,3,797,83940,84040,83246
1659,794,25,2,803,84040,84065,83271
1658,794,65,3,811,84065,84130,83336
1661,795,75,1,809,84130,84205,83410
1662,796,10,3,801,84205,84215,83419
1665,796,60,3,806,84215,84275,83479
1663,796,41,1,808,84275,84316,83520
1664,796,12,2,811,84316,84328,83532
1668,797,16,1,807,84328,84344,83547
1667,797,9,1,810,84344,84353,83556
1666,797,67,3,814,84353,84420,83623
1670,798,76,2,809,84420,84496,83698
1669,798,56,3,814,84496,84552,83754
1671,798,83,1,816,84552,84635,83837
1673,799,15,1,800,84635,84650,83851
1672,799,44,2,817,84650,84694,83895
1674,800,99,2,810,84694,84793,83993
1675,800,53,3,819,84793,84846,84046
1676,801,12,1,806,84846,84858,84057
1685,802,42,2,805,84858,84900,84098
1678,802,88,2,810,84900,84988,84186
1682,802,6,2,813,84988,84994,84192
1679,802,9,1,815,84994,85003,84201
1683,802,89,1,817,85003,85092,84290
1677,802,21,1,818,85092,85113,84311
1680,802,47,3,819,85113,85160,84358
1681,802,14,3,820,85160,85174,84372
1684,802,64,1,822,85174,85238,84436
1687,803,100,2,804,85238,85338,84535
1686,803,39,3,808,85338,85377,84574
1690,804,90,1,810,85377,85467,84663
1691,804,54,1,815,85467,85521,84717
1689,804,25,1,820,85521,85546,84742
1692,804,1,2,822,85546,85547,84743
1688,804,75,2,822,85547,85622,84818
1694,805,81,1,812,85622,85703,84898
1693,805,62,1,825,85703,85765,84960
1695,806,73,3,822,85765,85838,85032
1696,807,71,2,821,85838,85909,85102
1700,808,44,3,812,85909,85953,85145
1701,808,52,1,812,85953,86005,85197
1698,808,66,2,819,86005,86071,85263
1702,808,57,1,821,86071,86128,85320
1699,808,5,1,823,86128,86133,85325
1697,808,28,1,824,86133,86161,85353
1705,809,35,2,810,86161,86196,85387
1706,809,30,2,813,86196,86226,85417
1704,809,61,3,813,86226,86287,85478
1703,809,21,1,828,86287,86308,85499
1708,810,95,3,818,86308,86403,85593
1707,810,36,2,823,86403,86439,85629
1709,811,64,1,815,86439,86503,85692
1711,811,99,2,822,86503,86602,85791
1710,811,74,2,824,86602,86676,85865
1712,811,90,1,829,86676,86766,85955
1713,811,63,3,830,86766,86829,86018
1716,812,4,1,825,86829,86833,86021
1714,812,52,3,825,86833,86885,86073
1715,812,13,1,830,86885,86898,86086
1717,812,30,2,832,86898,86928,86116
1718,813,94,2,819,86928,87022,86209
1721,813,32,2,822,87022,87054,86241
1719,813,57,1,827,87054,87111,86298
1720,813,35,3,828,87111,87146,86333
1722,814,100,3,828,87146,87246,86432
1724,815,45,3,825,87246,87291,86476
1725,815,24,3,828,87291,87315,86500
1723,815,20,3,834,87315,87335,86520
1727,816,56,2,817,87335,87391,86575
1726,816,34,1,823,87391,87425,86609
1728,817,15,2,824,87425,87440,86623
1729,817,87,3,829,87440,87527,86710
1730,818,13,1,819,87527,87540,86722
1731,818,94,1,838,87540,87634,86816
1732,819,2,1,825,87634,87636,86817
1733,820,33,1,828,87636,87669,86849
1734,821,49,3,834,87669,87718,86897
1735,821,39,1,841,87718,87757,86936
1736,822,24,2,836,87757,87781,86959
1737,823,31,3,829,87781,87812,86989
1738,824,74,2,833,87812,87886,87062
1739,825,32,3,841,87886,87918,87093
1740,826,1,3,828,87918,87919,87093
1741,827,54,3,835,87919,87973,87146
1745,827,21,2,839,87973,87994,87167
1744,827,90,1,841,87994,88084,87257
1742,827,32,2,842,88084,88116,87289
1743,827,63,3,846,88116,88179,87352
1746,828,28,2,831,88179,88207,87379
1747,828,90,3,845,88207,88297,87469
1749,829,22,1,830,88297,88319,87490
1748,829,91,3,830,88319,88410,87581
1750,829,90,2,833,88410,88500,87671
1751,830,42,3,845,88500,88542,87712
1752,831,6,2,842,88542,88548,87717
1753,832,69,2,844,88548,88617,87785
1754,833,22,1,847,88617,88639,87806
1755,834,14,3,848,88639,88653,87819
1756,835,47,2,843,88653,88700,87865
1757,835,84,3,846,88700,88784,87949
1758,836,29,2,840,88784,88813,87977
1759,837,97,3,846,88813,88910,88073
1760,838,89,2,844,88910,88999,88161
1761,838,29,1,855,88999,89028,88190
1764,839,91,2,845,89028,89119,88280
1765,839,93,2,857,89119,89212,88373
1762,839,94,3,857,89212,89306,88467
1763,839,91,2,859,89306,89397,88558
1766,840,87,1,841,89397,89484,88644
1767,840,80,2,846,89484,89564,88724
1768,840,23,1,857,89564,89587,88747
1769,841,51,1,852,89587,89638,88797
1770,841,65,3,861,89638,89703,88862
1771,842,3,2,846,89703,89706,88864
1772,842,99,2,859,89706,89805,88963
1774,843,8,2,848,89805,89813,88970
1773,843,24,3,850,89813,89837,88994
1775,843,51,1,851,89837,89888,89045
1776,844,8,3,858,89888,89896,89052
1777,845,37,2,858,89896,89933,89088
1779,846,61,1,850,89933,89994,89148
1778,846,49,1,863,89994,90043,89197
1780,847,94,2,857,90043,90137,89290
1781,848,55,3,851,90137,90192,89344
1783,848,82,1,851,90192,90274,89426
1782,848,51,3,865,90274,90325,89477
1784,849,30,2,868,90325,90355,89506
1785,850,53,2,852,90355,90408,89558
1787,851,6,3,855,90408,90414,89563
1788,851,15,1,858,90414,90429,89578
1786,851,13,3,859,90429,90442,89591
1789,851,54,3,871,90442,90496,89645
1790,852,92,2,856,90496,90588,89736
1791,852,14,3,863,90588,90602,89750
1794,853,44,2,859,90602,90646,89793
1793,853,45,1,862,90646,90691,89838
1792,853,17,2,869,90691,90708,89855
1795,854,63,1,864,90708,90771,89917
1796,854,43,3,867,90771,90814,89960
1797,854,66,1,873,90814,90880,90026
1798,855,53,1,865,90880,90933,90078
1799,855,74,1,868,90933,91007,90152
1800,856,49,2,873,91007,91056,90200
1803,857,34,3,862,91056,91090,90233
1801,857,61,2,870,91090,91151,90294
1802,857,72,2,871,91151,91223,90366
1804,858,86,2,859,91223,91309,90451
1805,858,56,2,862,91309,91365,90507
1806,858,62,2,877,91365,91427,90569
1807,859,45,1,874,91427,91472,90613
1808,860,40,2,876,91472,91512,90652
1810,861,78,2,866,91512,91590,90729
1809,861,34,2,872,91590,91624,90763
1814,862,90,1,871,91624,91714,90852
1811,862,72,1,874,91714,91786,90924
1816,862,61,3,876,91786,91847,90985
1815,862,95,3,877,91847,91942,91080
1812,862,7,3,879,91942,91949,91087
1813,862,9,1,881,91949,91958,91096
1817,863,21,1,878,91958,91979,91116
1818,863,69,2,880,91979,92048,91185
1821,864,57,3,869,92048,92105,91241
1820,864,86,2,875,92105,92191,91327
1819,864,76,2,877,92191,92267,91403
1822,864,53,3,878,92267,92320,91456
1823,865,69,3,874,92320,92389,91524
1825,865,62,2,880,92389,92451,91586
1824,865,90,2,885,92451,92541,91676
1828,866,27,2,869,92541,92568,91702
1826,866,70,1,870,92568,92638,91772
1827,866,26,2,879,92638,92664,91798
1830,866,21,2,881,92664,92685,91819
1829,866,84,1,885,92685,92769,91903
1833,867,49,2,879,92769,92818,91951
1831,867,80,1,879,92818,92898,92031
1834,867,35,2,883,92898,92933,92066
1832,867,78,2,886,92933,93011,92144
1835,868,30,3,876,93011,93041,92173
1836,869,88,2,879,93041,93129,92260
1837,870,51,1,883,93129,93180,92310
1838,871,54,2,878,93180,93234,92363
1839,872,2,3,882,93234,93236,92364
1840,873,16,1,875,93236,93252,92379
1841,874,11,1,882,93252,93263,92389
1842,875,18,2,886,93263,93281,92406
1843,876,75,1,879,93281,93356,92480
1844,877,31,1,884,93356,93387,92510
1845,878,88,1,888,93387,93475,92597
1847,879,1,1,883,93475,93476,92597
1846,879,56,1,891,93476,93532,92653
1848,879,71,2,891,93532,93603,92724
1849,880,12,3,887,93603,93615,92735
1850,881,6,2,897,93615,93621,92740
1851,882,99,1,895,93621,93720,92838
1852,883,78,2,897,93720,93798,92915
1853,883,4,2,903,93798,93802,92919
1854,884,69,2,903,93802,93871,92987
1855,885,11,2,898,93871,93882,92997
1857,886,34,2,889,93882,93916,93030
1856,886,31,1,892,93916,93947,93061
1859,887,38,3,895,93947,93985,93098
1861,887,91,1,897,93985,94076,93189
1858,887,20,2,903,94076,94096,93209
1860,887,6,2,904,94096,94102,93215
1862,888,4,2,890,94102,94106,93218
1863,888,9,2,900,94106,94115,93227
1864,889,38,1,891,94115,94153,93264
1865,890,73,1,893,94153,94226,93336
1866,890,33,1,895,94226,94259,93369
1867,891,93,3,892,94259,94352,93461
1868,891,18,3,900,94352,94370,93479
1870,892,14,3,903,94370,94384,93492
1869,892,51,3,910,94384,94435,93543
1871,893,48,3,897,94435,94483,93590
1872,893,36,3,903,94483,94519,93626
1873,894,69,3,906,94519,94588,93694
1874,894,71,3,907,94588,94659,93765
1875,895,89,3,902,94659,94748,93853
1876,896,41,2,906,94748,94789,93893
1877,896,100,3,906,94789,94889,93993
1878,897,16,2,901,94889,94905,94008
1880,898,50,1,905,94905,94955,94057
1879,898,75,2,906,94955,95030,94132
1884,899,36,2,902,95030,95066,94167
1881,899,21,3,903,95066,95087,94188
1882,899,28,1,903,95087,95115,94216
1883,899,55,1,916,95115,95170,94271
1885,900,56,2,903,95170,95226,94326
1886,901,41,3,913,95226,95267,94366
1889,902,63,3,910,95267,95330,94428
1888,902,58,2,919,95330,95388,94486
1887,902,86,2,921,95388,95474,94572
1890,903,27,3,910,95474,95501,94598
1891,904,25,3,922,95501,95526,94622
1893,905,84,1,917,95526,95610,94705
1892,905,32,1,920,95610,95642,94737
1895,906,59,1,918,95642,95701,94795
1894,906,69,1,919,95701,95770,94864
1896,907,41,1,926,95770,95811,94904
1897,908,18,2,914,95811,95829,94921
1898,909,84,3,927,95829,95913,95004
1899,910,73,3,916,95913,95986,95076
1900,911,64,3,922,95986,96050,95139
1901,912,97,1,932,96050,96147,95235
1902,913,98,2,929,96147,96245,95332
1903,913,88,2,930,96245,96333,95420
1904,913,70,3,933,96333,96403,95490
1905,914,89,1,919,96403,96492,95578
1906,915,3,2,930,96492,96495,95580
1911,916,56,2,918,96495,96551,95635
1908,916,57,1,928,96551,96608,95692
1907,916,34,2,932,96608,96642,95726
1909,916,95,2,936,96642,96737,95821
1910,916,95,1,936,96737,96832,95916
1912,917,32,1,922,96832,96864,95947
1913,917,22,1,927,96864,96886,95969
1914,918,8,2,929,96886,96894,95976
1915,919,30,2,920,96894,96924,96005
1916,919,25,1,925,96924,96949,96030
1917,920,51,1,934,96949,97000,96080
1918,921,52,1,940,97000,97052,96131
1919,922,60,2,923,97052,97112,96190
1920,922,61,1,923,97112,97173,96251
1921,922,93,2,924,97173,97266,96344
1923,923,43,3,924,97266,97309,96386
1922,923,12,1,943,97309,97321,96398
1927,924,5,1,933,97321,97326,96402
1928,924,63,1,933,97326,97389,96465
1926,924,26,3,938,97389,97415,96491
1925,924,67,3,942,97415,97482,96558
1924,924,76,2,943,97482,97558,96634
1929,925,56,1,935,97558,97614,96689
1930,925,88,3,939,97614,97702,96777
1932,926,39,2,933,97702,97741,96815
1931,926,30,3,939,97741,97771,96845
1933,927,41,3,938,97771,97812,96885
1935,927,63,3,940,97812,97875,96948
1934,927,71,2,947,97875,97946,97019
1936,928,77,3,934,97946,98023,97095
1937,929,43,2,931,98023,98066,97137
1938,929,60,3,948,98066,98126,97197
1939,930,76,1,940,98126,98202,97272
1940,930,8,2,950,98202,98210,97280
1941,931,44,2,951,98210,98254,97323
1942,932,51,1,938,98254,98305,97373
1943,932,44,2,949,98305,98349,97417
1944,933,61,3,937,98349,98410,97477
1948,934,8,1,935,98410,98418,97484
1946,934,33,1,939,98418,98451,97517
1947,934,82,3,940,98451,98533,97599
1945,934,34,2,942,98533,98567,97633
1949,935,94,1,945,98567,98661,97726
1950,935,2,1,947,98661,98663,97728
1952,936,51,1,942,98663,98714,97778
1951,936,17,2,946,98714,98731,97795
1954,937,24,3,943,98731,98755,97818
1953,937,29,1,949,98755,98784,97847
1955,938,75,1,943,98784,98859,97921
1956,939,31,2,948,98859,98890,97951
1957,940,98,2,960,98890,98988,98048
1958,941,90,1,952,98988,99078,98137
1960,942,23,3,953,99078,99101,98159
1959,942,94,3,955,99101,99195,98253
1961,943,60,2,950,99195,99255,98312
1962,943,97,3,959,99255,99352,98409
1963,943,42,2,961,99352,99394,98451
1964,944,33,1,951,99394,99427,98483
1965,945,61,2,960,99427,99488,98543
1969,946,12,2,951,99488,99500,98554
1968,946,99,1,959,99500,99599,98653
1966,946,35,3,962,99599,99634,98688
1967,946,86,2,963,99634,99720,98774
1970,947,87,3,950,99720,99807,98860
1972,948,57,2,950,99807,99864,98916
1971,948,94,3,960,99864,99958,99010
1974,948,33,1,964,99958,99991,99043
1973,948,33,1,968,99991,100024,99076
1976,949,93,1,950,100024,100117,99168
1975,949,46,2,962,100117,100163,99214
1977,950,75,1,969,100163,100238,99288
1978,951,12,1,952,100238,100250,99299
1979,952,22,3,969,100250,100272,99320
1980,953,47,1,968,100272,100319,99366
1981,954,70,3,966,100319,100389,99435
1983,955,98,2,959,100389,100487,99532
1987,955,11,2,960,100487,100498,99543
1982,955,91,3,961,100498,100589,99634
1986,955,8,2,970,100589,100597,99642
1984,955,29,1,975,100597,100626,99671
1985,955,77,2,975,100626,100703,99748
1988,956,16,3,966,100703,100719,99763
1989,957,1,3,974,100719,100720,99763
1990,958,92,2,973,100720,100812,99854
1991,958,62,3,977,100812,100874,99916
1992,959,21,1,961,100874,100895,99936
1994,960,25,1,961,100895,100920,99960
1993,960,16,2,962,100920,100936,99976
1995,961,81,2,970,100936,101017,100056
1997,962,53,1,966,101017,101070,100108
1996,962,4,3,973,101070,101074,100112
1998,963,75,1,969,101074,101149,100186
1999,964,1,1,970,101149,101150,100186
2000,965,21,1,980,101150,101171,100206
2001,966,85,1,975,101171,101256,100290
2002,967,42,3,968,101256,101298,100331
2003,968,59,1,980,101298,101357,100389
2004,969,78,2,988,101357,101435,100466
2006,970,92,1,974,101435,101527,100557
2005,970,82,1,983,101527,101609,100639
2007,970,85,2,986,101609,101694,100724
2008,971,10,1,978,101694,101704,100733
2009,971,85,1,980,101704,101789,100818
2011,972,29,3,974,101789,101818,100846
2010,972,2,3,984,101818,101820,100848
2012,973,3,3,974,101820,101823,100850
2013,973,57,3,979,101823,101880,100907
2014,973,45,1,980,101880,101925,100952
2015,974,4,1,993,101925,101929,100955
2016,975,72,1,988,101929,102001,101026
2017,976,30,2,988,102001,102031,101055
2018,977,74,2,985,102031,102105,101128
2019,977,18,1,994,102105,102123,101146
2022,978,35,3,981,102123,102158,101180
2020,978,74,2,986,102158,102232,101254
2021,978,60,1,987,102232,102292,101314
2023,978,37,3,998,102292,102329,101351
2024,979,51,1,990,102329,102380,101401
2025,980,61,3,998,102380,102441,101461
2026,981,16,1,989,102441,102457,101476
2028,981,82,2,989,102457,102539,101558
2027,981,16,2,994,102539,102555,101574
2030,982,32,3,993,102555,102587,101605
2031,982,30,3,996,102587,102617,101635
2029,982,56,2,997,102617,102673,101691
2035,983,51,1,987,102673,102724,101741
2032,983,56,3,994,102724,102780,101797
2033,983,23,3,1002,102780,102803,101820
2034,983,43,1,1002,102803,102846,101863
2036,984,88,3,1004,102846,102934,101950
2037,985,46,2,1001,102934,102980,101995
2038,986,95,2,988,102980,103075,102089
2040,986,87,3,997,103075,103162,102176
2039,986,6,1,1005,103162,103168,102182
2041,987,85,2,999,103168,103253,102266
2043,988,54,3,994,103253,103307,102319
2042,988,82,3,1008,103307,103389,102401
2044,989,15,2,995,103389,103404,102415
2046,989,100,3,997,103404,103504,102515
2045,989,84,1,1002,103504,103588,102599
2047,989,73,1,1004,103588,103661,102672
2048,990,8,2,997,103661,103669,102679
2049,990,16,2,1002,103669,103685,102695
2050,991,41,2,1000,103685,103726,102735
2051,992,97,2,994,103726,103823,102831
2052,992,71,2,995,103823,103894,102902
2054,993,97,3,997,103894,103991,102998
2053,993,63,2,1005,103991,104054,103061
2056,994,16,3,999,104054,104070,103076
2055,994,79,1,1002,104070,104149,103155
2058,995,87,3,998,104149,104236,103241
2059,995,39,2,1002,104236,104275,103280
2057,995,6,1,1008,104275,104281,103286
2060,996,70,3,1007,104281,104351,103355
2061,997,9,2,1004,104351,104360,103363
2063,998,48,2,1002,104360,104408,103410
2062,998,42,1,1016,104408,104450,103452
2064,999,69,2,1006,104450,104519,103520
2065,1000,28,2,1018,104519,104547,103547
2070,1001,50,1,1004,104547,104597,103596
2068,1001,16,2,1011,104597,104613,103612
2066,1001,22,2,1015,104613,104635,103634
2069,1001,96,2,1015,104635,104731,103730
2067,1001,86,3,1018,104731,104817,103816
2071,1002,48,3,1009,104817,104865,103863
2072,1002,26,2,1015,104865,104891,103889
2073,1003,52,1,1022,104891,104943,103940
2074,1004,78,1,1010,104943,105021,104017
2076,1005,51,3,1007,105021,105072,104067
2075,1005,89,1,1008,105072,105161,104156
2077,1006,16,1,1010,105161,105177,104171
2080,1006,29,1,1013,105177,105206,104200
2079,1006,34,1,1018,105206,105240,104234
2078,1006,89,1,1025,105240,105329,104323
2081,1007,1,1,1008,105329,105330,104323
2082,1008,27,1,1013,105330,105357,104349
2083,1009,83,3,1021,105357,105440,104431
2084,1010,40,1,1019,105440,105480,104470
2085,1011,51,2,1030,105480,105531,104520
2086,1012,86,1,1020,105531,105617,104605
2089,1013,80,1,1018,105617,105697,104684
2087,1013,23,1,1027,105697,105720,104707
2088,1013,13,2,1030,105720,105733,104720
2091,1013,32,1,1031,105733,105765,104752
2090,1013,40,3,1031,105765,105805,104792
2093,1014,22,2,1019,105805,105827,104813
2092,1014,81,1,1034,105827,105908,104894
2094,1015,78,1,1018,105908,105986,104971
2095,1015,4,1,1024,105986,105990,104975
2096,1016,83,1,1018,105990,106073,105057
2098,1017,1,2,1018,106073,106074,105057
2099,1017,70,2,1029,106074,106144,105127
2097,1017,55,3,1036,106144,106199,105182
2100,1018,6,1,1023,106199,106205,105187
2101,1019,1,2,1030,106205,106206,105187
2102,1019,67,2,1032,106206,106273,105254
2103,1020,43,2,1040,106273,106316,105296
2104,1021,2,3,1024,106316,106318,105297
2105,1022,94,2,1039,106318,106412,105390
2106,1023,65,3,1026,106412,106477,105454
2107,1023,56,3,1042,106477,106533,105510
2108,1024,68,2,1043,106533,106601,105577
2111,1025,41,1,1036,106601,106642,105617
2110,1025,15,2,1037,106642,106657,105632
2109,1025,15,2,1043,106657,106672,105647
2112,1026,57,3,1046,106672,106729,105703
2113,1027,77,1,1044,106729,106806,105779
2114,1028,76,1,1039,106806,106882,105854
2115,1028,19,2,1046,106882,106901,105873
2117,1029,14,2,1034,106901,106915,105886
2116,1029,99,2,1040,106915,107014,105985
2118,1030,71,3,1033,107014,107085,106055
2119,1031,58,1,1037,107085,107143,106112
2120,1032,94,2,1034,107143,107237,106205
2122,1032,33,1,1045,107237,107270,106238
2121,1032,47,3,1051,107270,107317,106285
2123,1033,76,2,1034,107317,107393,106360
2124,1034,12,3,1043,107393,107405,106371
2125,1034,11,2,1045,107405,107416,106382
2126,1034,16,3,1048,107416,107432,106398
2127,1035,64,3,1047,107432,107496,106461
2129,1036,13,3,1041,107496,107509,106473
2128,1036,95,1,1041,107509,107604,106568
2131,1037,84,1,1054,107604,107688,106651
2130,1037,75,3,1057,107688,107763,106726
2132,1038,22,2,1039,107763,107785,106747
2133,1039,65,2,1040,107785,107850,106811
2134,1040,38,1,1050,107850,107888,106848
2135,1041,26,2,1051,107888,107914,106873
2136,1042,77,3,1049,107914,107991,106949
2137,1043,24,1,1044,107991,108015,106972
2138,1044,64,1,1058,108015,108079,107035
2140,1045,43,3,1046,108079,108122,107077
2139,1045,7,1,1056,108122,108129,107084
2141,1045,39,1,1059,108129,108168,107123
2142,1045,97,1,1061,108168,108265,107220
2143,1045,3,1,1064,108265,108268,107223
2144,1046,43,1,1064,108268,108311,107265
2146,1047,58,1,1049,108311,108369,107322
2145,1047,48,3,1062,108369,108417,107370
2147,1048,7,1,1051,108417,108424,107376
2149,1049,52,1,1052,108424,108476,107427
2151,1049,57,2,1052,108476,108533,107484
2148,1049,100,3,1055,108533,108633,107584
2150,1049,11,3,1064,108633,108644,107595
2153,1050,89,3,1060,108644,108733,107683
2152,1050,85,1,1067,108733,108818,107768
2154,1051,33,1,1052,108818,108851,107800
2155,1052,65,3,1060,108851,108916,107864
2156,1053,55,2,1062,108916,108971,107918
2158,1054,29,2,1058,108971,109000,107946
2157,1054,33,3,1064,109000,109033,107979
2162,1055,25,3,1059,109033,109058,108003
2160,1055,77,3,1060,109058,109135,108080
2159,1055,73,1,1072,109135,109208,108153
2161,1055,62,1,1073,109208,109270,108215
2164,1056,17,3,1059,109270,109287,108231
2163,1056,52,3,1068,109287,109339,108283
2166,1057,79,1,1067,109339,109418,108361
2167,1057,85,2,1072,109418,109503,108446
2165,1057,44,1,1076,109503,109547,108490
2170,1058,21,3,1060,109547,109568,108510
2169,1058,89,3,1061,109568,109657,108599
2168,1058,73,2,1065,109657,109730,108672
2173,1059,74,3,1060,109730,109804,108745
2172,1059,26,2,1068,109804,109830,108771
2174,1059,87,3,1068,109830,109917,108858
2171,1059,99,3,1078,109917,110016,108957
2177,1060,18,1,1063,110016,110034,108974
2175,1060,97,1,1072,110034,110131,109071
2176,1060,5,2,1080,110131,110136,109076
2178,1061,15,1,1066,110136,110151,109090
2180,1061,59,2,1071,110151,110210,109149
2179,1061,88,3,1078,110210,110298,109237
2181,1062,15,2,1078,110298,110313,109251
2182,1063,2,1,1066,110313,110315,109252
2183,1063,57,1,1066,110315,110372,109309
2184,1063,3,1,1068,110372,110375,109312
2185,1064,8,2,1073,110375,110383,109319
2186,1065,76,3,1078,110383,110459,109394
2188,1066,38,2,1076,110459,110497,109431
2187,1066,65,2,1078,110497,110562,109496
2191,1067,20,2,1074,110562,110582,109515
2190,1067,21,2,1074,110582,110603,109536
2189,1067,30,2,1075,110603,110633,109566
2192,1067,43,2,1078,110633,110676,109609
2193,1068,68,1,1079,110676,110744,109676
2194,1068,37,2,1083,110744,110781,109713
2195,1069,34,1,1088,110781,110815,109746
2196,1070,45,1,1081,110815,110860,109790
2197,1070,79,1,1087,110860,110939,109869
2198,1071,72,3,1089,110939,111011,109940
2199,1072,34,3,1089,111011,111045,109973
2200,1073,81,2,1079,111045,111126,110053
2201,1074,37,1,1084,111126,111163,110089
2202,1075,93,1,1087,111163,111256,110181
2204,1076,29,2,1093,111256,111285,110209
2203,1076,66,2,1094,111285,111351,110275
2206,1077,84,2,1082,111351,111435,110358
2205,1077,94,3,1084,111435,111529,110452
2207,1077,98,3,1088,111529,111627,110550
2209,1078,83,3,1082,111627,111710,110632
2208,1078,47,1,1091,111710,111757,110679
2211,1079,81,2,1088,111757,111838,110759
2210,1079,81,1,1098,111838,111919,110840
2212,1080,99,1,1082,111919,112018,110938
2213,1081,53,3,1086,112018,112071,110990
2214,1081,6,2,1091,112071,112077,110996
2215,1081,57,2,1091,112077,112134,111053
2216,1082,3,2,1083,112134,112137,111055
2218,1083,50,1,1093,112137,112187,111104
2219,1083,82,2,1097,112187,112269,111186
2217,1083,68,3,1103,112269,112337,111254
2220,1084,32,3,1088,112337,112369,111285
2221,1084,67,3,1090,112369,112436,111352
2222,1085,40,3,1097,112436,112476,111391
2224,1086,85,2,1087,112476,112561,111475
2223,1086,31,1,1099,112561,112592,111506
2225,1087,37,1,1088,112592,112629,111542
2226,1088,11,3,1101,112629,112640,111552
2227,1089,15,1,1095,112640,112655,111566
2228,1089,75,3,1106,112655,112730,111641
2229,1090,30,2,1101,112730,112760,111670
2233,1091,83,3,1093,112760,112843,111752
2230,1091,70,1,1102,112843,112913,111822
2231,1091,17,2,1106,112913,112930,111839
2232,1091,93,2,1106,112930,113023,111932
2234,1092,5,2,1103,113023,113028,111936
2235,1093,39,2,1097,113028,113067,111974
2236,1094,48,2,1107,113067,113115,112021
2237,1095,77,3,1115,113115,113192,112097
2238,1096,9,2,1113,113192,113201,112105
2239,1096,94,2,1113,113201,113295,112199
2240,1097,34,3,1100,113295,113329,112232
2241,1098,46,1,1099,113329,113375,112277
2242,1099,39,1,1105,113375,113414,112315
2243,1099,77,3,1111,113414,113491,112392
2244,1100,28,2,1119,113491,113519,112419
2245,1101,66,3,1111,113519,113585,112484
2246,1102,2,2,1122,113585,113587,112485
2249,1103,79,2,1105,113587,113666,112563
2247,1103,12,1,1113,113666,113678,112575
2248,1103,5,3,1120,113678,113683,112580
2250,1104,6,1,1117,113683,113689,112585
2253,1105,5,3,1110,113689,113694,112589
2252,1105,41,3,1121,113694,113735,112630
2251,1105,10,1,1123,113735,113745,112640
2256,1106,40,1,1107,113745,113785,112679
2257,1106,50,2,1109,113785,113835,112729
2254,1106,26,1,1126,113835,113861,112755
2255,1106,68,3,1126,113861,113929,112823
2259,1107,85,1,1116,113929,114014,112907
2258,1107,34,2,1122,114014,114048,112941
2260,1107,15,2,1124,114048,114063,112956
2261,1108,29,1,1125,114063,114092,112984
2262,1109,99,2,1113,114092,114191,113082
2263,1110,13,1,1115,114191,114204,113094
2264,1111,42,1,1126,114204,114246,113135
2265,1112,78,2,1119,114246,114324,113212
2266,1113,63,2,1124,114324,114387,113274
2267,1114,86,2,1118,114387,114473,113359
2268,1115,37,2,1134,114473,114510,113395
2269,1116,51,1,1124,114510,114561,113445
2275,1117,76,2,1118,114561,114637,113520
2273,1117,29,2,1131,114637,114666,113549
2274,1117,51,2,1132,114666,114717,113600
2271,1117,26,1,1134,114717,114743,113626
2270,1117,42,3,1134,114743,114785,113668
2272,1117,35,3,1136,114785,114820,113703
2277,1118,45,3,1123,114820,114865,113747
2276,1118,48,3,1123,114865,114913,113795
2278,1119,34,3,1122,114913,114947,113828
2280,1119,74,2,1127,114947,115021,113902
2279,1119,28,3,1132,115021,115049,113930
2282,1120,80,3,1125,115049,115129,114009
2281,1120,12,2,1127,115129,115141,114021
2283,1121,28,3,1123,115141,115169,114048
2284,1121,56,1,1123,115169,115225,114104
2285,1122,82,2,1129,115225,115307,114185
2286,1122,80,3,1135,115307,115387,114265
2289,1123,93,3,1124,115387,115480,114357
2287,1123,34,2,1130,115480,115514,114391
2288,1123,34,1,1135,115514,115548,114425
2290,1124,53,1,1133,115548,115601,114477
2291,1125,55,2,1130,115601,115656,114531
2292,1126,20,1,1133,115656,115676,114550
2293,1127,33,3,1133,115676,115709,114582
2297,1127,74,3,1133,115709,115783,114656
2294,1127,76,1,1135,115783,115859,114732
2295,1127,98,2,1140,115859,115957,114830
2296,1127,58,3,1147,115957,116015,114888
2298,1128,27,2,1145,116015,116042,114914
2299,1129,4,2,1141,116042,116046,114917
2300,1130,56,3,1142,116046,116102,114972
2302,1131,54,3,1133,116102,116156,115025
2301,1131,70,2,1140,116156,116226,115095
2304,1131,52,2,1143,116226,116278,115147
2305,1131,77,2,1150,116278,116355,115224
2303,1131,72,1,1151,116355,116427,115296
2306,1132,43,1,1150,116427,116470,115338
2307,1133,94,1,1142,116470,116564,115431
2309,1134,62,3,1135,116564,116626,115492
2308,1134,37,3,1143,116626,116663,115529
2310,1134,36,2,1154,116663,116699,115565
2311,1135,32,3,1144,116699,116731,115596
2312,1136,34,1,1146,116731,116765,115629
2313,1137,86,2,1141,116765,116851,115714
2314,1138,40,2,1148,116851,116891,115753
2315,1138,62,2,1148,116891,116953,115815
2316,1139,31,2,1151,116953,116984,115845
2318,1140,88,2,1148,116984,117072,115932
2317,1140,36,2,1154,117072,117108,115968
2319,1140,92,2,1158,117108,117200,116060
2320,1141,16,1,1143,117200,117216,116075
2321,1141,49,1,1143,117216,117265,116124
2322,1141,63,2,1155,117265,117328,116187
2323,1142,56,1,1162,117328,117384,116242
2324,1143,99,3,1153,117384,117483,116340
2325,1143,54,3,1158,117483,117537,116394
2331,1144,33,2,1147,117537,117570,116426
2327,1144,36,3,1150,117570,117606,116462
2333,1144,19,1,1151,117606,117625,116481
2329,1144,35,1,1151,117625,117660,116516
2328,1144,40,1,1151,117660,117700,116556
2334,1144,13,3,1153,117700,117713,116569
2330,1144,73,3,1153,117713,117786,116642
2332,1144,97,1,1153,117786,117883,116739
2326,1144,14,1,1163,117883,117897,116753
2335,1145,95,1,1150,117897,117992,116847
2339,1146,66,2,1155,117992,118058,116912
2336,1146,5,3,1156,118058,118063,116917
2337,1146,30,2,1159,118063,118093,116947
2338,1146,66,1,1163,118093,118159,117013
2340,1147,32,1,1154,118159,118191,117044
2342,1148,12,2,1165,118191,118203,117055
2341,1148,10,2,1167,118203,118213,117065
2343,1149,75,1,1151,118213,118288,117139
2344,1149,90,3,1160,118288,118378,117229
2345,1150,74,3,1151,118378,118452,117302
2346,1150,43,2,1161,118452,118495,117345
2347,1151,33,3,1154,118495,118528,117377
2348,1152,69,1,1167,118528,118597,117445
2350,1153,12,2,1154,118597,118609,117456
2351,1153,73,3,1159,118609,118682,117529
2352,1153,69,3,1164,118682,118751,117598
2353,1153,44,2,1170,118751,118795,117642
2349,1153,79,3,1172,118795,118874,117721
2354,1154,32,3,1161,118874,118906,117752
2355,1154,66,2,1162,118906,118972,117818
2356,1154,43,2,1167,118972,119015,117861
2357,1155,58,3,1156,119015,119073,117918
2359,1156,75,3,1162,119073,119148,117992
2358,1156,99,2,1163,119148,119247,118091
2363,1157,82,2,1158,119247,119329,118172
2364,1157,60,2,1160,119329,119389,118232
2362,1157,89,3,1160,119389,119478,118321
2360,1157,53,2,1164,119478,119531,118374
2365,1157,20,2,1166,119531,119551,118394
2361,1157,57,2,1166,119551,119608,118451
2366,1158,90,1,1159,119608,119698,118540
2367,1158,11,1,1166,119698,119709,118551
2368,1159,82,2,1164,119709,119791,118632
2369,1159,13,3,1171,119791,119804,118645
2370,1160,35,1,1162,119804,119839,118679
2371,1161,86,1,1163,119839,119925,118764
2372,1161,38,2,1174,119925,119963,118802
2373,1162,91,1,1172,119963,120054,118892
2375,1163,37,3,1176,120054,120091,118928
2374,1163,97,2,1182,120091,120188,119025
2377,1164,82,1,1169,120188,120270,119106
2376,1164,1,3,1174,120270,120271,119107
2378,1165,87,2,1171,120271,120358,119193
2379,1165,64,1,1176,120358,120422,119257
2381,1166,57,1,1169,120422,120479,119313
2380,1166,48,1,1170,120479,120527,119361
2382,1166,19,3,1175,120527,120546,119380
2383,1166,27,1,1182,120546,120573,119407
2384,1167,22,3,1179,120573,120595,119428
2385,1168,16,3,1172,120595,120611,119443
2386,1168,18,3,1175,120611,120629,119461
2387,1168,71,1,1177,120629,120700,119532
2392,1169,13,3,1172,120700,120713,119544
2391,1169,98,2,1174,120713,120811,119642
2388,1169,29,2,1177,120811,120840,119671
2393,1169,82,1,1177,120840,120922,119753
2394,1169,17,3,1183,120922,120939,119770
2390,1169,28,2,1183,120939,120967,119798
2389,1169,86,3,1186,120967,121053,119884
2395,1170,26,2,1172,121053,121079,119909
2396,1171,39,3,1176,121079,121118,119947
2397,1171,75,2,1191,121118,121193,120022
2398,1172,20,2,1192,121193,121213,120041
2399,1173,76,1,1186,121213,121289,120116
2402,1174,95,1,1181,121289,121384,120210
2401,1174,93,1,1184,121384,121477,120303
2403,1174,36,1,1186,121477,121513,120339
2400,1174,15,3,1187,121513,121528,120354
2404,1174,58,1,1190,121528,121586,120412
2405,1175,11,1,1193,121586,121597,120422
2408,1176,65,2,1177,121597,121662,120486
2407,1176,84,1,1178,121662,121746,120570
2406,1176,15,3,1181,121746,121761,120585
2409,1177,92,2,1192,121761,121853,120676
2411,1178,52,1,1179,121853,121905,120727
2410,1178,26,2,1184,121905,121931,120753
2412,1179,36,1,1183,121931,121967,120788
2414,1179,3,2,1186,121967,121970,120791
2415,1179,64,1,1189,121970,122034,120855
2413,1179,65,3,1192,122034,122099,120920
2417,1180,41,1,1188,122099,122140,120960
2418,1180,16,2,1196,122140,122156,120976
2416,1180,15,3,1200,122156,122171,120991
2423,1181,22,3,1183,122171,122193,121012
2419,1181,11,1,1185,122193,122204,121023
2422,1181,96,2,1187,122204,122300,121119
2420,1181,99,1,1191,122300,122399,121218
2421,1181,36,2,1193,122399,122435,121254
2424,1182,27,2,1196,122435,122462,121280
2425,1183,12,1,1199,122462,122474,121291
2426,1184,2,2,1198,122474,122476,121292
2427,1185,73,2,1205,122476,122549,121364
2428,1186,64,3,1188,122549,122613,121427
2429,1186,53,2,1198,122613,122666,121480
2430,1187,16,2,1200,122666,122682,121495
2431,1188,13,3,1189,122682,122695,121507
2433,1189,63,1,1193,122695,122758,121569
2432,1189,40,2,1196,122758,122798,121609
2434,1190,85,2,1192,122798,122883,121693
2435,1191,5,3,1194,122883,122888,121697
2436,1191,5,2,1208,122888,122893,121702
2437,1192,66,1,1196,122893,122959,121767
2439,1192,84,2,1197,122959,123043,121851
2438,1192,33,2,1208,123043,123076,121884
2440,1193,14,3,1194,123076,123090,121897
2441,1193,1,1,1204,123090,123091,121898
2442,1194,15,3,1198,123091,123106,121912
2443,1195,8,3,1201,123106,123114,121919
2445,1196,42,1,1203,123114,123156,121960
2444,1196,7,2,1205,123156,123163,121967
2446,1196,67,2,1205,123163,123230,122034
2449,1197,76,1,1198,123230,123306,122109
2452,1197,46,3,1200,123306,123352,122155
2451,1197,92,1,1204,123352,123444,122247
2448,1197,68,1,1205,123444,123512,122315
2450,1197,32,1,1207,123512,123544,122347
2447,1197,42,3,1208,123544,123586,122389
2453,1197,53,1,1217,123586,123639,122442
2454,1198,26,3,1201,123639,123665,122467
2456,1198,73,3,1206,123665,123738,122540
2455,1198,25,1,1210,123738,123763,122565
2457,1199,67,3,1209,123763,123830,122631
2458,1200,1,1,1201,123830,123831,122631
2459,1201,28,3,1211,123831,123859,122658
2460,1201,91,3,1212,123859,123950,122749
2461,1202,42,2,1211,123950,123992,122790
2462,1203,76,1,1217,123992,124068,122865
2463,1204,9,3,1213,124068,124077,122873
2464,1204,57,3,1215,124077,124134,122930
2465,1205,70,3,1225,124134,124204,122999
2469,1206,70,3,1207,124204,124274,123068
2467,1206,5,2,1214,124274,124279,123073
2468,1206,97,1,1215,124279,124376,123170
2466,1206,35,1,1220,124376,124411,123205
2470,1207,47,1,1217,124411,124458,123251
2471,1208,21,3,1217,124458,124479,123271
2472,1209,32,3,1214,124479,124511,123302
2473,1209,27,2,1229,124511,124538,123329
2474,1209,34,1,1229,124538,124572,123363
2476,1210,48,3,1221,124572,124620,123410
2475,1210,7,2,1228,124620,124627,123417
2478,1211,10,1,1216,124627,124637,123426
2479,1211,44,2,1221,124637,124681,123470
2477,1211,24,3,1228,124681,124705,123494
2480,1212,75,1,1219,124705,124780,123568
2481,1213,67,2,1232,124780,124847,123634
2482,1214,60,1,1223,124847,124907,123693
2483,1215,94,1,1219,124907,125001,123786
2484,1215,64,3,1229,125001,125065,123850
2485,1215,44,1,1232,125065,125109,123894
2486,1216,40,1,1224,125109,125149,123933
2488,1217,65,3,1221,125149,125214,123997
2487,1217,80,2,1224,125214,125294,124077
2489,1218,12,2,1223,125294,125306,124088
2491,1219,77,1,1238,125306,125383,124164
2490,1219,91,1,1239,125383,125474,124255
2492,1220,75,1,1223,125474,125549,124329
2495,1220,27,1,1226,125549,125576,124356
2497,1220,87,3,1226,125576,125663,124443
2494,1220,3,2,1229,125663,125666,124446
2493,1220,71,1,1230,125666,125737,124517
2496,1220,1,1,1240,125737,125738,124518
2498,1221,39,3,1238,125738,125777,124556
2500,1222,23,1,1224,125777,125800,124578
2499,1222,4,1,1239,125800,125804,124582
2501,1223,4,3,1231,125804,125808,124585
2502,1223,68,3,1235,125808,125876,124653
2503,1224,31,3,1227,125876,125907,124683
2506,1225,97,1,1228,125907,126004,124779
2504,1225,57,2,1240,126004,126061,124836
2505,1225,48,2,1245,126061,126109,124884
2507,1226,52,1,1232,126109,126161,124935
2510,1227,76,3,1228,126161,126237,125010
2508,1227,66,1,1243,126237,126303,125076
2509,1227,35,1,1245,126303,126338,125111
2512,1228,20,2,1231,126338,126358,125130
2511,1228,85,2,1235,126358,126443,125215
2513,1229,30,1,1233,126443,126473,125244
2514,1230,26,1,1231,126473,126499,125269
2516,1231,22,2,1235,126499,126521,125290
2518,1231,73,3,1235,126521,126594,125363
2519,1231,82,1,1241,126594,126676,125445
2517,1231,71,2,1245,126676,126747,125516
2515,1231,69,3,1250,126747,126816,125585
2523,1232,58,1,1235,126816,126874,125642
2522,1232,69,2,1240,126874,126943,125711
2524,1232,8,1,1241,126943,126951,125719
2520,1232,15,2,1243,126951,126966,125734
2521,1232,71,3,1251,126966,127037,125805
2525,1233,67,3,1251,127037,127104,125871
2527,1234,21,3,1247,127104,127125,125891
2526,1234,65,3,1253,127125,127190,125956
2529,1235,25,1,1244,127190,127215,125980
2528,1235,82,3,1247,127215,127297,126062
2530,1236,88,3,1246,127297,127385,126149
2531,1237,32,2,1251,127385,127417,126180
2532,1238,15,3,1253,127417,127432,126194
2533,1239,7,1,1258,127432,127439,126200
2534,1240,79,3,1242,127439,127518,126278
2535,1241,82,1,1243,127518,127600,126359
2536,1242,20,1,1262,127600,127620,126378
2537,1243,67,1,1247,127620,127687,126444
2538,1244,22,3,1246,127687,127709,126465
2539,1245,82,2,1263,127709,127791,126546
2541,1246,43,2,1257,127791,127834,126588
2542,1246,67,2,1262,127834,127901,126655
2540,1246,78,3,1266,127901,127979,126733
2543,1247,41,2,1265,127979,128020,126773
2548,1248,51,3,1250,128020,128071,126823
2549,1248,58,2,1250,128071,128129,126881
2550,1248,62,2,1254,128129,128191,126943
2546,1248,79,3,1256,128191,128270,127022
2547,1248,43,1,1260,128270,128313,127065
2544,1248,89,3,1261,128313,128402,127154
2551,1248,13,1,1262,128402,128415,127167
2545,1248,23,2,1268,128415,128438,127190
2552,1249,72,1,1254,128438,128510,127261
2557,1250,90,2,1251,128510,128600,127350
2554,1250,90,2,1254,128600,128690,127440
2558,1250,31,3,1256,128690,128721,127471
2555,1250,61,2,1258,128721,128782,127532
2560,1250,97,3,1258,128782,128879,127629
2559,1250,82,2,1263,128879,128961,127711
2553,1250,75,3,1264,128961,129036,127786
2561,1250,49,3,1265,129036,129085,127835
2556,1250,91,3,1266,129085,129176,127926
2562,1251,81,1,1263,129176,129257,128006
2563,1251,31,1,1267,129257,129288,128037
2564,1252,96,1,1254,129288,129384,128132
2567,1253,74,1,1267,129384,129458,128205
2566,1253,77,1,1271,129458,129535,128282
2565,1253,65,2,1272,129535,129600,128347
2570,1254,83,2,1256,129600,129683,128429
2568,1254,7,3,1257,129683,129690,128436
2569,1254,62,2,1269,129690,129752,128498
2571,1255,47,1,1259,129752,129799,128544
2572,1256,36,1,1257,129799,129835,128579
2573,1256,35,3,1262,129835,129870,128614
2574,1257,14,3,1266,129870,129884,128627
2575,1257,15,2,1266,129884,129899,128642
2576,1257,54,2,1267,129899,129953,128696
2577,1258,72,3,1276,129953,130025,128767
2578,1259,63,2,1262,130025,130088,128829
2579,1260,25,2,1271,130088,130113,128853
2581,1260,66,3,1273,130113,130179,128919
2580,1260,55,1,1280,130179,130234,128974
2583,1261,15,1,1262,130234,130249,128988
2582,1261,87,1,1265,130249,130336,129075
2584,1262,96,1,1264,130336,130432,129170
2585,1263,51,1,1281,130432,130483,129220
2586,1264,22,1,1279,130483,130505,129241
2587,1265,1,1,1274,130505,130506,129241
2588,1266,26,3,1279,130506,130532,129266
2589,1267,46,2,1268,130532,130578,129311
2592,1267,68,3,1280,130578,130646,129379
2591,1267,82,2,1283,130646,130728,129461
2590,1267,52,1,1287,130728,130780,129513
2594,1268,26,3,1272,130780,130806,129538
2593,1268,53,3,1286,130806,130859,129591
2596,1269,76,3,1281,130859,130935,129666
2597,1269,51,1,1288,130935,130986,129717
2595,1269,74,2,1289,130986,131060,129791
2598,1270,60,3,1274,131060,131120,129850
2599,1271,4,2,1277,131120,131124,129853
2600,1272,16,1,1275,131124,131140,129868
2602,1273,52,3,1279,131140,131192,129919
2601,1273,5,1,1280,131192,131197,129924
2603,1273,23,1,1293,131197,131220,129947
2604,1274,36,3,1282,131220,131256,129982
2605,1274,91,3,1288,131256,131347,130073
2606,1275,63,1,1281,131347,131410,130135
2607,1276,49,1,1286,131410,131459,130183
2608,1277,7,3,1280,131459,131466,130189
2609,1278,19,3,1282,131466,131485,130207
2610,1278,94,3,1282,131485,131579,130301
2611,1278,2,3,1285,131579,131581,130303
2615,1278,68,2,1287,131581,131649,130371
2614,1278,9,2,1291,131649,131658,130380
2612,1278,31,3,1291,131658,131689,130411
2613,1278,93,3,1292,131689,131782,130504
2616,1279,96,2,1296,131782,131878,130599
2617,1280,78,2,1289,131878,131956,130676
2618,1281,7,2,1301,131956,131963,130682
2621,1282,69,2,1285,131963,132032,130750
2619,1282,44,1,1292,132032,132076,130794
2622,1282,24,1,1295,132076,132100,130818
2620,1282,29,2,1295,132100,132129,130847
2624,1283,99,3,1288,132129,132228,130945
2626,1283,87,3,1295,132228,132315,131032
2623,1283,59,1,1297,132315,132374,131091
2625,1283,65,1,1300,132374,132439,131156
2627,1284,71,1,1293,132439,132510,131226
2628,1285,74,2,1298,132510,132584,131299
2629,1286,58,3,1306,132584,132642,131356
2630,1287,17,1,1293,132642,132659,131372
2631,1288,55,1,1300,132659,132714,131426
2632,1289,79,2,1294,132714,132793,131504
2634,1290,90,1,1295,132793,132883,131593
2633,1290,14,1,1305,132883,132897,131607
2635,1291,73,1,1311,132897,132970,131679
2637,1292,30,2,1293,132970,133000,131708
2636,1292,1,3,1304,133000,133001,131709
2638,1292,20,2,1309,133001,133021,131729
2641,1293,3,3,1301,133021,133024,131731
2642,1293,97,3,1307,133024,133121,131828
2640,1293,95,3,1309,133121,133216,131923
2643,1293,28,3,1313,133216,133244,131951
2639,1293,76,1,1313,133244,133320,132027
2644,1294,74,3,1300,133320,133394,132100
2645,1295,84,1,1301,133394,133478,132183
2646,1296,53,3,1302,133478,133531,132235
2647,1297,37,2,1301,133531,133568,132271
2649,1297,52,2,1304,133568,133620,132323
2648,1297,98,2,1309,133620,133718,132421
2650,1298,48,2,1316,133718,133766,132468
2652,1299,57,1,1300,133766,133823,132524
2651,1299,89,3,1314,133823,133912,132613
2653,1300,27,1,1304,133912,133939,132639
2654,1301,19,3,1315,133939,133958,132657
2656,1302,85,1,1306,133958,134043,132741
2655,1302,96,2,1306,134043,134139,132837
2658,1303,25,3,1322,134139,134164,132861
2657,1303,96,2,1322,134164,134260,132957
2659,1304,88,2,1309,134260,134348,133044
2660,1304,75,1,1312,134348,134423,133119
2661,1305,47,3,1325,134423,134470,133165
2662,1306,87,1,1315,134470,134557,133251
2664,1307,52,3,1317,134557,134609,133302
2663,1307,63,1,1317,134609,134672,133365
2665,1308,85,2,1321,134672,134757,133449
2667,1309,22,3,1326,134757,134779,133470
2666,1309,43,2,1329,134779,134822,133513
2669,1310,18,3,1313,134822,134840,133530
2668,1310,36,3,1316,134840,134876,133566
2670,1310,17,3,1327,134876,134893,133583
2671,1311,42,3,1331,134893,134935,133624
2672,1312,54,1,1314,134935,134989,133677
2673,1313,18,3,1316,134989,135007,133694
2675,1313,92,1,1316,135007,135099,133786
2677,1313,49,3,1323,135099,135148,133835
2674,1313,7,3,1325,135148,135155,133842
2676,1313,28,1,1330,135155,135183,133870
2679,1314,11,2,1322,135183,135194,133880
2680,1314,58,3,1327,135194,135252,133938
2678,1314,80,3,1328,135252,135332,134018
2681,1315,37,2,1323,135332,135369,134054
2682,1316,70,1,1331,135369,135439,134123
2683,1317,13,3,1322,135439,135452,134135
2685,1318,50,1,1324,135452,135502,134184
2686,1318,41,3,1332,135502,135543,134225
2684,1318,80,1,1332,135543,135623,134305
2688,1319,82,2,1330,135623,135705,134386
2689,1319,13,1,1331,135705,135718,134399
2687,1319,36,2,1331,135718,135754,134435
2690,1319,37,3,1337,135754,135791,134472
2691,1320,38,1,1324,135791,135829,134509
2693,1320,14,1,1330,135829,135843,134523
2692,1320,13,3,1331,135843,135856,134536
2694,1321,34,3,1323,135856,135890,134569
2695,1322,63,3,1324,135890,135953,134631
2696,1323,24,2,1339,135953,135977,134654
2697,1324,43,1,1338,135977,136020,134696
2699,1325,80,1,1335,136020,136100,134775
2698,1325,36,3,1343,136100,136136,134811
2700,1326,78,1,1344,136136,136214,134888
2701,1327,91,1,1342,136214,136305,134978
2702,1327,54,2,1345,136305,136359,135032
2703,1328,44,3,1337,136359,136403,135075
2704,1329,54,3,1338,136403,136457,135128
2705,1330,91,2,1331,136457,136548,135218
2706,1330,100,1,1345,136548,136648,135318
2708,1331,18,1,1333,136648,136666,135335
2707,1331,65,2,1351,136666,136731,135400
2709,1332,49,3,1349,136731,136780,135448
2710,1333,90,2,1336,136780,136870,135537
2711,1333,85,3,1339,136870,136955,135622
2712,1333,48,1,1340,136955,137003,135670
2714,1334,36,2,1341,137003,137039,135705
2713,1334,91,2,1345,137039,137130,135796
2715,1335,96,3,1338,137130,137226,135891
2716,1335,48,1,1348,137226,137274,135939
2717,1336,95,3,1349,137274,137369,136033
2719,1337,1,2,1338,137369,137370,136033
2718,1337,58,1,1357,137370,137428,136091
2720,1338,98,2,1346,137428,137526,136188
2723,1338,95,3,1350,137526,137621,136283
2722,1338,98,3,1350,137621,137719,136381
2721,1338,70,1,1357,137719,137789,136451
2724,1339,62,2,1348,137789,137851,136512
2725,1340,14,2,1353,137851,137865,136525
2726,1341,62,1,1359,137865,137927,136586
2727,1342,60,3,1358,137927,137987,136645
2730,1343,93,3,1344,137987,138080,136737
2729,1343,90,1,1351,138080,138170,136827
2732,1343,90,2,1351,138170,138260,136917
2731,1343,15,3,1354,138260,138275,136932
2728,1343,71,1,1360,138275,138346,137003
2735,1344,25,2,1349,138346,138371,137027
2736,1344,14,3,1351,138371,138385,137041
2734,1344,61,1,1357,138385,138446,137102
2733,1344,73,2,1359,138446,138519,137175
2740,1345,5,1,1346,138519,138524,137179
2737,1345,29,3,1352,138524,138553,137208
2738,1345,84,3,1357,138553,138637,137292
2739,1345,83,3,1358,138637,138720,137375
2741,1345,67,2,1364,138720,138787,137442
2742,1346,80,2,1352,138787,138867,137521
2743,1346,59,2,1356,138867,138926,137580
2745,1347,43,2,1355,138926,138969,137622
2744,1347,39,1,1362,138969,139008,137661
2747,1348,68,2,1353,139008,139076,137728
2746,1348,10,3,1358,139076,139086,137738
2748,1348,41,2,1362,139086,139127,137779
2749,1349,4,3,1350,139127,139131,137782
2750,1349,17,1,1355,139131,139148,137799
2755,1350,61,2,1352,139148,139209,137859
2754,1350,8,1,1355,139209,139217,137867
2753,1350,88,1,1359,139217,139305,137955
2751,1350,51,1,1362,139305,139356,138006
2752,1350,73,3,1367,139356,139429,138079
2756,1351,80,1,1354,139429,139509,138158
2758,1352,6,1,1357,139509,139515,138163
2760,1352,53,3,1359,139515,139568,138216
2762,1352,9,2,1361,139568,139577,138225
2761,1352,23,3,1362,139577,139600,138248
2759,1352,5,1,1365,139600,139605,138253
2757,1352,78,2,1371,139605,139683,138331
2763,1353,48,3,1366,139683,139731,138378
2764,1354,96,2,1372,139731,139827,138473
2765,1355,81,3,1367,139827,139908,138553
2766,1355,31,1,1370,139908,139939,138584
2767,1356,58,2,1362,139939,139997,138641
2768,1357,86,3,1363,139997,140083,138726
2770,1358,6,2,1363,140083,140089,138731
2769,1358,68,2,1371,140089,140157,138799
2771,1359,67,3,1366,140157,140224,138865
2773,1360,82,1,1367,140224,140306,138946
2772,1360,78,1,1371,140306,140384,139024
2775,1361,37,3,1362,140384,140421,139060
2774,1361,54,3,1367,140421,140475,139114
2776,1362,63,3,1381,140475,140538,139176
2777,1363,97,1,1374,140538,140635,139272
2778,1364,90,2,1377,140635,140725,139361
2779,1365,17,1,1381,140725,140742,139377
2780,1366,37,1,1371,140742,140779,139413
2781,1367,80,2,1375,140779,140859,139492
2782,1367,79,3,1379,140859,140938,139571
2783,1368,38,3,1372,140938,140976,139608
2785,1369,58,3,1378,140976,141034,139665
2786,1369,21,1,1380,141034,141055,139686
2784,1369,89,3,1382,141055,141144,139775
2787,1370,20,1,1384,141144,141164,139794
2788,1371,53,1,1373,141164,141217,139846
2789,1372,14,2,1375,141217,141231,139859
2790,1372,35,2,1375,141231,141266,139894
2791,1373,12,2,1379,141266,141278,139905
2794,1374,49,1,1382,141278,141327,139953
2792,1374,30,1,1383,141327,141357,139983
2793,1374,20,2,1389,141357,141377,140003
2795,1375,58,3,1388,141377,141435,140060
2796,1376,81,1,1386,141435,141516,140140
2797,1377,36,2,1382,141516,141552,140175
2798,1378,91,3,1379,141552,141643,140265
2799,1378,1,1,1396,141643,141644,140266
2801,1379,30,1,1389,141644,141674,140295
2800,1379,39,1,1398,141674,141713,140334
2802,1380,66,1,1382,141713,141779,140399
2803,1381,31,1,1401,141779,141810,140429
2804,1381,85,3,1401,141810,141895,140514
2806,1382,52,2,1386,141895,141947,140565
2805,1382,83,2,1395,141947,142030,140648
2807,1382,66,3,1398,142030,142096,140714
2808,1383,80,2,1398,142096,142176,140793
2809,1384,53,1,1395,142176,142229,140845
2810,1385,8,2,1392,142229,142237,140852
2811,1385,96,3,1403,142237,142333,140948
2812,1386,15,2,1406,142333,142348,140962
2813,1387,34,3,1397,142348,142382,140995
2814,1388,37,3,1398,142382,142419,141031
2815,1389,2,2,1405,142419,142421,141032
2818,1390,86,3,1393,142421,142507,141117
2816,1390,2,1,1397,142507,142509,141119
2817,1390,39,3,1398,142509,142548,141158
2819,1391,58,2,1396,142548,142606,141215
2820,1392,30,3,1401,142606,142636,141244
2821,1392,74,1,1408,142636,142710,141318
2822,1393,32,2,1402,142710,142742,141349
2823,1393,81,2,1406,142742,142823,141430
2826,1394,47,2,1396,142823,142870,141476
2828,1394,13,2,1409,142870,142883,141489
2829,1394,16,2,1409,142883,142899,141505
2825,1394,75,2,1409,142899,142974,141580
2827,1394,66,2,1411,142974,143040,141646
2824,1394,74,3,1411,143040,143114,141720
2830,1395,93,3,1401,143114,143207,141812
2831,1396,70,1,1404,143207,143277,141881
2834,1397,67,3,1398,143277,143344,141947
2838,1397,55,3,1399,143344,143399,142002
2840,1397,39,3,1401,143399,143438,142041
2839,1397,76,2,1403,143438,143514,142117
2837,1397,3,1,1404,143514,143517,142120
2833,1397,60,2,1408,143517,143577,142180
2836,1397,63,3,1413,143577,143640,142243
2835,1397,96,2,1414,143640,143736,142339
2832,1397,51,2,1417,143736,143787,142390
2841,1398,76,2,1418,143787,143863,142465
2843,1399,52,3,1401,143863,143915,142516
2842,1399,16,2,1403,143915,143931,142532
2845,1400,51,2,1403,143931,143982,142582
2844,1400,9,3,1415,143982,143991,142591
2846,1401,84,1,1404,143991,144075,142674
2847,1402,24,2,1410,144075,144099,142697
2848,1402,87,2,1422,144099,144186,142784
2849,1403,90,2,1411,144186,144276,142873
2850,1404,29,1,1417,144276,144305,142901
2856,1405,85,3,1408,144305,144390,142985
2853,1405,47,3,1410,144390,144437,143032
2852,1405,70,2,1410,144437,144507,143102
2857,1405,57,2,1411,144507,144564,143159
2851,1405,11,3,1417,144564,144575,143170
2855,1405,58,1,1423,144575,144633,143228
2854,1405,23,1,1424,144633,144656,143251
2859,1406,40,3,1408,144656,144696,143290
2865,1406,60,1,1411,144696,144756,143350
2863,1406,13,3,1412,144756,144769,143363
2862,1406,50,2,1414,144769,144819,143413
2866,1406,81,1,1414,144819,144900,143494
2861,1406,41,2,1417,144900,144941,143535
2864,1406,59,3,1418,144941,145000,143594
2860,1406,12,3,1419,145000,145012,143606
2858,1406,26,1,1422,145012,145038,143632
2867,1406,84,2,1422,145038,145122,143716
2868,1407,52,3,1424,145122,145174,143767
2870,1408,54,2,1424,145174,145228,143820
2871,1408,26,2,1426,145228,145254,143846
2869,1408,93,3,1428,145254,145347,143939
2873,1409,90,1,1416,145347,145437,144028
2872,1409,1,3,1428,145437,145438,144029
2874,1410,18,2,1423,145438,145456,144046
2875,1411,77,2,1424,145456,145533,144122
2877,1412,18,3,1424,145533,145551,144139
2876,1412,1,3,1431,145551,145552,144140
2878,1413,40,2,1419,145552,145592,144179
2879,1413,52,1,1431,145592,145644,144231
2888,1414,47,3,1416,145644,145691,144277
2883,1414,4,1,1420,145691,145695,144281
2882,1414,10,1,1422,145695,145705,144291
2885,1414,4,3,1424,145705,145709,144295
2884,1414,62,3,1424,145709,145771,144357
2886,1414,31,1,1425,145771,145802,144388
2881,1414,40,3,1426,145802,145842,144428
2887,1414,60,3,1426,145842,145902,144488
2880,1414,100,3,1428,145902,146002,144588
2889,1415,67,3,1416,146002,146069,144654
2890,1416,44,2,1426,146069,146113,144697
2891,1417,96,1,1423,146113,146209,144792
2893,1418,32,2,1421,146209,146241,144823
2892,1418,86,1,1434,146241,146327,144909
2895,1419,20,3,1430,146327,146347,144928
2894,1419,66,3,1436,146347,146413,144994
2896,1420,12,1,1423,146413,146425,145005
2897,1421,71,2,1432,146425,146496,145075
2898,1422,100,3,1429,146496,146596,145174
2899,1423,11,1,1437,146596,146607,145184
2900,1424,54,3,1425,146607,146661,145237
2901,1424,32,2,1439,146661,146693,145269
2902,1425,57,1,1442,146693,146750,145325
2903,1426,95,1,1434,146750,146845,145419
2904,1426,7,2,1446,146845,146852,145426
2905,1427,68,3,1437,146852,146920,145493
2907,1428,13,1,1445,146920,146933,145505
2906,1428,37,1,1446,146933,146970,145542
2908,1429,22,3,1437,146970,146992,145563
2910,1430,63,2,1432,146992,147055,145625
2912,1430,6,3,1433,147055,147061,145631
2911,1430,65,3,1436,147061,147126,145696
2909,1430,58,3,1440,147126,147184,145754
2913,1430,40,3,1449,147184,147224,145794
2915,1431,38,2,1443,147224,147262,145831
2914,1431,62,3,1449,147262,147324,145893
2916,1432,27,2,1438,147324,147351,145919
2917,1432,52,3,1442,147351,147403,145971
2919,1433,62,1,1435,147403,147465,146032
2918,1433,94,3,1442,147465,147559,146126
2920,1434,99,3,1439,147559,147658,146224
2921,1435,65,2,1438,147658,147723,146288
2922,1435,94,1,1455,147723,147817,146382
2923,1436,85,3,1438,147817,147902,146466
2924,1436,17,3,1448,147902,147919,146483
2925,1436,6,2,1450,147919,147925,146489
2927,1437,10,2,1441,147925,147935,146498
2926,1437,99,1,1445,147935,148034,146597
2928,1437,5,3,1455,148034,148039,146602
2929,1438,13,1,1448,148039,148052,146614
2930,1438,98,2,1457,148052,148150,146712
2932,1439,40,2,1444,148150,148190,146751
2933,1439,12,3,1446,148190,148202,146763
2931,1439,34,3,1449,148202,148236,146797
2934,1440,28,2,1446,148236,148264,146824
2935,1441,1,2,1456,148264,148265,146824
2936,1442,27,1,1443,148265,148292,146850
2938,1442,37,2,1450,148292,148329,146887
2937,1442,46,2,1458,148329,148375,146933
2939,1443,63,2,1453,148375,148438,146995
2940,1444,67,2,1463,148438,148505,147061
2941,1445,20,3,1452,148505,148525,147080
2944,1446,93,1,1449,148525,148618,147172
2943,1446,9,2,1461,148618,148627,147181
2942,1446,42,1,1461,148627,148669,147223
2945,1447,83,3,1448,148669,148752,147305
2946,1447,63,3,1449,148752,148815,147368
2947,1447,65,1,1454,148815,148880,147433
2948,1448,10,3,1455,148880,148890,147442
2949,1448,31,2,1462,148890,148921,147473
2950,1449,77,1,1453,148921,148998,147549
2951,1449,1,3,1458,148998,148999,147550
2952,1450,5,3,1463,148999,149004,147554
2953,1451,79,2,1453,149004,149083,147632
2961,1452,78,3,1453,149083,149161,147709
2962,1452,53,3,1455,149161,149214,147762
2954,1452,75,1,1461,149214,149289,147837
2955,1452,13,2,1463,149289,149302,147850
2958,1452,27,1,1463,149302,149329,147877
2957,1452,55,1,1465,149329,149384,147932
2959,1452,22,3,1469,149384,149406,147954
2960,1452,97,1,1469,149406,149503,148051
2956,1452,81,3,1471,149503,149584,148132
2963,1453,25,3,1457,149584,149609,148156
2964,1454,81,2,1471,149609,149690,148236
2965,1455,10,1,1466,149690,149700,148245
2966,1456,28,2,1457,149700,149728,148272
2967,1457,91,2,1468,149728,149819,148362
2968,1458,63,2,1469,149819,149882,148424
2969,1459,31,2,1466,149882,149913,148454
2971,1460,46,2,1462,149913,149959,148499
2970,1460,37,2,1468,149959,149996,148536
2972,1460,98,2,1479,149996,150094,148634
2973,1461,49,3,1462,150094,150143,148682
2975,1461,44,2,1476,150143,150187,148726
2974,1461,16,2,1479,150187,150203,148742
2976,1462,99,3,1481,150203,150302,148840
2977,1463,44,2,1477,150302,150346,148883
2978,1464,96,1,1465,150346,150442,148978
2981,1464,52,3,1471,150442,150494,149030
2979,1464,99,2,1476,150494,150593,149129
2980,1464,41,2,1479,150593,150634,149170
2982,1465,11,3,1466,150634,150645,149180
2984,1465,93,3,1478,150645,150738,149273
2983,1465,95,3,1478,150738,150833,149368
2985,1466,61,2,1481,150833,150894,149428
2990,1467,31,3,1481,150894,150925,149458
2989,1467,37,3,1483,150925,150962,149495
2987,1467,34,3,1484,150962,150996,149529
2988,1467,78,1,1485,150996,151074,149607
2986,1467,20,2,1486,151074,151094,149627
2991,1468,26,3,1477,151094,151120,149652
2993,1469,77,1,1476,151120,151197,149728
2994,1469,32,3,1477,151197,151229,149760
2992,1469,24,2,1481,151229,151253,149784
2995,1470,100,1,1481,151253,151353,149883
3000,1471,94,2,1475,151353,151447,149976
2998,1471,95,1,1480,151447,151542,150071
2999,1471,91,1,1482,151542,151633,150162
2996,1471,35,3,1484,151633,151668,150197
2997,1471,5,1,1488,151668,151673,150202
3001,1472,98,2,1482,151673,151771,150299
3002,1472,53,2,1492,151771,151824,150352
3006,1473,60,2,1476,151824,151884,150411
3007,1473,35,2,1486,151884,151919,150446
3005,1473,41,2,1489,151919,151960,150487
3003,1473,20,2,1490,151960,151980,150507
3004,1473,81,2,1492,151980,152061,150588
3009,1474,95,2,1475,152061,152156,150682
3010,1474,14,2,1481,152156,152170,150696
3011,1474,92,3,1484,152170,152262,150788
3008,1474,36,3,1487,152262,152298,150824
3012,1475,83,1,1476,152298,152381,150906
3013,1476,20,3,1479,152381,152401,150925
3015,1477,42,2,1479,152401,152443,150966
3014,1477,98,2,1489,152443,152541,151064
3016,1478,68,3,1489,152541,152609,151131
3017,1479,75,3,1491,152609,152684,151205
3018,1480,1,3,1491,152684,152685,151205
3019,1480,50,2,1495,152685,152735,151255
3020,1481,43,1,1484,152735,152778,151297
3021,1482,3,2,1496,152778,152781,151299
3022,1483,34,2,1490,152781,152815,151332
3024,1484,32,2,1488,152815,152847,151363
3025,1484,53,3,1494,152847,152900,151416
3023,1484,30,3,1504,152900,152930,151446
3026,1485,54,3,1491,152930,152984,151499
3027,1486,31,1,1493,152984,153015,151529
3028,1486,79,2,1505,153015,153094,151608
3029,1487,33,2,1503,153094,153127,151640
3030,1488,8,2,1496,153127,153135,151647
3031,1488,64,2,1497,153135,153199,151711
3033,1489,64,1,1496,153199,153263,151774
3032,1489,85,3,1496,153263,153348,151859
3034,1490,63,1,1491,153348,153411,151921
3035,1490,49,2,1496,153411,153460,151970
3036,1490,69,3,1510,153460,153529,152039
3037,1491,27,3,1508,153529,153556,152065
3038,1492,77,1,1497,153556,153633,152141
3039,1493,54,3,1497,153633,153687,152194
3040,1493,34,2,1511,153687,153721,152228
3041,1494,12,3,1504,153721,153733,152239
3042,1495,53,2,1504,153733,153786,152291
3044,1496,14,3,1505,153786,153800,152304
3043,1496,50,2,1516,153800,153850,152354
3045,1497,11,1,1501,153850,153861,152364
3053,1498,73,1,1501,153861,153934,152436
3052,1498,46,1,1502,153934,153980,152482
3051,1498,80,1,1503,153980,154060,152562
3046,1498,54,1,1510,154060,154114,152616
3048,1498,75,1,1510,154114,154189,152691
3047,1498,93,1,1510,154189,154282,152784
3049,1498,5,2,1513,154282,154287,152789
3050,1498,1,2,1517,154287,154288,152790
3057,1499,75,2,1501,154288,154363,152864
3055,1499,2,1,1509,154363,154365,152866
3058,1499,80,1,1509,154365,154445,152946
3054,1499,59,3,1511,154445,154504,153005
3056,1499,7,3,1512,154504,154511,153012
3059,1499,67,2,1513,154511,154578,153079
3061,1500,77,3,1504,154578,154655,153155
3060,1500,39,2,1510,154655,154694,153194
3062,1500,53,1,1516,154694,154747,153247
3063,1501,57,3,1504,154747,154804,153303
3066,1501,3,2,1506,154804,154807,153306
3065,1501,98,3,1515,154807,154905,153404
3064,1501,72,1,1520,154905,154977,153476
3067,1502,50,1,1514,154977,155027,153525
3068,1503,5,2,1504,155027,155032,153529
3069,1503,23,2,1523,155032,155055,153552
3071,1504,4,3,1506,155055,155059,153555
3070,1504,18,1,1509,155059,155077,153573
3072,1504,31,3,1516,155077,155108,153604
3073,1505,55,1,1520,155108,155163,153658
3074,1506,17,2,1525,155163,155180,153674
3076,1507,79,1,1515,155180,155259,153752
3075,1507,61,1,1521,155259,155320,153813
3079,1508,77,2,1513,155320,155397,153889
3077,1508,24,2,1520,155397,155421,153913
3078,1508,28,2,1523,155421,155449,153941
3080,1509,26,2,1510,155449,155475,153966
3081,1510,44,1,1523,155475,155519,154009
3084,1511,23,1,1512,155519,155542,154031
3082,1511,100,3,1517,155542,155642,154131
3083,1511,23,2,1523,155642,155665,154154
3085,1512,62,2,1523,155665,155727,154215
3086,1512,97,3,1523,155727,155824,154312
3087,1513,67,3,1517,155824,155891,154378
3088,1513,22,3,1518,155891,155913,154400
3089,1513,93,1,1519,155913,156006,154493
3090,1513,69,1,1526,156006,156075,154562
3091,1514,1,2,1518,156075,156076,154562
3095,1515,36,2,1516,156076,156112,154597
3092,1515,13,2,1519,156112,156125,154610
3096,1515,15,2,1523,156125,156140,154625
3093,1515,6,1,1528,156140,156146,154631
3094,1515,57,2,1531,156146,156203,154688
3097,1515,31,3,1535,156203,156234,154719
3098,1516,61,3,1531,156234,156295,154779
3099,1517,69,3,1523,156295,156364,154847
3102,1518,51,2,1519,156364,156415,154897
3101,1518,85,2,1527,156415,156500,154982
3100,1518,4,1,1537,156500,156504,154986
3105,1519,24,1,1525,156504,156528,155009
3106,1519,81,1,1525,156528,156609,155090
3109,1519,8,1,1530,156609,156617,155098
3104,1519,65,2,1530,156617,156682,155163
3108,1519,96,1,1535,156682,156778,155259
3103,1519,92,2,1538,156778,156870,155351
3107,1519,43,3,1539,156870,156913,155394
3110,1520,57,1,1523,156913,156970,155450
3113,1521,97,1,1528,156970,157067,155546
3112,1521,43,1,1534,157067,157110,155589
3111,1521,23,2,1537,157110,157133,155612
3114,1522,31,2,1538,157133,157164,155642
3120,1523,65,2,1527,157164,157229,155706
3118,1523,19,2,1532,157229,157248,155725
3121,1523,37,1,1533,157248,157285,155762
3115,1523,63,2,1542,157285,157348,155825
3119,1523,66,3,1542,157348,157414,155891
3116,1523,31,1,1543,157414,157445,155922
3117,1523,84,2,1543,157445,157529,156006
3123,1524,8,2,1537,157529,157537,156013
3122,1524,25,3,1540,157537,157562,156038
3124,1525,91,2,1530,157562,157653,156128
3125,1526,25,2,1532,157653,157678,156152
3126,1527,84,3,1543,157678,157762,156235
3127,1528,22,3,1536,157762,157784,156256
3128,1528,82,1,1540,157784,157866,156338
3129,1529,25,1,1531,157866,157891,156362
3130,1529,65,3,1544,157891,157956,156427
3131,1530,93,1,1537,157956,158049,156519
3133,1531,15,2,1536,158049,158064,156533
3132,1531,73,2,1549,158064,158137,156606
3134,1532,65,2,1543,158137,158202,156670
3135,1533,21,3,1553,158202,158223,156690
3136,1534,19,3,1554,158223,158242,156708
3137,1535,30,3,1551,158242,158272,156737
3138,1536,85,3,1554,158272,158357,156821
3139,1537,83,1,1554,158357,158440,156903
3140,1538,68,3,1545,158440,158508,156970
3143,1539,18,3,1544,158508,158526,156987
3142,1539,86,3,1550,158526,158612,157073
3141,1539,69,1,1554,158612,158681,157142
3146,1540,10,3,1547,158681,158691,157151
3145,1540,22,3,1549,158691,158713,157173
3144,1540,88,2,1553,158713,158801,157261
3147,1541,30,3,1556,158801,158831,157290
3150,1542,26,3,1545,158831,158857,157315
3151,1542,75,3,1554,158857,158932,157390
3148,1542,51,3,1561,158932,158983,157441
3149,1542,100,2,1561,158983,159083,157541
3154,1543,42,1,1549,159083,159125,157582
3152,1543,75,1,1554,159125,159200,157657
3153,1543,42,2,1559,159200,159242,157699
3156,1543,30,2,1562,159242,159272,157729
3155,1543,85,2,1563,159272,159357,157814
3157,1544,58,2,1546,159357,159415,157871
3158,1545,21,3,1547,159415,159436,157891
3159,1546,9,1,1562,159436,159445,157899
3160,1547,79,1,1558,159445,159524,157977
3163,1548,70,3,1556,159524,159594,158046
3161,1548,57,3,1563,159594,159651,158103
3162,1548,79,2,1563,159651,159730,158182
3164,1548,34,1,1565,159730,159764,158216
3165,1548,12,3,1566,159764,159776,158228
3166,1549,3,1,1565,159776,159779,158230
3167,1550,47,2,1551,159779,159826,158276
3169,1550,77,3,1552,159826,159903,158353
3168,1550,77,1,1556,159903,159980,158430
3170,1550,3,1,1563,159980,159983,158433
3171,1550,92,1,1569,159983,160075,158525
3172,1551,87,3,1570,160075,160162,158611
3175,1552,30,3,1557,160162,160192,158640
3173,1552,40,2,1560,160192,160232,158680
3174,1552,96,1,1561,160232,160328,158776
3176,1553,86,1,1561,160328,160414,158861
3178,1553,4,2,1565,160414,160418,158865
3179,1553,68,2,1566,160418,160486,158933
3177,1553,35,3,1567,160486,160521,158968
3183,1554,87,1,1558,160521,160608,159054
3181,1554,85,1,1563,160608,160693,159139
3182,1554,61,2,1570,160693,160754,159200
3180,1554,91,3,1573,160754,160845,159291
3184,1555,11,2,1572,160845,160856,159301
3185,1556,48,2,1575,160856,160904,159348
3187,1557,67,1,1564,160904,160971,159414
3186,1557,26,2,1569,160971,160997,159440
3188,1558,38,1,1576,160997,161035,159477
3190,1559,81,1,1570,161035,161116,159557
3189,1559,23,3,1579,161116,161139,159580
3191,1560,17,2,1578,161139,161156,159596
3192,1561,58,1,1577,161156,161214,159653
3195,1562,22,3,1568,161214,161236,159674
3194,1562,98,1,1572,161236,161334,159772
3193,1562,39,1,1577,161334,161373,159811
3198,1563,65,1,1568,161373,161438,159875
3199,1563,64,3,1569,161438,161502,159939
3197,1563,29,2,1576,161502,161531,159968
3196,1563,42,2,1580,161531,161573,160010
3203,1564,56,3,1569,161573,161629,160065
3200,1564,67,3,1569,161629,161696,160132
3201,1564,23,1,1570,161696,161719,160155
3202,1564,86,2,1584,161719,161805,160241
3205,1565,68,1,1570,161805,161873,160308
3204,1565,1,1,1572,161873,161874,160309
3207,1566,35,1,1578,161874,161909,160343
3206,1566,63,1,1580,161909,161972,160406
3208,1567,13,3,1583,161972,161985,160418
3209,1568,37,2,1572,161985,162022,160454
3210,1568,83,3,1576,162022,162105,160537
3211,1569,32,1,1574,162105,162137,160568
3213,1570,69,1,1581,162137,162206,160636
3212,1570,100,1,1588,162206,162306,160736
3215,1571,79,1,1572,162306,162385,160814
3216,1571,50,3,1574,162385,162435,160864
3214,1571,28,1,1591,162435,162463,160892
3217,1572,67,1,1588,162463,162530,160958
3220,1573,21,3,1584,162530,162551,160978
3219,1573,100,1,1590,162551,162651,161078
3218,1573,38,3,1591,162651,162689,161116
3224,1574,30,2,1576,162689,162719,161145
3223,1574,87,2,1579,162719,162806,161232
3221,1574,80,1,1582,162806,162886,161312
3222,1574,37,1,1592,162886,162923,161349
3225,1575,54,2,1576,162923,162977,161402
3226,1576,49,2,1585,162977,163026,161450
3227,1577,46,2,1580,163026,163072,161495
3228,1578,93,2,1586,163072,163165,161587
3229,1579,39,1,1587,163165,163204,161625
3233,1580,97,3,1581,163204,163301,161721
3230,1580,35,3,1584,163301,163336,161756
3232,1580,28,2,1593,163336,163364,161784
3231,1580,49,1,1594,163364,163413,161833
3235,1581,83,1,1586,163413,163496,161915
3234,1581,60,3,1589,163496,163556,161975
3236,1582,92,1,1592,163556,163648,162066
3237,1583,18,3,1587,163648,163666,162083
3239,1583,21,2,1587,163666,163687,162104
3238,1583,89,1,1598,163687,163776,162193
3240,1584,17,3,1592,163776,163793,162209
3241,1585,67,1,1594,163793,163860,162275
3242,1585,34,2,1605,163860,163894,162309
3244,1586,31,2,1597,163894,163925,162339
3245,1586,28,1,1602,163925,163953,162367
3243,1586,72,3,1602,163953,164025,162439
3247,1587,7,2,1594,164025,164032,162445
3246,1587,94,2,1597,164032,164126,162539
3248,1588,82,3,1592,164126,164208,162620
3249,1589,83,2,1598,164208,164291,162702
3250,1590,96,1,1597,164291,164387,162797
3251,1591,13,2,1601,164387,164400,162809
3252,1591,63,3,1605,164400,164463,162872
3256,1592,97,3,1596,164463,164560,162968
3254,1592,38,3,1597,164560,164598,163006
3255,1592,86,2,1600,164598,164684,163092
3253,1592,67,1,1605,164684,164751,163159
3257,1593,83,3,1608,164751,164834,163241
3258,1593,19,1,1610,164834,164853,163260
3259,1594,47,1,1604,164853,164900,163306
3260,1594,62,3,1609,164900,164962,163368
3261,1595,48,3,1606,164962,165010,163415
3262,1596,45,2,1615,165010,165055,163459
3263,1596,78,1,1615,165055,165133,163537
3264,1597,8,2,1614,165133,165141,163544
3265,1598,59,1,1618,165141,165200,163602
3266,1599,32,1,1611,165200,165232,163633
3267,1600,59,1,1617,165232,165291,163691
3269,1601,72,1,1613,165291,165363,163762
3268,1601,57,1,1616,165363,165420,163819
3270,1601,30,3,1621,165420,165450,163849
3271,1602,87,3,1618,165450,165537,163935
3274,1603,70,2,1605,165537,165607,164004
3273,1603,56,3,1608,165607,165663,164060
3272,1603,17,1,1609,165663,165680,164077
3275,1604,89,1,1621,165680,165769,164165
3278,1605,12,1,1613,165769,165781,164176
3277,1605,12,1,1616,165781,165793,164188
3276,1605,88,3,1618,165793,165881,164276
3279,1606,25,1,1615,165881,165906,164300
3282,1607,60,1,1609,165906,165966,164359
3281,1607,100,1,1621,165966,166066,164459
3280,1607,9,3,1625,166066,166075,164468
3283,1608,100,2,1611,166075,166175,164567
3284,1608,53,2,1615,166175,166228,164620
3285,1608,72,1,1618,166228,166300,164692
3286,1609,6,3,1624,166300,166306,164697
3287,1610,34,2,1628,166306,166340,164730
3288,1611,26,2,1613,166340,166366,164755
3289,1611,13,3,1624,166366,166379,164768
3290,1612,52,1,1623,166379,166431,164819
3293,1613,7,3,1620,166431,166438,164825
3294,1613,54,2,1621,166438,166492,164879
3291,1613,97,1,1624,166492,166589,164976
3292,1613,54,2,1630,166589,166643,165030
3297,1614,54,3,1620,166643,166697,165083
3295,1614,64,1,1626,166697,166761,165147
3296,1614,26,2,1629,166761,166787,165173
3298,1615,56,2,1617,166787,166843,165228
3300,1615,77,3,1632,166843,166920,165305
3299,1615,41,1,1633,166920,166961,165346
3301,1616,32,2,1620,166961,166993,165377
3302,1616,69,3,1634,166993,167062,165446
3303,1617,75,1,1637,167062,167137,165520
3305,1618,37,2,1622,167137,167174,165556
3306,1618,28,3,1625,167174,167202,165584
3304,1618,28,3,1636,167202,167230,165612
3307,1619,76,2,1626,167230,167306,165687
3308,1619,41,3,1634,167306,167347,165728
3309,1620,57,3,1633,167347,167404,165784
3312,1621,35,1,1635,167404,167439,165818
3310,1621,61,1,1635,167439,167500,165879
3311,1621,26,1,1639,167500,167526,165905
3313,1622,25,1,1625,167526,167551,165929
3315,1623,57,2,1629,167551,167608,165985
3314,1623,83,3,1637,167608,167691,166068
3317,1624,18,3,1625,167691,167709,166085
3318,1624,54,3,1627,167709,167763,166139
3316,1624,50,3,1628,167763,167813,166189
3320,1625,20,2,1626,167813,167833,166208
3319,1625,89,1,1627,167833,167922,166297
3321,1625,91,1,1645,167922,168013,166388
3322,1626,44,3,1629,168013,168057,166431
3323,1627,38,3,1645,168057,168095,166468
3325,1628,21,2,1630,168095,168116,166488
3324,1628,61,1,1644,168116,168177,166549
3326,1629,54,1,1632,168177,168231,166602
3327,1629,1,3,1633,168231,168232,166603
3330,1630,3,1,1631,168232,168235,166605
3329,1630,59,1,1634,168235,168294,166664
3328,1630,68,3,1644,168294,168362,166732
3331,1630,24,2,1649,168362,168386,166756
3333,1631,76,3,1636,168386,168462,166831
3332,1631,68,2,1640,168462,168530,166899
3334,1632,24,2,1637,168530,168554,166922
3335,1633,70,1,1647,168554,168624,166991
3338,1634,42,1,1641,168624,168666,167032
3337,1634,52,3,1642,168666,168718,167084
3336,1634,90,1,1652,168718,168808,167174
3339,1635,37,1,1642,168808,168845,167210
3340,1636,98,2,1656,168845,168943,167307
3341,1637,2,3,1641,168943,168945,167308
3342,1638,33,3,1651,168945,168978,167340
3343,1639,13,3,1652,168978,168991,167352
3344,1640,30,1,1641,168991,169021,167381
3345,1641,12,2,1652,169021,169033,167392
3346,1641,6,2,1660,169033,169039,167398
3347,1641,83,3,1661,169039,169122,167481
3348,1642,37,1,1658,169122,169159,167517
3350,1643,67,2,1644,169159,169226,167583
3349,1643,27,2,1652,169226,169253,167610
3351,1644,44,2,1653,169253,169297,167653
3354,1645,82,2,1647,169297,169379,167734
3353,1645,60,1,1650,169379,169439,167794
3352,1645,4,1,1656,169439,169443,167798
3355,1646,76,1,1651,169443,169519,167873
3356,1647,74,2,1663,169519,169593,167946
3357,1648,24,2,1659,169593,169617,167969
3358,1648,44,2,1666,169617,169661,168013
3360,1649,26,2,1658,169661,169687,168038
3359,1649,42,2,1658,169687,169729,168080
3362,1650,80,2,1656,169729,169809,168159
3361,1650,77,2,1658,169809,169886,168236
3363,1650,19,2,1670,169886,169905,168255
3366,1651,89,3,1655,169905,169994,168343
3364,1651,62,3,1659,169994,170056,168405
3368,1651,58,1,1667,170056,170114,168463
3365,1651,100,1,1667,170114,170214,168563
3367,1651,71,3,1669,170214,170285,168634
3371,1652,93,2,1658,170285,170378,168726
3369,1652,65,1,1661,170378,170443,168791
3370,1652,20,3,1667,170443,170463,168811
3372,1652,96,2,1670,170463,170559,168907
3374,1653,88,3,1665,170559,170647,168994
3373,1653,48,2,1670,170647,170695,169042
3375,1654,44,1,1656,170695,170739,169085
3376,1654,73,1,1666,170739,170812,169158
3377,1655,45,2,1673,170812,170857,169202
3379,1656,2,2,1657,170857,170859,169203
3378,1656,97,1,1663,170859,170956,169300
3380,1657,28,3,1675,170956,170984,169327
3381,1658,22,3,1662,170984,171006,169348
3382,1658,59,2,1668,171006,171065,169407
3384,1658,80,1,1676,171065,171145,169487
3383,1658,22,2,1678,171145,171167,169509
3385,1659,28,1,1673,171167,171195,169536
3386,1659,30,2,1679,171195,171225,169566
3388,1660,81,1,1678,171225,171306,169646
3387,1660,1,3,1680,171306,171307,169647
3389,1661,46,3,1669,171307,171353,169692
3390,1661,57,2,1676,171353,171410,169749
3391,1662,58,2,1671,171410,171468,169806
3392,1663,87,1,1671,171468,171555,169892
3393,1664,78,3,1678,171555,171633,169969
3394,1665,43,3,1675,171633,171676,170011
3395,1665,90,1,1683,171676,171766,170101
3396,1666,88,1,1667,171766,171854,170188
3398,1667,21,3,1669,171854,171875,170208
3397,1667,70,3,1676,171875,171945,170278
3399,1668,79,3,1676,171945,172024,170356
3400,1668,96,3,1676,172024,172120,170452
3401,1669,81,2,1673,172120,172201,170532
3405,1669,89,1,1674,172201,172290,170621
3402,1669,91,2,1677,172290,172381,170712
3403,1669,54,1,1681,172381,172435,170766
3404,1669,81,3,1684,172435,172516,170847
3406,1670,80,2,1679,172516,172596,170926
3408,1670,13,1,1685,172596,172609,170939
3409,1670,96,3,1690,172609,172705,171035
3407,1670,99,3,1690,172705,172804,171134
3412,1671,86,1,1679,172804,172890,171219
3410,1671,51,2,1686,172890,172941,171270
3411,1671,69,1,1689,172941,173010,171339
3413,1672,67,2,1675,173010,173077,171405
3414,1672,86,2,1685,173077,173163,171491
3415,1673,68,2,1677,173163,173231,171558
3416,1673,1,3,1693,173231,173232,171559
3417,1674,96,3,1690,173232,173328,171654
3418,1675,62,1,1679,173328,173390,171715
3419,1675,39,3,1689,173390,173429,171754
3421,1676,77,3,1683,173429,173506,171830
3420,1676,20,2,1685,173506,173526,171850
3422,1676,97,3,1692,173526,173623,171947
3423,1677,93,3,1688,173623,173716,172039
3426,1678,55,1,1682,173716,173771,172093
3425,1678,34,2,1688,173771,173805,172127
3424,1678,78,3,1691,173805,173883,172205
3427,1678,75,1,1696,173883,173958,172280
3430,1679,59,3,1680,173958,174017,172338
3431,1679,15,3,1681,174017,174032,172353
3429,1679,56,1,1688,174032,174088,172409
3428,1679,63,3,1689,174088,174151,172472
3432,1680,88,1,1698,174151,174239,172559
3433,1681,86,2,1701,174239,174325,172644
3434,1682,52,1,1702,174325,174377,172695
3435,1683,42,2,1697,174377,174419,172736
3436,1684,19,3,1689,174419,174438,172754
3437,1684,61,1,1695,174438,174499,172815
3438,1685,48,2,1699,174499,174547,172862
3439,1686,43,2,1698,174547,174590,172904
3441,1687,67,1,1690,174590,174657,172970
3440,1687,78,3,1694,174657,174735,173048
3444,1688,19,2,1689,174735,174754,173066
3442,1688,44,1,1689,174754,174798,173110
3443,1688,51,3,1700,174798,174849,173161
3445,1688,70,2,1700,174849,174919,173231
3446,1689,86,2,1695,174919,175005,173316
3447,1690,65,3,1702,175005,175070,173380
3448,1691,100,2,1698,175070,175170,173479
3449,1692,77,2,1695,175170,175247,173555
3450,1693,91,2,1701,175247,175338,173645
3451,1694,20,1,1711,175338,175358,173664
3452,1694,92,2,1713,175358,175450,173756
3453,1695,71,2,1697,175450,175521,173826
3454,1696,25,2,1710,175521,175546,173850
3456,1697,17,2,1703,175546,175563,173866
3455,1697,57,2,1705,175563,175620,173923
3458,1698,35,3,1699,175620,175655,173957
3459,1698,34,1,1702,175655,175689,173991
3457,1698,6,3,1703,175689,175695,173997
3461,1699,84,3,1704,175695,175779,174080
3460,1699,23,3,1712,175779,175802,174103
3465,1700,7,3,1701,175802,175809,174109
3463,1700,87,1,1714,175809,175896,174196
3462,1700,39,2,1717,175896,175935,174235
3464,1700,90,3,1719,175935,176025,174325
3466,1701,3,3,1718,176025,176028,174327
3469,1702,35,3,1706,176028,176063,174361
3468,1702,94,3,1711,176063,176157,174455
3467,1702,13,2,1714,176157,176170,174468
3470,1703,24,3,1704,176170,176194,174491
3472,1704,48,1,1712,176194,176242,174538
3473,1704,45,2,1713,176242,176287,174583
3471,1704,58,2,1721,176287,176345,174641
3474,1705,76,3,1725,176345,176421,174716
3475,1706,6,2,1722,176421,176427,174721
3477,1707,60,2,1713,176427,176487,174780
3478,1707,66,1,1714,176487,176553,174846
3480,1707,71,2,1715,176553,176624,174917
3476,1707,8,2,1721,176624,176632,174925
3479,1707,69,3,1727,176632,176701,174994
3482,1708,65,3,1710,176701,176766,175058
3481,1708,20,2,1714,176766,176786,175078
3483,1709,93,2,1720,176786,176879,175170
3484,1710,70,1,1729,176879,176949,175239
3486,1711,22,1,1722,176949,176971,175260
3485,1711,94,1,1731,176971,177065,175354
3487,1712,54,2,1719,177065,177119,175407
3489,1713,53,3,1723,177119,177172,175459
3488,1713,10,2,1729,177172,177182,175469
3490,1714,79,3,1716,177182,177261,175547
3491,1714,47,1,1728,177261,177308,175594
3492,1714,43,3,1732,177308,177351,175637
3493,1715,53,1,1716,177351,177404,175689
3494,1716,47,1,1723,177404,177451,175735
3500,1717,96,3,1719,177451,177547,175830
3496,1717,25,1,1726,177547,177572,175855
3498,1717,4,2,1729,177572,177576,175859
3497,1717,57,3,1731,177576,177633,175916
3499,1717,21,2,1734,177633,177654,175937
3495,1717,97,1,1737,177654,177751,176034
3501,1718,54,3,1735,177751,177805,176087
3502,1719,21,3,1735,177805,177826,176107
3504,1720,79,1,1721,177826,177905,176185
3503,1720,7,3,1722,177905,177912,176192
3509,1721,35,3,1724,177912,177947,176226
3513,1721,95,1,1725,177947,178042,176321
3507,1721,38,1,1727,178042,178080,176359
3506,1721,98,2,1727,178080,178178,176457
3510,1721,96,3,1728,178178,178274,176553
3512,1721,94,1,1735,178274,178368,176647
3505,1721,98,1,1735,178368,178466,176745
3508,1721,24,3,1739,178466,178490,176769
3511,1721,57,1,1740,178490,178547,176826
3514,1722,48,1,1735,178547,178595,176873
3516,1723,97,3,1735,178595,178692,176969
3515,1723,64,2,1737,178692,178756,177033
3517,1724,82,1,1742,178756,178838,177114
3518,1725,54,2,1727,178838,178892,177167
3520,1726,24,1,1731,178892,178916,177190
3519,1726,91,1,1736,178916,179007,177281
3521,1727,48,3,1736,179007,179055,177328
3523,1728,56,1,1736,179055,179111,177383
3522,1728,56,3,1739,179111,179167,177439
3525,1729,45,3,1733,179167,179212,177483
3524,1729,75,2,1744,179212,179287,177558
3528,1730,9,2,1735,179287,179296,177566
3529,1730,23,3,1736,179296,179319,177589
3527,1730,91,1,1737,179319,179410,177680
3526,1730,18,2,1741,179410,179428,177698
3530,1731,29,3,1739,179428,179457,177726
3531,1731,89,1,1743,179457,179546,177815
3532,1731,21,2,1750,179546,179567,177836
3533,1732,69,1,1742,179567,179636,177904
3534,1733,35,2,1741,179636,179671,177938
3536,1734,17,1,1744,179671,179688,177954
3537,1734,49,2,1745,179688,179737,178003
3538,1734,71,2,1751,179737,179808,178074
3535,1734,74,2,1753,179808,179882,178148
3541,1735,43,2,1740,179882,179925,178190
3539,1735,44,3,1743,179925,179969,178234
3540,1735,19,2,1746,179969,179988,178253
3542,1736,99,2,1755,179988,180087,178351
3544,1737,39,3,1739,180087,180126,178389
3543,1737,17,1,1742,180126,180143,178406
3547,1738,82,2,1748,180143,180225,178487
3545,1738,100,1,1757,180225,180325,178587
3546,1738,82,1,1758,180325,180407,178669
3548,1739,10,2,1740,180407,180417,178678
3550,1740,98,1,1742,180417,180515,178775
3549,1740,70,2,1744,180515,180585,178845
3551,1741,30,2,1746,180585,180615,178874
3552,1742,49,2,1748,180615,180664,178922
3553,1743,12,1,1750,180664,180676,178933
3554,1743,88,3,1762,180676,180764,179021
3555,1744,90,3,1746,180764,180854,179110
3557,1745,11,1,1755,180854,180865,179120
3556,1745,9,2,1762,180865,180874,179129
3558,1745,38,2,1763,180874,180912,179167
3559,1746,93,1,1764,180912,181005,179259
3560,1747,29,3,1753,181005,181034,179287
3561,1748,36,3,1766,181034,181070,179322
3562,1749,63,2,1754,181070,181133,179384
3563,1750,76,1,1754,181133,181209,179459
3564,1750,30,3,1758,181209,181239,179489
3565,1751,66,2,1752,181239,181305,179554
3566,1751,78,1,1757,181305,181383,179632
3570,1751,29,3,1758,181383,181412,179661
3569,1751,13,3,1760,181412,181425,179674
3568,1751,38,2,1765,181425,181463,179712
3567,1751,55,2,1771,181463,181518,179767
3572,1752,24,2,1754,181518,181542,179790
3571,1752,55,3,1756,181542,181597,179845
3573,1753,77,2,1756,181597,181674,179921
3574,1753,87,3,1766,181674,181761,180008
3575,1754,17,1,1764,181761,181778,180024
3579,1755,48,3,1760,181778,181826,180071
3578,1755,24,2,1761,181826,181850,180095
3576,1755,17,3,1767,181850,181867,180112
3577,1755,35,2,1773,181867,181902,180147
3580,1756,74,1,1769,181902,181976,180220
3582,1757,65,2,1759,181976,182041,180284
3583,1757,60,3,1765,182041,182101,180344
3584,1757,62,2,1766,182101,182163,180406
3581,1757,76,3,1766,182163,182239,180482
3586,1757,41,2,1767,182239,182280,180523
3585,1757,81,3,1772,182280,182361,180604
3587,1758,92,3,1768,182361,182453,180695
3588,1759,72,1,1768,182453,182525,180766
3590,1760,88,1,1761,182525,182613,180853
3589,1760,99,2,1770,182613,182712,180952
3591,1760,62,2,1777,182712,182774,181014
3592,1760,41,1,1779,182774,182815,181055
3594,1761,30,2,1767,182815,182845,181084
3593,1761,36,3,1771,182845,182881,181120
3595,1762,36,3,1774,182881,182917,181155
3597,1763,96,3,1766,182917,183013,181250
3596,1763,100,1,1766,183013,183113,181350
3599,1764,30,1,1775,183113,183143,181379
3598,1764,82,1,1775,183143,183225,181461
3600,1765,10,3,1775,183225,183235,181470
3601,1766,1,3,1768,183235,183236,181470
3604,1766,54,2,1782,183236,183290,181524
3602,1766,10,1,1783,183290,183300,181534
3603,1766,68,1,1783,183300,183368,181602
3607,1767,13,3,1771,183368,183381,181614
3606,1767,6,3,1772,183381,183387,181620
3608,1767,42,1,1786,183387,183429,181662
3605,1767,74,2,1787,183429,183503,181736
3609,1768,59,3,1778,183503,183562,181794
3610,1769,36,3,1783,183562,183598,181829
3611,1770,44,1,1790,183598,183642,181872
3612,1771,51,2,1778,183642,183693,181922
3613,1771,57,1,1778,183693,183750,181979
3614,1771,52,3,1786,183750,183802,182031
3617,1772,94,1,1782,183802,183896,182124
3615,1772,33,3,1787,183896,183929,182157
3616,1772,81,3,1792,183929,184010,182238
3618,1773,93,1,1790,184010,184103,182330
3619,1773,97,3,1791,184103,184200,182427
3620,1774,38,1,1779,184200,184238,182464
3624,1775,62,2,1776,184238,184300,182525
3625,1775,74,1,1777,184300,184374,182599
3623,1775,6,3,1784,184374,184380,182605
3621,1775,65,1,1784,184380,184445,182670
3622,1775,96,2,1794,184445,184541,182766
3627,1776,50,1,1778,184541,184591,182815
3626,1776,9,2,1779,184591,184600,182824
3628,1776,24,3,1780,184600,184624,182848
3629,1776,81,2,1781,184624,184705,182929
3630,1776,45,1,1795,184705,184750,182974
3633,1777,38,3,1778,184750,184788,183011
3631,1777,41,2,1781,184788,184829,183052
3632,1777,11,1,1788,184829,184840,183063
3634,1778,46,3,1798,184840,184886,183108
3635,1779,41,3,1799,184886,184927,183148
3636,1780,63,2,1784,184927,184990,183210
3637,1781,54,2,1786,184990,185044,183263
3640,1782,20,2,1784,185044,185064,183282
3643,1782,54,3,1784,185064,185118,183336
3639,1782,83,3,1785,185118,185201,183419
3642,1782,56,1,1794,185201,185257,183475
3638,1782,43,3,1800,185257,185300,183518
3641,1782,54,2,1800,185300,185354,183572
3644,1783,70,1,1784,185354,185424,183641
3645,1784,73,3,1796,185424,185497,183713
3646,1785,73,2,1799,185497,185570,183785
3647,1786,43,3,1798,185570,185613,183827
3648,1787,49,1,1800,185613,185662,183875
3649,1788,66,1,1790,185662,185728,183940
3652,1788,47,3,1794,185728,185775,183987
3653,1788,74,3,1795,185775,185849,184061
3651,1788,13,2,1805,185849,185862,184074
3650,1788,14,3,1806,185862,185876,184088
3654,1789,53,3,1792,185876,185929,184140
3656,1790,31,3,1802,185929,185960,184170
3655,1790,53,2,1803,185960,186013,184223
3657,1791,49,1,1795,186013,186062,184271
3658,1792,90,3,1794,186062,186152,184360
3659,1793,31,3,1804,186152,186183,184390
3660,1794,5,1,1802,186183,186188,184394
3661,1795,64,1,1803,186188,186252,184457
3663,1796,54,3,1797,186252,186306,184510
3666,1796,53,3,1801,186306,186359,184563
3664,1796,99,3,1803,186359,186458,184662
3662,1796,5,3,1805,186458,186463,184667
3665,1796,17,1,1812,186463,186480,184684
3668,1797,78,1,1805,186480,186558,184761
3667,1797,93,1,1812,186558,186651,184854
3669,1798,11,3,1808,186651,186662,184864
3670,1799,26,3,1812,186662,186688,184889
3671,1799,68,1,1812,186688,186756,184957
3672,1800,89,2,1802,186756,186845,185045
3673,1800,38,1,1811,186845,186883,185083
3675,1801,30,3,1802,186883,186913,185112
3674,1801,7,3,1806,186913,186920,185119
3676,1801,35,1,1820,186920,186955,185154
3678,1802,72,2,1817,186955,187027,185225
3679,1802,79,3,1818,187027,187106,185304
3677,1802,22,2,1822,187106,187128,185326
3682,1803,17,1,1804,187128,187145,185342
3680,1803,61,2,1811,187145,187206,185403
3681,1803,66,3,1818,187206,187272,185469
3684,1804,52,1,1817,187272,187324,185520
3683,1804,85,2,1822,187324,187409,185605
3685,1805,13,3,1818,187409,187422,185617
3686,1805,64,1,1821,187422,187486,185681
3687,1806,32,3,1815,187486,187518,185712
3690,1807,80,1,1816,187518,187598,185791
3688,1807,24,2,1817,187598,187622,185815
3689,1807,13,2,1825,187622,187635,185828
3691,1808,37,2,1810,187635,187672,185864
3692,1809,34,1,1823,187672,187706,185897
3695,1810,25,2,1814,187706,187731,185921
3693,1810,45,3,1818,187731,187776,185966
3694,1810,81,3,1823,187776,187857,186047
3696,1811,81,1,1828,187857,187938,186127
3697,1811,46,3,1829,187938,187984,186173
3700,1812,95,2,1813,187984,188079,186267
3699,1812,49,1,1818,188079,188128,186316
3698,1812,8,1,1820,188128,188136,186324
3703,1813,35,2,1822,188136,188171,186358
3702,1813,34,1,1823,188171,188205,186392
3701,1813,88,2,1824,188205,188293,186480
3704,1814,67,2,1821,188293,188360,186546
3705,1815,54,2,1826,188360,188414,186599
3706,1816,70,1,1835,188414,188484,186668
3708,1817,26,1,1821,188484,188510,186693
3707,1817,14,3,1829,188510,188524,186707
3710,1818,56,3,1825,188524,188580,186762
3709,1818,40,1,1829,188580,188620,186802
3711,1819,90,3,1826,188620,188710,186891
3713,1819,45,2,1835,188710,188755,186936
3712,1819,21,2,1839,188755,188776,186957
3714,1819,93,1,1839,188776,188869,187050
3715,1820,5,2,1825,188869,188874,187054
3716,1821,31,3,1833,188874,188905,187084
3717,1822,42,1,1824,188905,188947,187125
3718,1822,96,3,1831,188947,189043,187221
3719,1823,91,2,1826,189043,189134,187311
3720,1824,66,3,1831,189134,189200,187376
3721,1825,1,3,1832,189200,189201,187376
3722,1826,45,1,1829,189201,189246,187420
3723,1826,75,2,1840,189246,189321,187495
3725,1827,48,1,1829,189321,189369,187542
3724,1827,26,1,1845,189369,189395,187568
3726,1828,11,2,1836,189395,189406,187578
3727,1829,9,1,1841,189406,189415,187586
3728,1830,22,3,1831,189415,189437,187607
3729,1830,69,2,1832,189437,189506,187676
3731,1831,15,1,1837,189506,189521,187690
3734,1831,59,2,1839,189521,189580,187749
3733,1831,20,3,1842,189580,189600,187769
3732,1831,31,1,1843,189600,189631,187800
3730,1831,44,2,1843,189631,189675,187844
3735,1832,38,2,1845,189675,189713,187881
3736,1833,87,1,1851,189713,189800,187967
3738,1834,40,1,1843,189800,189840,188006
3740,1834,3,3,1845,189840,189843,188009
3737,1834,19,3,1853,189843,189862,188028
3739,1834,19,3,1854,189862,189881,188047
3743,1835,23,1,1851,189881,189904,188069
3742,1835,37,2,1851,189904,189941,188106
3741,1835,47,3,1851,189941,189988,188153
3745,1836,62,2,1843,189988,190050,188214
3744,1836,77,1,1852,190050,190127,188291
3746,1837,49,2,1838,190127,190176,188339
3747,1837,29,3,1842,190176,190205,188368
3748,1837,21,2,1843,190205,190226,188389
3749,1838,55,3,1850,190226,190281,188443
3751,1839,55,2,1850,190281,190336,188497
3750,1839,55,1,1851,190336,190391,188552
3752,1840,2,2,1846,190391,190393,188553
3753,1840,27,3,1849,190393,190420,188580
3756,1841,43,2,1853,190420,190463,188622
3757,1841,32,2,1857,190463,190495,188654
3755,1841,70,1,1860,190495,190565,188724
3754,1841,10,3,1861,190565,190575,188734
3759,1842,6,2,1845,190575,190581,188739
3758,1842,36,1,1856,190581,190617,188775
3760,1843,21,1,1845,190617,190638,188795
3761,1843,42,3,1852,190638,190680,188837
3762,1844,62,3,1861,190680,190742,188898
3763,1845,21,2,1854,190742,190763,188918
3764,1846,9,3,1857,190763,190772,188926
3765,1846,87,1,1857,190772,190859,189013
3766,1847,88,2,1848,190859,190947,189100
3768,1847,61,2,1859,190947,191008,189161
3770,1847,14,3,1860,191008,191022,189175
3767,1847,55,3,1861,191022,191077,189230
3769,1847,43,3,1863,191077,191120,189273
3771,1848,47,2,1864,191120,191167,189319
3772,1849,35,2,1868,191167,191202,189353
3773,1850,88,1,1859,191202,191290,189440
3775,1851,87,1,1854,191290,191377,189526
3777,1851,2,1,1857,191377,191379,189528
3778,1851,60,2,1864,191379,191439,189588
3776,1851,41,2,1868,191439,191480,189629
3774,1851,73,2,1870,191480,191553,189702
3780,1852,7,3,1855,191553,191560,189708
3779,1852,19,2,1866,191560,191579,189727
3781,1853,55,2,1860,191579,191634,189781
3782,1854,23,3,1871,191634,191657,189803
3784,1855,60,1,1860,191657,191717,189862
3783,1855,55,1,1861,191717,191772,189917
3785,1855,6,2,1874,191772,191778,189923
3786,1856,31,3,1857,191778,191809,189953
3787,1857,30,3,1861,191809,191839,189982
3788,1857,77,2,1868,191839,191916,190059
3789,1858,71,3,1862,191916,191987,190129
3791,1858,84,3,1863,191987,192071,190213
3790,1858,48,2,1877,192071,192119,190261
3792,1859,81,3,1865,192119,192200,190341
3794,1860,75,1,1876,192200,192275,190415
3793,1860,81,1,1878,192275,192356,190496
3795,1861,14,3,1870,192356,192370,190509
3796,1861,1,1,1880,192370,192371,190510
3798,1862,96,3,1866,192371,192467,190605
3797,1862,5,3,1871,192467,192472,190610
3801,1863,36,3,1867,192472,192508,190645
3800,1863,33,3,1868,192508,192541,190678
3799,1863,98,2,1870,192541,192639,190776
3802,1864,67,2,1883,192639,192706,190842
3803,1865,18,2,1880,192706,192724,190859
3806,1866,65,2,1870,192724,192789,190923
3808,1866,41,1,1877,192789,192830,190964
3805,1866,42,1,1881,192830,192872,191006
3804,1866,5,3,1883,192872,192877,191011
3807,1866,11,3,1883,192877,192888,191022
3809,1867,73,3,1880,192888,192961,191094
3810,1868,89,3,1876,192961,193050,191182
3811,1869,46,2,1871,193050,193096,191227
3815,1869,99,1,1878,193096,193195,191326
3813,1869,86,3,1879,193195,193281,191412
3812,1869,42,2,1883,193281,193323,191454
3814,1869,46,1,1888,193323,193369,191500
3816,1870,76,1,1877,193369,193445,191575
3818,1871,28,1,1879,193445,193473,191602
3817,1871,45,1,1885,193473,193518,191647
3820,1872,27,2,1878,193518,193545,191673
3819,1872,12,2,1882,193545,193557,191685
3821,1873,20,1,1884,193557,193577,191704
3822,1874,68,1,1882,193577,193645,191771
3823,1874,78,3,1888,193645,193723,191849
3824,1874,30,1,1894,193723,193753,191879
3825,1875,51,3,1877,193753,193804,191929
3826,1876,2,3,1877,193804,193806,191930
3827,1876,91,1,1893,193806,193897,192021
3828,1876,72,2,1895,193897,193969,192093
3829,1877,6,1,1888,193969,193975,192098
3830,1877,77,3,1888,193975,194052,192175
3831,1878,55,3,1884,194052,194107,192229
3832,1879,72,2,1886,194107,194179,192300
3834,1879,39,3,1890,194179,194218,192339
3833,1879,19,1,1895,194218,194237,192358
3835,1879,85,1,1896,194237,194322,192443
3836,1880,3,2,1889,194322,194325,192445
3838,1880,37,2,1892,194325,194362,192482
3837,1880,50,1,1896,194362,194412,192532
3839,1881,9,3,1899,194412,194421,192540
3840,1882,55,1,1885,194421,194476,192594
3841,1882,1,3,1894,194476,194477,192595
3842,1883,31,2,1898,194477,194508,192625
3843,1884,50,1,1900,194508,194558,192674
3844,1885,13,2,1897,194558,194571,192686
3845,1886,73,1,1893,194571,194644,192758
3846,1887,21,1,1895,194644,194665,192778
3847,1888,12,2,1908,194665,194677,192789
3848,1889,71,1,1895,194677,194748,192859
3849,1890,32,1,1894,194748,194780,192890
3850,1890,61,1,1901,194780,194841,192951
3851,1891,96,3,1896,194841,194937,193046
3852,1892,62,2,1902,194937,194999,193107
3854,1893,10,2,1902,194999,195009,193116
3853,1893,16,3,1910,195009,195025,193132
3855,1894,72,1,1897,195025,195097,193203
3856,1895,13,3,1903,195097,195110,193215
3857,1895,75,1,1914,195110,195185,193290
3858,1896,29,2,1910,195185,195214,193318
3859,1897,22,3,1902,195214,195236,193339
3861,1898,51,1,1899,195236,195287,193389
3860,1898,75,2,1904,195287,195362,193464
3862,1899,57,2,1900,195362,195419,193520
3863,1900,36,3,1907,195419,195455,193555
3864,1900,75,2,1907,195455,195530,193630
3866,1901,71,2,1903,195530,195601,193700
3865,1901,85,3,1917,195601,195686,193785
3867,1902,54,3,1912,195686,195740,193838
3868,1903,34,2,1908,195740,195774,193871
3869,1904,27,2,1909,195774,195801,193897
3870,1905,10,2,1925,195801,195811,193906
3871,1906,43,1,1908,195811,195854,193948
3873,1906,47,2,1910,195854,195901,193995
3872,1906,68,3,1911,195901,195969,194063
3874,1906,75,2,1915,195969,196044,194138
3875,1907,13,1,1925,196044,196057,194150
3876,1908,88,1,1920,196057,196145,194237
3877,1909,82,1,1927,196145,196227,194318
3878,1909,33,3,1928,196227,196260,194351
3880,1910,39,2,1914,196260,196299,194389
3879,1910,58,2,1928,196299,196357,194447
3881,1911,65,2,1929,196357,196422,194511
3883,1912,100,1,1922,196422,196522,194610
3882,1912,14,1,1932,196522,196536,194624
3884,1913,4,1,1924,196536,196540,194627
3886,1914,24,2,1929,196540,196564,194650
3885,1914,9,2,1931,196564,196573,194659
3887,1915,32,3,1927,196573,196605,194690
3888,1916,73,3,1917,196605,196678,194762
3889,1917,18,1,1924,196678,196696,194779
3890,1918,40,3,1925,196696,196736,194818
3893,1919,58,3,1921,196736,196794,194875
3891,1919,27,1,1929,196794,196821,194902
3894,1919,54,2,1931,196821,196875,194956
3892,1919,12,3,1939,196875,196887,194968
3896,1920,34,1,1922,196887,196921,195001
3895,1920,39,2,1934,196921,196960,195040
3897,1921,13,1,1924,196960,196973,195052
3898,1922,39,3,1923,196973,197012,195090
3899,1923,52,2,1936,197012,197064,195141
3900,1924,87,3,1934,197064,197151,195227
3901,1925,43,1,1928,197151,197194,195269
3902,1925,4,1,1934,197194,197198,195273
3904,1925,10,2,1940,197198,197208,195283
3903,1925,50,3,1943,197208,197258,195333
3905,1926,92,2,1937,197258,197350,195424
3907,1927,73,3,1929,197350,197423,195496
3906,1927,34,3,1931,197423,197457,195530
3910,1927,74,3,1934,197457,197531,195604
3911,1927,9,3,1936,197531,197540,195613
3909,1927,63,1,1936,197540,197603,195676
3908,1927,14,2,1938,197603,197617,195690
3912,1927,82,3,1946,197617,197699,195772
3914,1928,82,3,1932,197699,197781,195853
3915,1928,15,3,1933,197781,197796,195868
3913,1928,38,2,1935,197796,197834,195906
3917,1929,18,3,1932,197834,197852,195923
3916,1929,64,3,1946,197852,197916,195987
3918,1930,47,3,1934,197916,197963,196033
3919,1930,84,2,1942,197963,198047,196117
3920,1931,1,3,1936,198047,198048,196117
3921,1931,75,2,1937,198048,198123,196192
3922,1932,30,3,1944,198123,198153,196221
3926,1933,3,2,1934,198153,198156,196223
3925,1933,84,3,1946,198156,198240,196307
3923,1933,86,1,1949,198240,198326,196393
3924,1933,42,3,1953,198326,198368,196435
3927,1934,51,3,1935,198368,198419,196485
3928,1934,75,2,1938,198419,198494,196560
3929,1935,66,3,1936,198494,198560,196625
3931,1936,100,3,1938,198560,198660,196724
3930,1936,33,2,1953,198660,198693,196757
3932,1937,32,1,1947,198693,198725,196788
3933,1938,58,1,1944,198725,198783,196845
3940,1939,3,1,1941,198783,198786,196847
3939,1939,61,1,1943,198786,198847,196908
3935,1939,31,3,1945,198847,198878,196939
3941,1939,98,1,1948,198878,198976,197037
3937,1939,41,3,1952,198976,199017,197078
3936,1939,76,2,1952,199017,199093,197154
3934,1939,85,3,1954,199093,199178,197239
3938,1939,95,1,1955,199178,199273,197334
3942,1940,92,3,1944,199273,199365,197425
3943,1941,65,3,1952,199365,199430,197489
3945,1941,78,2,1952,199430,199508,197567
3944,1941,1,2,1954,199508,199509,197568
3946,1942,29,2,1943,199509,199538,197596
3949,1942,72,1,1953,199538,199610,197668
3947,1942,87,3,1959,199610,199697,197755
3948,1942,95,1,1962,199697,199792,197850
3950,1943,80,3,1949,199792,199872,197929
3951,1944,37,1,1951,199872,199909,197965
3952,1944,60,1,1962,199909,199969,198025
3953,1945,63,2,1963,199969,200032,198087
3954,1946,99,3,1958,200032,200131,198185
3956,1947,87,1,1956,200131,200218,198271
3955,1947,36,3,1966,200218,200254,198307
3957,1948,49,2,1956,200254,200303,198355
3959,1948,59,3,1967,200303,200362,198414
3958,1948,63,1,1967,200362,200425,198477
3960,1949,4,2,1967,200425,200429,198480
3961,1950,17,1,1953,200429,200446,198496
3962,1950,90,2,1956,200446,200536,198586
3963,1950,5,1,1957,200536,200541,198591
3964,1951,97,1,1963,200541,200638,198687
3966,1952,27,2,1961,200638,200665,198713
3965,1952,10,3,1968,200665,200675,198723
3967,1952,94,1,1968,200675,200769,198817
3968,1953,22,1,1973,200769,200791,198838
3969,1954,56,2,1960,200791,200847,198893
3970,1954,30,3,1973,200847,200877,198923
3971,1954,2,2,1974,200877,200879,198925
3975,1955,56,2,1956,200879,200935,198980
3972,1955,72,3,1958,200935,201007,199052
3979,1955,77,2,1961,201007,201084,199129
3973,1955,97,1,1962,201084,201181,199226
3976,1955,47,3,1964,201181,201228,199273
3977,1955,98,1,1965,201228,201326,199371
3978,1955,5,1,1970,201326,201331,199376
3974,1955,51,3,1971,201331,201382,199427
3980,1956,54,3,1960,201382,201436,199480
3981,1957,99,3,1960,201436,201535,199578
3983,1958,100,2,1975,201535,201635,199677
3982,1958,92,2,1978,201635,201727,199769
3984,1959,24,3,1969,201727,201751,199792
3986,1959,90,3,1970,201751,201841,199882
3985,1959,3,3,1972,201841,201844,199885
3987,1959,41,3,1974,201844,201885,199926
3988,1960,47,3,1969,201885,201932,199972
3989,1961,96,2,1971,201932,202028,200067
3990,1962,13,1,1968,202028,202041,200079
3991,1962,85,2,1970,202041,202126,200164
3994,1963,63,3,1965,202126,202189,200226
3999,1963,5,3,1966,202189,202194,200231
3998,1963,80,3,1970,202194,202274,200311
3993,1963,65,3,1971,202274,202339,200376
3996,1963,31,2,1974,202339,202370,200407
3995,1963,16,3,1976,202370,202386,200423
3992,1963,63,3,1978,202386,202449,200486
3997,1963,1,2,1979,202449,202450,200487
4000,1964,30,3,1967,202450,202480,200516
4002,1964,34,1,1968,202480,202514,200550
4004,1964,70,3,1969,202514,202584,200620
4007,1964,59,3,1973,202584,202643,200679
4003,1964,6,2,1975,202643,202649,200685
4005,1964,94,2,1976,202649,202743,200779
4006,1964,70,3,1978,202743,202813,200849
4001,1964,69,1,1981,202813,202882,200918
4008,1965,73,1,1976,202882,202955,200990
4009,1965,82,2,1978,202955,203037,201072
4011,1966,71,2,1984,203037,203108,201142
4010,1966,38,1,1986,203108,203146,201180
4012,1967,69,2,1975,203146,203215,201248
4013,1968,26,3,1976,203215,203241,201273
4014,1969,15,2,1980,203241,203256,201287
4015,1969,36,2,1985,203256,203292,201323
4016,1970,10,2,1980,203292,203302,201332
4018,1971,86,2,1984,203302,203388,201417
4017,1971,97,3,1986,203388,203485,201514
4019,1972,76,3,1989,203485,203561,201589
4021,1973,79,2,1976,203561,203640,201667
4020,1973,26,1,1991,203640,203666,201693
4022,1974,87,3,1976,203666,203753,201779
4023,1974,68,2,1980,203753,203821,201847
4024,1974,95,1,1984,203821,203916,201942
4025,1975,38,2,1978,203916,203954,201979
4026,1976,82,2,1988,203954,204036,202060
4028,1977,46,2,1989,204036,204082,202105
4027,1977,81,2,1991,204082,204163,202186
4030,1978,47,3,1989,204163,204210,202232
4029,1978,90,2,1991,204210,204300,202322
4031,1979,84,1,1991,204300,204384,202405
4032,1979,54,3,1999,204384,204438,202459
4033,1980,26,1,1983,204438,204464,202484
4035,1981,8,1,1997,204464,204472,202491
4034,1981,86,3,1998,204472,204558,202577
4036,1982,76,1,1986,204558,204634,202652
4037,1982,11,3,1990,204634,204645,202663
4039,1983,13,2,1987,204645,204658,202675
4038,1983,87,1,1988,204658,204745,202762
4040,1984,94,1,1995,204745,204839,202855
4041,1985,57,3,1998,204839,204896,202911
4042,1986,48,1,1999,204896,204944,202958
4043,1987,59,3,1989,204944,205003,203016
4046,1988,76,2,1990,205003,205079,203091
4047,1988,87,1,2002,205079,205166,203178
4045,1988,95,2,2004,205166,205261,203273
4044,1988,84,2,2005,205261,205345,203357
4048,1989,28,3,1990,205345,205373,203384
4049,1990,84,2,1994,205373,205457,203467
4050,1990,63,3,2009,205457,205520,203530
4051,1991,33,3,2006,205520,205553,203562
4052,1991,47,3,2009,205553,205600,203609
4053,1992,81,2,1996,205600,205681,203689
4054,1992,84,1,2001,205681,205765,203773
4056,1992,25,2,2005,205765,205790,203798
4055,1992,18,3,2011,205790,205808,203816
4057,1993,7,1,1995,205808,205815,203822
4058,1994,61,1,2008,205815,205876,203882
4061,1995,18,2,1997,205876,205894,203899
4060,1995,93,3,1997,205894,205987,203992
4059,1995,52,2,1998,205987,206039,204044
4062,1995,5,2,2012,206039,206044,204049
4065,1996,19,1,1997,206044,206063,204067
4071,1996,41,3,2000,206063,206104,204108
4069,1996,35,2,2001,206104,206139,204143
4068,1996,76,1,2001,206139,206215,204219
4063,1996,64,1,2008,206215,206279,204283
4064,1996,90,3,2011,206279,206369,204373
4066,1996,10,3,2012,206369,206379,204383
4067,1996,28,2,2012,206379,206407,204411
4070,1996,45,1,2012,206407,206452,204456
4072,1996,46,3,2014,206452,206498,204502
4073,1997,33,3,1998,206498,206531,204534
4074,1997,71,1,1998,206531,206602,204605
4075,1997,30,2,2001,206602,206632,204635
4076,1997,60,3,2011,206632,206692,204695
4077,1998,71,1,2001,206692,206763,204765
4078,1998,79,1,2002,206763,206842,204844
4079,1999,58,1,2009,206842,206900,204901
4080,2000,27,3,2002,206900,206927,204927
4082,2001,97,1,2009,206927,207024,205023
4081,2001,28,3,2010,207024,207052,205051
4083,2002,42,3,2003,207052,207094,205092
4085,2003,27,2,2010,207094,207121,205118
4084,2003,19,2,2011,207121,207140,205137
4086,2003,55,3,2012,207140,207195,205192
4089,2004,86,1,2005,207195,207281,205277
4088,2004,15,1,2012,207281,207296,205292
4087,2004,44,1,2016,207296,207340,205336
4090,2005,9,2,2012,207340,207349,205344
4092,2005,93,1,2015,207349,207442,205437
4093,2005,42,1,2018,207442,207484,205479
4094,2005,60,1,2020,207484,207544,205539
4091,2005,90,1,2024,207544,207634,205629
4096,2006,76,2,2014,207634,207710,205704
4095,2006,95,1,2017,207710,207805,205799
4097,2006,84,2,2018,207805,207889,205883
4098,2007,85,3,2027,207889,207974,205967
4099,2008,84,1,2027,207974,208058,206050
4101,2009,1,2,2010,208058,208059,206050
4100,2009,84,1,2011,208059,208143,206134
4103,2010,56,1,2018,208143,208199,206189
4102,2010,90,1,2020,208199,208289,206279
4104,2011,70,3,2023,208289,208359,206348
4105,2012,12,3,2032,208359,208371,206359
4106,2013,2,3,2029,208371,208373,206360
4107,2014,66,2,2023,208373,208439,206425
4108,2015,42,1,2024,208439,208481,206466
4113,2016,92,1,2017,208481,208573,206557
4112,2016,80,2,2018,208573,208653,206637
4111,2016,15,1,2021,208653,208668,206652
4114,2016,14,1,2023,208668,208682,206666
4110,2016,52,3,2025,208682,208734,206718
4109,2016,91,2,2027,208734,208825,206809
4115,2017,86,2,2030,208825,208911,206894
4116,2018,98,2,2021,208911,209009,206991
4117,2018,61,2,2031,209009,209070,207052
4118,2019,94,1,2037,209070,209164,207145
4119,2020,30,3,2038,209164,209194,207174
4120,2021,64,2,2030,209194,209258,207237
4121,2021,89,2,2038,209258,209347,207326
4125,2022,26,1,2032,209347,209373,207351
4122,2022,34,3,2032,209373,209407,207385
4124,2022,100,3,2032,209407,209507,207485
4123,2022,57,3,2033,209507,209564,207542
4126,2023,39,1,2032,209564,209603,207580
4127,2023,65,1,2043,209603,209668,207645
4129,2024,71,2,2033,209668,209739,207715
4128,2024,7,2,2042,209739,209746,207722
4130,2025,49,3,2044,209746,209795,207770
4133,2026,18,3,2030,209795,209813,207787
4131,2026,39,3,2036,209813,209852,207826
4132,2026,85,3,2036,209852,209937,207911
4134,2027,26,1,2040,209937,209963,207936
4135,2027,89,3,2043,209963,210052,208025
4136,2028,10,2,2034,210052,210062,208034
4139,2029,55,3,2031,210062,210117,208088
4141,2029,83,1,2031,210117,210200,208171
4140,2029,46,3,2033,210200,210246,208217
4138,2029,48,2,2036,210246,210294,208265
4137,2029,45,2,2042,210294,210339,208310
4142,2030,81,2,2050,210339,210420,208390
4143,2031,44,1,2043,210420,210464,208433
4144,2032,25,1,2041,210464,210489,208457
4145,2033,33,2,2042,210489,210522,208489
4146,2034,49,3,2036,210522,210571,208537
4147,2035,49,1,2043,210571,210620,208585
4149,2036,91,2,2041,210620,210711,208675
4148,2036,61,3,2046,210711,210772,208736
4150,2037,18,2,2054,210772,210790,208753
4151,2038,65,3,2058,210790,210855,208817
4152,2039,93,1,2042,210855,210948,208909
4153,2040,87,3,2052,210948,211035,208995
4154,2040,45,1,2059,211035,211080,209040
4157,2041,40,3,2042,211080,211120,209079
4156,2041,39,1,2048,211120,211159,209118
4155,2041,23,1,2060,211159,211182,209141
4159,2042,48,3,2059,211182,211230,209188
4158,2042,4,1,2062,211230,211234,209192
4160,2043,62,2,2044,211234,211296,209253
4161,2044,12,3,2059,211296,211308,209264
4163,2045,35,3,2048,211308,211343,209298
4162,2045,45,3,2059,211343,211388,209343
4164,2046,1,1,2054,211388,211389,209343
4165,2046,82,2,2060,211389,211471,209425
4166,2047,90,3,2062,211471,211561,209514
4169,2048,90,1,2049,211561,211651,209603
4168,2048,71,2,2057,211651,211722,209674
4167,2048,92,2,2059,211722,211814,209766
4170,2049,88,3,2060,211814,211902,209853
4171,2050,72,2,2053,211902,211974,209924
4173,2050,98,1,2065,211974,212072,210022
4172,2050,15,1,2066,212072,212087,210037
4174,2050,70,3,2070,212087,212157,210107
4175,2051,25,3,2066,212157,212182,210131
4176,2051,65,3,2066,212182,212247,210196
4177,2052,83,2,2068,212247,212330,210278
4178,2053,34,2,2063,212330,212364,210311
4179,2054,29,2,2072,212364,212393,210339
4180,2055,32,2,2068,212393,212425,210370
4182,2055,58,2,2073,212425,212483,210428
4181,2055,1,3,2075,212483,212484,210429
4183,2056,63,3,2058,212484,212547,210491
4184,2056,64,1,2061,212547,212611,210555
4186,2056,75,3,2063,212611,212686,210630
4187,2056,96,3,2070,212686,212782,210726
4185,2056,49,1,2072,212782,212831,210775
4188,2056,70,3,2073,212831,212901,210845
4190,2057,8,3,2064,212901,212909,210852
4191,2057,52,2,2064,212909,212961,210904
4189,2057,6,3,2067,212961,212967,210910
4192,2058,18,3,2059,212967,212985,210927
4193,2059,68,3,2074,212985,213053,210994
4194,2060,96,1,2065,213053,213149,211089
4195,2060,1,1,2071,213149,213150,211090
4197,2061,38,1,2062,213150,213188,211127
4196,2061,69,1,2070,213188,213257,211196
4198,2062,69,3,2069,213257,213326,211264
4199,2063,98,1,2064,213326,213424,211361
4200,2063,57,1,2075,213424,213481,211418
4201,2063,76,1,2075,213481,213557,211494
4202,2064,89,1,2081,213557,213646,211582
4203,2065,39,2,2067,213646,213685,211620
4204,2065,35,2,2083,213685,213720,211655
4205,2066,69,1,2072,213720,213789,211723
4207,2067,68,1,2076,213789,213857,211790
4206,2067,38,3,2079,213857,213895,211828
4208,2068,63,3,2082,213895,213958,211890
4209,2069,13,3,2087,213958,213971,211902
4210,2070,11,1,2083,213971,213982,211912
4211,2071,17,1,2089,213982,213999,211928
4212,2072,74,2,2075,213999,214073,212001
4213,2073,40,3,2075,214073,214113,212040
4214,2074,49,1,2092,214113,214162,212088
4215,2075,59,2,2093,214162,214221,212146
4216,2076,54,2,2085,214221,214275,212199
4217,2077,11,1,2096,214275,214286,212209
4218,2078,89,2,2089,214286,214375,212297
4219,2079,6,2,2096,214375,214381,212302
4221,2080,16,2,2081,214381,214397,212317
4220,2080,92,3,2084,214397,214489,212409
4223,2081,25,2,2085,214489,214514,212433
4222,2081,8,3,2086,214514,214522,212441
4224,2081,90,3,2089,214522,214612,212531
4227,2082,1,2,2083,214612,214613,212531
4226,2082,31,2,2083,214613,214644,212562
4228,2082,14,3,2084,214644,214658,212576
4225,2082,32,1,2084,214658,214690,212608
4229,2082,86,3,2099,214690,214776,212694
4230,2083,54,2,2084,214776,214830,212747
4231,2084,14,3,2097,214830,214844,212760
4235,2085,57,1,2088,214844,214901,212816
4232,2085,10,2,2089,214901,214911,212826
4236,2085,91,3,2098,214911,215002,212917
4233,2085,78,1,2100,215002,215080,212995
4234,2085,96,2,2103,215080,215176,213091
4237,2086,57,1,2094,215176,215233,213147
4239,2086,60,2,2098,215233,215293,213207
4238,2086,38,1,2099,215293,215331,213245
4240,2086,14,2,2102,215331,215345,213259
4241,2087,11,2,2094,215345,215356,213269
4242,2088,40,1,2091,215356,215396,213308
4243,2089,77,3,2094,215396,215473,213384
4244,2090,84,3,2099,215473,215557,213467
4245,2091,78,2,2111,215557,215635,213544
4246,2092,28,1,2094,215635,215663,213571
4247,2092,74,3,2099,215663,215737,213645
4248,2093,44,2,2098,215737,215781,213688
4249,2094,17,2,2103,215781,215798,213704
4251,2094,12,2,2106,215798,215810,213716
4250,2094,62,1,2112,215810,215872,213778
4252,2095,37,1,2109,215872,215909,213814
4253,2096,29,3,2098,215909,215938,213842
4254,2097,43,3,2106,215938,215981,213884
4255,2097,97,2,2107,215981,216078,213981
4256,2097,26,3,2110,216078,216104,214007
4258,2098,86,2,2106,216104,216190,214092
4257,2098,23,2,2109,216190,216213,214115
4259,2098,56,2,2118,216213,216269,214171
4260,2098,96,2,2118,216269,216365,214267
4261,2099,35,3,2117,216365,216400,214301
4262,2100,84,3,2107,216400,216484,214384
4263,2100,47,3,2111,216484,216531,214431
4265,2101,8,3,2108,216531,216539,214438
4264,2101,77,1,2116,216539,216616,214515
4267,2102,4,2,2104,216616,216620,214518
4266,2102,84,3,2116,216620,216704,214602
4268,2103,51,2,2113,216704,216755,214652
4269,2104,58,2,2114,216755,216813,214709
4270,2105,10,1,2107,216813,216823,214718
4273,2106,46,2,2107,216823,216869,214763
4271,2106,19,1,2122,216869,216888,214782
4272,2106,34,3,2123,216888,216922,214816
4276,2107,78,2,2110,216922,217000,214893
4277,2107,96,1,2114,217000,217096,214989
4275,2107,53,3,2117,217096,217149,215042
4274,2107,97,2,2125,217149,217246,215139
4280,2108,98,1,2110,217246,217344,215236
4279,2108,82,2,2114,217344,217426,215318
4278,2108,43,2,2116,217426,217469,215361
4281,2109,13,1,2110,217469,217482,215373
4282,2110,72,1,2116,217482,217554,215444
4283,2111,72,3,2131,217554,217626,215515
4285,2112,19,2,2114,217626,217645,215533
4284,2112,8,2,2121,217645,217653,215541
4287,2113,25,3,2114,217653,217678,215565
4286,2113,85,2,2123,217678,217763,215650
4290,2114,99,1,2118,217763,217862,215748
4289,2114,82,3,2123,217862,217944,215830
4288,2114,8,1,2132,217944,217952,215838
4291,2115,5,1,2122,217952,217957,215842
4292,2115,47,3,2126,217957,218004,215889
4293,2116,76,1,2128,218004,218080,215964
4294,2117,14,3,2123,218080,218094,215977
4295,2118,15,1,2128,218094,218109,215991
4296,2119,9,2,2123,218109,218118,215999
4297,2119,60,1,2129,218118,218178,216059
4298,2120,25,1,2124,218178,218203,216083
4300,2120,10,2,2128,218203,218213,216093
4299,2120,39,3,2140,218213,218252,216132
4301,2121,98,3,2136,218252,218350,216229
4302,2122,78,3,2130,218350,218428,216306
4303,2123,11,2,2138,218428,218439,216316
4304,2124,3,1,2142,218439,218442,216318
4305,2125,54,2,2131,218442,218496,216371
4306,2126,75,1,2141,218496,218571,216445
4308,2127,47,2,2130,218571,218618,216491
4307,2127,29,3,2138,218618,218647,216520
4309,2128,93,1,2146,218647,218740,216612
4314,2129,26,2,2142,218740,218766,216637
4311,2129,34,1,2144,218766,218800,216671
4313,2129,89,1,2146,218800,218889,216760
4310,2129,73,1,2148,218889,218962,216833
4312,2129,40,2,2149,218962,219002,216873
4316,2130,48,1,2137,219002,219050,216920
4315,2130,12,2,2145,219050,219062,216932
4318,2131,100,3,2133,219062,219162,217031
4317,2131,1,3,2138,219162,219163,217032
4319,2131,80,1,2150,219163,219243,217112
4321,2132,19,3,2134,219243,219262,217130
4320,2132,13,2,2137,219262,219275,217143
4322,2132,73,2,2139,219275,219348,217216
4323,2133,36,3,2143,219348,219384,217251
4324,2133,15,1,2144,219384,219399,217266
4326,2134,7,2,2145,219399,219406,217272
4325,2134,53,2,2147,219406,219459,217325
4328,2135,81,1,2137,219459,219540,217405
4327,2135,23,3,2138,219540,219563,217428
4329,2136,39,3,2154,219563,219602,217466
4330,2137,75,2,2141,219602,219677,217540
4332,2138,58,3,2146,219677,219735,217597
4331,2138,2,2,2155,219735,219737,217599
4333,2139,13,1,2143,219737,219750,217611
4334,2139,32,1,2159,219750,219782,217643
4335,2140,55,1,2144,219782,219837,217697
4336,2140,23,1,2148,219837,219860,217720
4337,2141,86,3,2142,219860,219946,217805
4338,2142,44,3,2160,219946,219990,217848
4342,2143,7,1,2145,219990,219997,217854
4341,2143,32,2,2146,219997,220029,217886
4339,2143,63,2,2148,220029,220092,217949
4340,2143,35,3,2159,220092,220127,217984
4346,2144,34,1,2146,220127,220161,218017
4349,2144,23,2,2147,220161,220184,218040
4347,2144,34,3,2151,220184,220218,218074
4343,2144,19,2,2153,220218,220237,218093
4345,2144,54,1,2153,220237,220291,218147
4348,2144,34,2,2160,220291,220325,218181
4344,2144,79,2,2161,220325,220404,218260
4350,2145,23,3,2154,220404,220427,218282
4351,2146,64,2,2156,220427,220491,218345
4353,2147,35,3,2156,220491,220526,218379
4354,2147,99,3,2157,220526,220625,218478
4352,2147,33,1,2159,220625,220658,218511
4355,2148,23,3,2158,220658,220681,218533
4356,2148,10,1,2164,220681,220691,218543
4357,2149,33,3,2154,220691,220724,218575
4359,2150,8,2,2156,220724,220732,218582
4358,2150,76,1,2162,220732,220808,218658
4360,2151,93,1,2168,220808,220901,218750
4361,2152,49,3,2157,220901,220950,218798
4362,2153,2,1,2159,220950,220952,218799
4364,2154,80,1,2159,220952,221032,218878
4363,2154,16,1,2163,221032,221048,218894
4365,2155,71,3,2160,221048,221119,218964
4366,2156,38,2,2163,221119,221157,219001
4367,2156,36,3,2164,221157,221193,219037
4368,2157,39,1,2172,221193,221232,219075
4369,2158,37,1,2163,221232,221269,219111
4371,2159,40,2,2178,221269,221309,219150
4370,2159,83,1,2179,221309,221392,219233
4372,2160,90,2,2171,221392,221482,219322
4373,2161,52,3,2162,221482,221534,219373
4376,2161,97,1,2172,221534,221631,219470
4374,2161,84,3,2177,221631,221715,219554
4375,2161,83,3,2178,221715,221798,219637
4379,2162,77,1,2166,221798,221875,219713
4378,2162,40,1,2169,221875,221915,219753
4377,2162,22,1,2175,221915,221937,219775
4381,2163,97,2,2169,221937,222034,219871
4380,2163,48,1,2171,222034,222082,219919
4382,2164,69,2,2179,222082,222151,219987
4383,2165,5,1,2175,222151,222156,219991
4386,2166,71,1,2170,222156,222227,220061
4384,2166,80,1,2176,222227,222307,220141
4385,2166,35,2,2186,222307,222342,220176
4387,2167,40,2,2175,222342,222382,220215
4388,2168,67,1,2177,222382,222449,220281
4389,2168,2,3,2186,222449,222451,220283
4390,2169,8,1,2174,222451,222459,220290
4391,2169,94,2,2183,222459,222553,220384
4392,2170,28,3,2190,222553,222581,220411
4394,2171,4,2,2182,222581,222585,220414
4393,2171,96,2,2191,222585,222681,220510
4395,2172,24,1,2175,222681,222705,220533
4396,2173,89,3,2176,222705,222794,220621
4397,2174,10,2,2185,222794,222804,220630
4398,2175,16,3,2194,222804,222820,220645
4399,2176,11,3,2178,222820,222831,220655
4400,2176,76,2,2181,222831,222907,220731
4401,2177,43,3,2190,222907,222950,220773
4403,2178,11,2,2190,222950,222961,220783
4402,2178,11,2,2195,222961,222972,220794
4407,2179,73,1,2182,222972,223045,220866
4406,2179,33,2,2187,223045,223078,220899
4405,2179,23,1,2197,223078,223101,220922
4404,2179,35,2,2199,223101,223136,220957
4408,2180,60,1,2181,223136,223196,221016
4409,2180,95,3,2181,223196,223291,221111
4410,2180,62,1,2190,223291,223353,221173
4411,2181,40,1,2183,223353,223393,221212
4412,2182,47,1,2192,223393,223440,221258
4413,2183,46,2,2186,223440,223486,221303
4415,2184,37,2,2196,223486,223523,221339
4414,2184,6,1,2202,223523,223529,221345
4416,2185,60,1,2197,223529,223589,221404
4417,2186,7,2,2192,223589,223596,221410
4418,2187,74,2,2198,223596,223670,221483
4419,2188,27,3,2194,223670,223697,221509
4420,2189,86,2,2202,223697,223783,221594
4421,2190,76,3,2199,223783,223859,221669
4423,2191,90,1,2195,223859,223949,221758
4422,2191,2,3,2202,223949,223951,221760
4424,2192,6,3,2195,223951,223957,221765
4425,2192,73,3,2211,223957,224030,221838
4426,2193,4,2,2196,224030,224034,221841
4427,2193,55,1,2201,224034,224089,221896
4428,2194,30,3,2195,224089,224119,221925
4429,2194,17,1,2202,224119,224136,221942
4430,2194,48,2,2210,224136,224184,221990
4431,2195,88,1,2204,224184,224272,222077
4432,2196,97,3,2216,224272,224369,222173
4433,2197,25,3,2202,224369,224394,222197
4435,2198,91,1,2208,224394,224485,222287
4434,2198,12,1,2210,224485,224497,222299
4436,2199,47,3,2204,224497,224544,222345
4437,2200,77,1,2204,224544,224621,222421
4438,2201,6,2,2215,224621,224627,222426
4439,2201,25,1,2217,224627,224652,222451
4440,2202,87,1,2205,224652,224739,222537
4441,2203,15,2,2214,224739,224754,222551
4442,2204,4,2,2222,224754,224758,222554
4445,2205,40,2,2213,224758,224798,222593
4447,2205,63,3,2214,224798,224861,222656
4444,2205,30,2,2215,224861,224891,222686
4443,2205,11,3,2218,224891,224902,222697
4446,2205,77,1,2218,224902,224979,222774
4448,2206,62,3,2218,224979,225041,222835
4449,2207,57,1,2216,225041,225098,222891
4450,2208,60,3,2216,225098,225158,222950
4451,2209,20,1,2210,225158,225178,222969
4452,2210,22,1,2222,225178,225200,222990
4453,2211,30,1,2214,225200,225230,223019
4454,2212,94,1,2223,225230,225324,223112
4455,2212,85,2,2226,225324,225409,223197
4456,2212,14,1,2231,225409,225423,223211
4457,2213,31,3,2232,225423,225454,223241
4458,2214,82,2,2215,225454,225536,223322
4459,2215,18,2,2227,225536,225554,223339
4460,2216,6,2,2226,225554,225560,223344
4462,2216,61,1,2228,225560,225621,223405
4461,2216,51,1,2233,225621,225672,223456
4463,2217,60,1,2227,225672,225732,223515
4464,2218,2,2,2227,225732,225734,223516
4466,2219,72,1,2225,225734,225806,223587
4465,2219,85,3,2226,225806,225891,223672
4467,2220,14,1,2229,225891,225905,223685
4468,2221,74,3,2231,225905,225979,223758
4469,2222,75,3,2238,225979,226054,223832
4470,2223,40,2,2229,226054,226094,223871
4471,2224,75,2,2242,226094,226169,223945
4473,2225,48,1,2235,226169,226217,223992
4472,2225,83,3,2235,226217,226300,224075
4474,2226,14,2,2246,226300,226314,224088
4475,2227,92,2,2229,226314,226406,224179
4476,2228,49,1,2230,226406,226455,224227
4477,2229,79,2,2245,226455,226534,224305
4478,2230,13,3,2235,226534,226547,224317
4481,2230,6,2,2244,226547,226553,224323
4479,2230,34,2,2244,226553,226587,224357
4480,2230,58,2,2247,226587,226645,224415
4482,2231,91,3,2239,226645,226736,224505
4483,2232,70,1,2234,226736,226806,224574
4484,2233,55,3,2248,226806,226861,224628
4485,2234,48,3,2248,226861,226909,224675
4487,2235,2,1,2240,226909,226911,224676
4486,2235,50,2,2252,226911,226961,224726
4489,2236,71,3,2251,226961,227032,224796
4488,2236,78,3,2252,227032,227110,224874
4490,2237,59,3,2251,227110,227169,224932
4491,2238,90,2,2244,227169,227259,225021
4494,2239,40,1,2249,227259,227299,225060
4493,2239,53,3,2256,227299,227352,225113
4492,2239,27,3,2259,227352,227379,225140
4495,2240,10,3,2249,227379,227389,225149
4496,2240,64,3,2251,227389,227453,225213
4499,2241,68,1,2242,227453,227521,225280
4498,2241,73,1,2242,227521,227594,225353
4497,2241,6,1,2243,227594,227600,225359
4501,2242,63,2,2249,227600,227663,225421
4500,2242,42,3,2256,227663,227705,225463
4502,2242,90,1,2259,227705,227795,225553
4508,2243,59,3,2246,227795,227854,225611
4509,2243,26,3,2252,227854,227880,225637
4506,2243,86,3,2259,227880,227966,225723
4505,2243,41,3,2260,227966,228007,225764
4507,2243,16,2,2261,228007,228023,225780
4503,2243,48,1,2261,228023,228071,225828
4504,2243,96,2,2263,228071,228167,225924
4512,2244,30,2,2246,228167,228197,225953
4510,2244,10,3,2252,228197,228207,225963
4511,2244,69,2,2259,228207,228276,226032
4513,2245,33,1,2246,228276,228309,226064
4514,2246,27,3,2247,228309,228336,226090
4515,2247,39,2,2263,228336,228375,226128
4516,2248,89,2,2267,228375,228464,226216
4517,2249,80,3,2262,228464,228544,226295
4518,2250,89,3,2264,228544,228633,226383
4519,2251,15,1,2257,228633,228648,226397
4521,2252,96,2,2253,228648,228744,226492
4520,2252,65,3,2257,228744,228809,226557
4523,2253,32,2,2267,228809,228841,226588
4524,2253,60,2,2268,228841,228901,226648
4522,2253,8,2,2270,228901,228909,226656
4526,2254,84,1,2257,228909,228993,226739
4525,2254,10,1,2260,228993,229003,226749
4527,2255,26,1,2256,229003,229029,226774
4530,2255,90,2,2259,229029,229119,226864
4529,2255,53,3,2261,229119,229172,226917
4528,2255,24,1,2271,229172,229196,226941
4531,2256,64,3,2274,229196,229260,227004
4532,2257,44,1,2258,229260,229304,227047
4533,2258,43,1,2264,229304,229347,227089
4534,2259,65,2,2262,229347,229412,227153
4535,2260,9,1,2268,229412,229421,227161
4536,2261,41,3,2276,229421,229462,227201
4538,2261,42,2,2276,229462,229504,227243
4537,2261,62,1,2280,229504,229566,227305
4539,2262,53,1,2264,229566,229619,227357
4541,2262,86,2,2265,229619,229705,227443
4548,2262,93,1,2267,229705,229798,227536
4546,2262,98,3,2268,229798,229896,227634
4545,2262,75,1,2275,229896,229971,227709
4544,2262,43,1,2276,229971,230014,227752
4547,2262,70,3,2279,230014,230084,227822
4542,2262,8,1,2281,230084,230092,227830
4540,2262,49,2,2281,230092,230141,227879
4543,2262,65,2,2281,230141,230206,227944
4550,2263,73,2,2269,230206,230279,228016
4549,2263,19,2,2276,230279,230298,228035
4551,2263,46,3,2276,230298,230344,228081
4552,2264,44,3,2271,230344,230388,228124
4553,2264,96,1,2273,230388,230484,228220
4554,2265,99,2,2271,230484,230583,228318
4555,2265,15,3,2284,230583,230598,228333
4556,2266,28,2,2285,230598,230626,228360
4557,2267,98,2,2274,230626,230724,228457
4559,2267,91,3,2282,230724,230815,228548
4558,2267,73,3,2286,230815,230888,228621
4560,2268,43,2,2286,230888,230931,228663
4561,2269,43,1,2276,230931,230974,228705
4562,2270,59,1,2286,230974,231033,228763
4563,2271,33,1,2276,231033,231066,228795
4564,2271,34,1,2290,231066,231100,228829
4566,2272,31,1,2276,231100,231131,228859
4565,2272,78,2,2278,231131,231209,228937
4568,2273,16,1,2278,231209,231225,228952
4567,2273,67,1,2280,231225,231292,229019
4571,2274,92,1,2275,231292,231384,229110
4570,2274,62,2,2276,231384,231446,229172
4572,2274,6,2,2287,231446,231452,229178
4569,2274,97,2,2287,231452,231549,229275
4573,2275,8,3,2283,231549,231557,229282
4574,2275,84,3,2289,231557,231641,229366
4575,2276,64,2,2280,231641,231705,229429
4576,2277,71,3,2284,231705,231776,229499
4577,2278,54,2,2289,231776,231830,229552
4578,2279,76,2,2292,231830,231906,229627
4579,2280,28,3,2286,231906,231934,229654
4580,2281,95,1,2284,231934,232029,229748
4581,2281,1,3,2289,232029,232030,229749
4582,2282,68,2,2290,232030,232098,229816
4583,2283,26,3,2298,232098,232124,229841
4584,2284,21,3,2302,232124,232145,229861
4585,2285,6,3,2292,232145,232151,229866
4586,2286,79,1,2299,232151,232230,229944
4587,2287,82,2,2298,232230,232312,230025
4588,2288,61,3,2289,232312,232373,230085
4589,2289,71,1,2291,232373,232444,230155
4590,2290,30,3,2306,232444,232474,230184
4591,2291,100,1,2300,232474,232574,230283
4592,2292,8,2,2293,232574,232582,230290
4593,2293,48,2,2309,232582,232630,230337
4594,2294,22,1,2305,232630,232652,230358
4595,2295,13,3,2313,232652,232665,230370
4596,2295,55,3,2315,232665,232720,230425
4597,2296,20,1,2306,232720,232740,230444
4601,2297,38,2,2313,232740,232778,230481
4598,2297,91,2,2313,232778,232869,230572
4600,2297,11,1,2317,232869,232880,230583
4599,2297,45,1,2317,232880,232925,230628
4602,2298,97,1,2313,232925,233022,230724
4603,2299,95,1,2314,233022,233117,230818
4606,2300,6,1,2302,233117,233123,230823
4608,2300,37,3,2305,233123,233160,230860
4605,2300,49,1,2305,233160,233209,230909
4607,2300,18,3,2306,233209,233227,230927
4604,2300,19,3,2312,233227,233246,230946
4609,2300,72,2,2316,233246,233318,231018
4610,2301,18,3,2305,233318,233336,231035
4611,2302,97,3,2305,233336,233433,231131
4613,2302,98,2,2318,233433,233531,231229
4612,2302,48,3,2319,233531,233579,231277
4614,2303,49,1,2309,233579,233628,231325
4615,2304,65,3,2317,233628,233693,231389
4618,2305,5,2,2311,233693,233698,231393
4619,2305,9,3,2313,233698,233707,231402
4616,2305,8,3,2314,233707,233715,231410
4617,2305,77,2,2316,233715,233792,231487
4621,2306,6,1,2309,233792,233798,231492
4620,2306,69,2,2316,233798,233867,231561
4622,2307,10,1,2314,233867,233877,231570
4623,2307,80,1,2323,233877,233957,231650
4624,2307,34,1,2325,233957,233991,231684
4625,2308,25,2,2320,233991,234016,231708
4626,2309,91,2,2323,234016,234107,231798
4628,2310,26,2,2312,234107,234133,231823
4629,2310,23,3,2315,234133,234156,231846
4627,2310,21,2,2329,234156,234177,231867
4630,2311,11,2,2319,234177,234188,231877
4631,2312,96,2,2318,234188,234284,231972
4633,2313,94,1,2315,234284,234378,232065
4632,2313,86,3,2322,234378,234464,232151
4634,2314,5,2,2318,234464,234469,232155
4635,2315,43,2,2329,234469,234512,232197
4638,2316,44,3,2324,234512,234556,232240
4636,2316,82,2,2330,234556,234638,232322
4637,2316,87,2,2333,234638,234725,232409
4640,2317,28,2,2326,234725,234753,232436
4641,2317,61,2,2328,234753,234814,232497
4639,2317,60,2,2336,234814,234874,232557
4642,2318,58,3,2324,234874,234932,232614
4644,2319,26,1,2321,234932,234958,232639
4643,2319,57,1,2321,234958,235015,232696
4645,2319,76,2,2322,235015,235091,232772
4646,2320,3,3,2324,235091,235094,232774
4648,2321,89,3,2328,235094,235183,232862
4647,2321,2,3,2329,235183,235185,232864
4649,2322,11,3,2338,235185,235196,232874
4650,2323,63,3,2330,235196,235259,232936
4653,2324,21,3,2329,235259,235280,232956
4652,2324,18,1,2338,235280,235298,232974
4651,2324,38,2,2338,235298,235336,233012
4654,2325,27,2,2332,235336,235363,233038
4655,2325,68,1,2343,235363,235431,233106
4656,2326,87,2,2335,235431,235518,233192
4658,2326,95,3,2335,235518,235613,233287
4657,2326,23,1,2345,235613,235636,233310
4659,2327,36,2,2345,235636,235672,233345
4660,2328,21,3,2343,235672,235693,233365
4661,2328,65,2,2346,235693,235758,233430
4662,2329,88,1,2334,235758,235846,233517
4663,2330,10,1,2337,235846,235856,233526
4664,2331,39,1,2340,235856,235895,233564
4665,2332,68,3,2335,235895,235963,233631
4666,2332,9,2,2345,235963,235972,233640
4667,2332,49,3,2352,235972,236021,233689
4668,2333,81,2,2347,236021,236102,233769
4669,2334,56,2,2340,236102,236158,233824
4670,2335,41,2,2342,236158,236199,233864
4675,2336,62,2,2341,236199,236261,233925
4672,2336,69,1,2343,236261,236330,233994
4676,2336,99,1,2343,236330,236429,234093
4673,2336,66,2,2344,236429,236495,234159
4674,2336,12,2,2347,236495,236507,234171
4677,2336,15,1,2350,236507,236522,234186
4671,2336,93,1,2352,236522,236615,234279
4679,2337,44,1,2338,236615,236659,234322
4680,2337,49,3,2345,236659,236708,234371
4678,2337,8,3,2348,236708,236716,234379
4681,2338,44,3,2346,236716,236760,234422
4682,2339,34,2,2348,236760,236794,234455
4684,2340,80,1,2349,236794,236874,234534
4686,2340,94,3,2349,236874,236968,234628
4687,2340,78,1,2356,236968,237046,234706
4688,2340,65,2,2359,237046,237111,234771
4683,2340,15,3,2360,237111,237126,234786
4685,2340,99,2,2360,237126,237225,234885
4689,2341,51,1,2351,237225,237276,234935
4690,2342,67,2,2350,237276,237343,235001
4691,2343,7,1,2359,237343,237350,235007
4692,2344,82,2,2349,237350,237432,235088
4693,2345,54,2,2354,237432,237486,235141
4695,2346,49,3,2355,237486,237535,235189
4694,2346,18,2,2357,237535,237553,235207
4697,2347,72,3,2350,237553,237625,235278
4696,2347,31,3,2365,237625,237656,235309
4698,2348,92,3,2363,237656,237748,235400
4699,2348,90,3,2366,237748,237838,235490
4700,2349,10,2,2368,237838,237848,235499
4702,2350,83,1,2354,237848,237931,235581
4701,2350,41,3,2364,237931,237972,235622
4703,2351,10,1,2352,237972,237982,235631
4704,2352,54,1,2354,237982,238036,235684
4708,2352,96,2,2356,238036,238132,235780
4706,2352,46,2,2358,238132,238178,235826
4705,2352,67,1,2362,238178,238245,235893
4707,2352,30,2,2363,238245,238275,235923
4709,2352,23,3,2372,238275,238298,235946
4710,2353,47,2,2354,238298,238345,235992
4711,2354,94,3,2357,238345,238439,236085
4712,2354,18,3,2363,238439,238457,236103
4714,2355,91,2,2359,238457,238548,236193
4713,2355,95,1,2366,238548,238643,236288
4715,2355,97,3,2366,238643,238740,236385
4717,2356,8,2,2357,238740,238748,236392
4716,2356,16,1,2372,238748,238764,236408
4718,2356,24,1,2373,238764,238788,236432
4720,2356,44,3,2373,238788,238832,236476
4719,2356,87,1,2373,238832,238919,236563
4721,2357,53,1,2369,238919,238972,236615
4722,2358,47,3,2360,238972,239019,236661
4723,2359,22,2,2365,239019,239041,236682
4725,2360,65,3,2362,239041,239106,236746
4724,2360,14,3,2364,239106,239120,236760
4726,2360,42,1,2368,239120,239162,236802
4727,2361,59,2,2362,239162,239221,236860
4728,2362,57,2,2366,239221,239278,236916
4729,2363,97,3,2382,239278,239375,237012
4730,2364,18,2,2370,239375,239393,237029
4731,2364,2,3,2378,239393,239395,237031
4732,2365,71,2,2384,239395,239466,237101
4739,2366,7,2,2368,239466,239473,237107
4736,2366,12,1,2372,239473,239485,237119
4735,2366,22,2,2373,239485,239507,237141
4738,2366,40,2,2373,239507,239547,237181
4734,2366,40,2,2377,239547,239587,237221
4733,2366,57,2,2384,239587,239644,237278
4737,2366,68,2,2385,239644,239712,237346
4741,2367,66,3,2377,239712,239778,237411
4740,2367,33,2,2384,239778,239811,237444
4742,2368,15,1,2375,239811,239826,237458
4743,2368,19,2,2376,239826,239845,237477
4744,2369,75,3,2376,239845,239920,237551
4746,2370,66,1,2372,239920,239986,237616
4745,2370,76,2,2379,239986,240062,237692
4747,2371,1,1,2377,240062,240063,237692
4748,2372,59,1,2378,240063,240122,237750
4749,2373,33,1,2384,240122,240155,237782
4750,2373,20,2,2390,240155,240175,237802
4752,2374,84,1,2384,240175,240259,237885
4751,2374,58,3,2388,240259,240317,237943
4753,2375,51,1,2383,240317,240368,237993
4754,2376,79,2,2379,240368,240447,238071
4755,2376,69,2,2384,240447,240516,238140
4757,2376,48,3,2386,240516,240564,238188
4758,2376,55,1,2392,240564,240619,238243
4756,2376,79,2,2395,240619,240698,238322
4759,2377,41,1,2389,240698,240739,238362
4760,2378,95,1,2387,240739,240834,238456
4762,2379,52,3,2396,240834,240886,238507
4761,2379,65,2,2397,240886,240951,238572
4763,2380,45,3,2398,240951,240996,238616
4764,2381,15,1,2398,240996,241011,238630
4766,2382,84,2,2387,241011,241095,238713
4765,2382,23,3,2388,241095,241118,238736
4767,2382,12,3,2390,241118,241130,238748
4769,2383,13,2,2387,241130,241143,238760
4768,2383,64,1,2397,241143,241207,238824
4771,2384,51,3,2389,241207,241258,238874
4770,2384,46,1,2394,241258,241304,238920
4772,2385,27,1,2390,241304,241331,238946
4773,2386,56,3,2390,241331,241387,239001
4774,2387,14,3,2394,241387,241401,239014
4776,2388,80,3,2394,241401,241481,239093
4777,2388,9,1,2397,241481,241490,239102
4775,2388,28,1,2398,241490,241518,239130
4778,2388,47,2,2398,241518,241565,239177
4779,2389,40,2,2406,241565,241605,239216
4780,2390,87,1,2391,241605,241692,239302
4781,2391,44,3,2392,241692,241736,239345
4782,2392,53,3,2398,241736,241789,239397
4783,2392,100,1,2400,241789,241889,239497
4784,2393,100,2,2405,241889,241989,239596
4785,2394,73,1,2398,241989,242062,239668
4786,2395,58,1,2407,242062,242120,239725
4788,2396,18,3,2400,242120,242138,239742
4787,2396,43,1,2400,242138,242181,239785
4792,2397,95,3,2403,242181,242276,239879
4790,2397,99,2,2408,242276,242375,239978
4789,2397,23,2,2410,242375,242398,240001
4791,2397,72,2,2414,242398,242470,240073
4793,2398,91,2,2416,242470,242561,240163
4794,2399,61,3,2400,242561,242622,240223
4796,2399,82,1,2400,242622,242704,240305
4795,2399,85,3,2409,242704,242789,240390
4797,2400,23,1,2413,242789,242812,240412
4799,2401,65,3,2412,242812,242877,240476
4798,2401,87,3,2412,242877,242964,240563
4804,2402,71,2,2406,242964,243035,240633
4800,2402,12,2,2407,243035,243047,240645
4803,2402,30,1,2410,243047,243077,240675
4802,2402,40,3,2413,243077,243117,240715
4801,2402,31,1,2416,243117,243148,240746
4807,2403,49,1,2410,243148,243197,240794
4808,2403,23,2,2411,243197,243220,240817
4806,2403,15,1,2418,243220,243235,240832
4805,2403,94,1,2420,243235,243329,240926
4809,2404,29,3,2416,243329,243358,240954
4810,2404,79,3,2420,243358,243437,241033
4812,2405,85,3,2409,243437,243522,241117
4811,2405,7,1,2414,243522,243529,241124
4813,2406,43,1,2413,243529,243572,241166
4814,2407,65,2,2409,243572,243637,241230
4815,2408,6,3,2418,243637,243643,241235
4817,2409,90,1,2413,243643,243733,241324
4818,2409,17,1,2425,243733,243750,241341
4816,2409,30,3,2426,243750,243780,241371
4820,2410,6,2,2424,243780,243786,241376
4819,2410,86,2,2426,243786,243872,241462
4821,2411,10,1,2415,243872,243882,241471
4824,2412,45,3,2419,243882,243927,241515
4822,2412,34,2,2424,243927,243961,241549
4823,2412,91,2,2431,243961,244052,241640
4826,2413,92,1,2420,244052,244144,241731
4827,2413,73,2,2427,244144,244217,241804
4825,2413,60,2,2430,244217,244277,241864
4828,2414,40,2,2425,244277,244317,241903
4829,2415,33,3,2431,244317,244350,241935
4830,2416,98,1,2426,244350,244448,242032
4832,2417,10,2,2422,244448,244458,242041
4833,2417,96,3,2426,244458,244554,242137
4831,2417,36,2,2428,244554,244590,242173
4835,2418,75,2,2428,244590,244665,242247
4834,2418,36,2,2436,244665,244701,242283
4836,2419,37,2,2427,244701,244738,242319
4837,2419,98,1,2438,244738,244836,242417
4839,2420,60,1,2424,244836,244896,242476
4838,2420,71,3,2427,244896,244967,242547
4841,2420,71,3,2430,244967,245038,242618
4840,2420,40,3,2438,245038,245078,242658
4844,2421,37,3,2425,245078,245115,242694
4845,2421,35,1,2433,245115,245150,242729
4843,2421,8,3,2434,245150,245158,242737
4842,2421,45,1,2438,245158,245203,242782
4846,2422,45,2,2428,245203,245248,242826
4848,2423,42,3,2431,245248,245290,242867
4847,2423,20,2,2441,245290,245310,242887
4849,2423,21,2,2443,245310,245331,242908
4850,2424,65,2,2441,245331,245396,242972
4851,2425,74,2,2437,245396,245470,243045
4852,2426,34,2,2432,245470,245504,243078
4853,2426,25,1,2443,245504,245529,243103
4854,2427,21,2,2437,245529,245550,243123
4855,2428,68,1,2431,245550,245618,243190
4856,2428,88,2,2432,245618,245706,243278
4857,2429,100,3,2432,245706,245806,243377
4858,2429,79,1,2442,245806,245885,243456
4859,2430,12,1,2449,245885,245897,243467
4860,2431,16,2,2445,245897,245913,243482
4861,2432,90,1,2451,245913,246003,243571
4863,2433,32,2,2434,246003,246035,243602
4862,2433,95,3,2444,246035,246130,243697
4864,2434,56,2,2454,246130,246186,243752
4865,2435,74,1,2454,246186,246260,243825
4866,2436,95,3,2449,246260,246355,243919
4867,2437,54,1,2440,246355,246409,243972
4869,2437,92,2,2448,246409,246501,244064
4868,2437,99,1,2452,246501,246600,244163
4870,2437,15,3,2454,246600,246615,244178
4872,2438,89,1,2442,246615,246704,244266
4871,2438,81,2,2456,246704,246785,244347
4874,2439,57,2,2446,246785,246842,244403
4873,2439,70,2,2449,246842,246912,244473
4875,2440,35,2,2445,246912,246947,244507
4876,2440,29,1,2456,246947,246976,244536
4879,2441,22,2,2445,246976,246998,244557
4877,2441,21,3,2448,246998,247019,244578
4878,2441,82,3,2456,247019,247101,244660
4880,2442,78,2,2455,247101,247179,244737
4881,2443,83,1,2461,247179,247262,244819
4882,2444,70,3,2456,247262,247332,244888
4883,2445,14,2,2446,247332,247346,244901
4884,2445,10,3,2449,247346,247356,244911
4885,2446,100,2,2454,247356,247456,245010
4886,2446,87,1,2455,247456,247543,245097
4887,2447,89,2,2463,247543,247632,245185
4888,2448,95,2,2451,247632,247727,245279
4889,2449,4,1,2455,247727,247731,245282
4890,2449,41,2,2457,247731,247772,245323
4891,2449,19,3,2465,247772,247791,245342
4892,2450,26,1,2460,247791,247817,245367
4907,2451,82,2,2452,247817,247899,245448
4900,2451,17,3,2453,247899,247916,245465
4905,2451,58,2,2453,247916,247974,245523
4902,2451,1,2,2454,247974,247975,245524
4893,2451,99,3,2454,247975,248074,245623
4906,2451,68,1,2455,248074,248142,245691
4901,2451,8,2,2457,248142,248150,245699
4897,2451,89,1,2459,248150,248239,245788
4899,2451,1,2,2464,248239,248240,245789
4903,2451,89,2,2464,248240,248329,245878
4904,2451,87,2,2465,248329,248416,245965
4895,2451,49,1,2467,248416,248465,246014
4894,2451,77,1,2469,248465,248542,246091
4898,2451,29,1,2470,248542,248571,246120
4896,2451,54,2,2470,248571,248625,246174
4908,2452,84,1,2464,248625,248709,246257
4909,2453,48,2,2468,248709,248757,246304
4911,2454,84,3,2462,248757,248841,246387
4910,2454,51,1,2468,248841,248892,246438
4913,2455,66,1,2459,248892,248958,246503
4912,2455,36,1,2471,248958,248994,246539
4914,2456,20,1,2457,248994,249014,246558
4918,2456,94,3,2460,249014,249108,246652
4917,2456,40,2,2472,249108,249148,246692
4916,2456,9,2,2474,249148,249157,246701
4915,2456,45,3,2476,249157,249202,246746
4919,2457,61,3,2474,249202,249263,246806
4920,2458,49,1,2462,249263,249312,246854
4922,2459,7,1,2467,249312,249319,246860
4921,2459,14,2,2476,249319,249333,246874
4924,2460,6,3,2470,249333,249339,246879
4925,2460,20,3,2477,249339,249359,246899
4923,2460,68,1,2477,249359,249427,246967
4926,2461,53,1,2470,249427,249480,247019
4927,2461,16,1,2480,249480,249496,247035
4928,2462,88,3,2467,249496,249584,247122
4929,2463,31,1,2467,249584,249615,247152
4931,2463,44,2,2473,249615,249659,247196
4930,2463,18,3,2483,249659,249677,247214
4932,2464,12,1,2476,249677,249689,247225
4933,2465,22,1,2480,249689,249711,247246
4934,2466,65,2,2472,249711,249776,247310
4936,2467,89,2,2471,249776,249865,247398
4935,2467,28,1,2487,249865,249893,247426
4938,2468,56,1,2471,249893,249949,247481
4939,2468,20,3,2480,249949,249969,247501
4937,2468,46,1,2480,249969,250015,247547
4940,2469,92,2,2470,250015,250107,247638
4941,2470,24,3,2482,250107,250131,247661
4942,2471,21,3,2485,250131,250152,247681
4945,2472,20,3,2481,250152,250172,247700
4944,2472,26,2,2492,250172,250198,247726
4943,2472,70,3,2492,250198,250268,247796
4946,2473,91,1,2486,250268,250359,247886
4947,2473,88,3,2492,250359,250447,247974
4948,2474,2,1,2475,250447,250449,247975
4950,2474,64,2,2480,250449,250513,248039
4949,2474,94,2,2490,250513,250607,248133
4951,2475,22,2,2489,250607,250629,248154
4952,2476,65,3,2480,250629,250694,248218
4953,2477,41,1,2483,250694,250735,248258
4955,2478,6,3,2479,250735,250741,248263
4954,2478,53,3,2479,250741,250794,248316
4956,2478,25,3,2489,250794,250819,248341
4957,2479,57,2,2490,250819,250876,248397
4958,2480,95,1,2483,250876,250971,248491
4959,2480,23,3,2493,250971,250994,248514
4960,2480,48,3,2496,250994,251042,248562
4961,2481,5,1,2484,251042,251047,248566
4962,2482,45,1,2487,251047,251092,248610
4966,2483,95,3,2495,251092,251187,248704
4963,2483,87,1,2497,251187,251274,248791
4965,2483,95,3,2497,251274,251369,248886
4964,2483,30,3,2501,251369,251399,248916
4967,2484,85,3,2487,251399,251484,249000
4968,2485,81,1,2492,251484,251565,249080
4969,2486,52,2,2506,251565,251617,249131
4970,2487,37,3,2502,251617,251654,249167
4973,2488,28,3,2491,251654,251682,249194
4971,2488,26,2,2501,251682,251708,249220
4972,2488,24,2,2502,251708,251732,249244
4975,2489,91,1,2493,251732,251823,249334
4979,2489,97,2,2496,251823,251920,249431
4978,2489,47,3,2497,251920,251967,249478
4974,2489,37,2,2498,251967,252004,249515
4977,2489,57,2,2501,252004,252061,249572
4976,2489,74,2,2503,252061,252135,249646
4981,2490,57,1,2494,252135,252192,249702
4980,2490,7,2,2502,252192,252199,249709
4982,2491,15,2,2507,252199,252214,249723
4983,2492,16,3,2495,252214,252230,249738
4984,2493,60,2,2500,252230,252290,249797
4986,2494,48,2,2506,252290,252338,249844
4985,2494,27,2,2512,252338,252365,249871
4987,2495,32,2,2502,252365,252397,249902
4989,2496,3,1,2497,252397,252400,249904
4988,2496,100,3,2504,252400,252500,250004
4990,2497,95,1,2499,252500,252595,250098
4991,2497,59,2,2510,252595,252654,250157
4992,2498,54,3,2517,252654,252708,250210
4995,2499,17,2,2502,252708,252725,250226
4993,2499,56,2,2512,252725,252781,250282
4994,2499,41,3,2513,252781,252822,250323
4996,2500,23,1,2513,252822,252845,250345
4997,2500,95,2,2513,252845,252940,250440
4999,2501,81,2,2514,252940,253021,250520
4998,2501,91,2,2516,253021,253112,250611
5000,2502,41,2,2507,253112,253153,250651
5002,2502,38,1,2511,253153,253191,250689
5001,2502,65,3,2517,253191,253256,250754
5003,2502,20,3,2519,253256,253276,250774
5004,2503,79,2,2521,253276,253355,250852
5005,2504,77,1,2515,253355,253432,250928
5007,2505,20,3,2519,253432,253452,250947
5006,2505,29,3,2519,253452,253481,250976
5009,2506,17,2,2518,253481,253498,250992
5008,2506,67,2,2518,253498,253565,251059
5011,2507,74,3,2511,253565,253639,251132
5010,2507,69,1,2525,253639,253708,251201
5012,2508,95,3,2509,253708,253803,251295
5013,2508,38,1,2524,253803,253841,251333
5014,2509,23,1,2526,253841,253864,251355
5015,2510,42,3,2525,253864,253906,251396
5017,2511,80,2,2513,253906,253986,251475
5016,2511,2,2,2522,253986,253988,251477
5018,2512,49,2,2514,253988,254037,251525
5019,2513,52,3,2519,254037,254089,251576
5021,2514,49,1,2527,254089,254138,251624
5020,2514,75,3,2527,254138,254213,251699
5024,2515,20,2,2516,254213,254233,251718
5022,2515,45,1,2518,254233,254278,251763
5026,2515,35,2,2525,254278,254313,251798
5023,2515,44,3,2531,254313,254357,251842
5025,2515,62,1,2533,254357,254419,251904
5027,2516,67,2,2525,254419,254486,251970
5028,2517,2,1,2529,254486,254488,251971
5029,2518,54,2,2520,254488,254542,252024
5030,2518,18,1,2528,254542,254560,252042
5031,2519,95,1,2536,254560,254655,252136
5035,2520,37,2,2525,254655,254692,252172
5032,2520,3,3,2527,254692,254695,252175
5033,2520,55,1,2529,254695,254750,252230
5034,2520,14,1,2535,254750,254764,252244
5036,2521,70,3,2533,254764,254834,252313
5037,2522,26,1,2525,254834,254860,252338
5038,2522,43,2,2530,254860,254903,252381
5039,2523,93,2,2540,254903,254996,252473
5044,2524,82,1,2526,254996,255078,252554
5042,2524,59,3,2527,255078,255137,252613
5040,2524,22,3,2537,255137,255159,252635
5041,2524,81,1,2537,255159,255240,252716
5043,2524,69,3,2541,255240,255309,252785
5045,2524,76,1,2544,255309,255385,252861
5046,2525,77,3,2526,255385,255462,252937
5047,2526,42,3,2529,255462,255504,252978
5048,2526,78,3,2538,255504,255582,253056
5049,2527,7,3,2546,255582,255589,253062
5051,2528,46,2,2535,255589,255635,253107
5050,2528,83,2,2536,255635,255718,253190
5052,2528,42,3,2543,255718,255760,253232
5055,2529,72,1,2530,255760,255832,253303
5053,2529,48,2,2538,255832,255880,253351
5054,2529,80,3,2538,255880,255960,253431
5057,2529,31,2,2541,255960,255991,253462
5056,2529,18,2,2548,255991,256009,253480
5060,2530,87,2,2532,256009,256096,253566
5058,2530,87,1,2535,256096,256183,253653
5059,2530,15,1,2546,256183,256198,253668
5061,2531,79,1,2539,256198,256277,253746
5062,2531,59,1,2549,256277,256336,253805
5063,2532,63,3,2546,256336,256399,253867
5066,2533,77,3,2535,256399,256476,253943
5064,2533,61,2,2537,256476,256537,254004
5065,2533,1,2,2546,256537,256538,254005
5067,2534,80,3,2535,256538,256618,254084
5068,2535,14,2,2555,256618,256632,254097
5069,2536,63,2,2553,256632,256695,254159
5070,2537,84,1,2541,256695,256779,254242
5071,2538,89,1,2545,256779,256868,254330
5072,2539,25,3,2540,256868,256893,254354
5073,2540,48,1,2541,256893,256941,254401
5074,2540,30,2,2555,256941,256971,254431
5075,2541,5,1,2557,256971,256976,254435
5079,2542,31,1,2549,256976,257007,254465
5076,2542,33,1,2550,257007,257040,254498
5077,2542,7,3,2557,257040,257047,254505
5078,2542,18,1,2561,257047,257065,254523
5081,2543,21,3,2548,257065,257086,254543
5080,2543,40,2,2559,257086,257126,254583
5082,2544,6,3,2545,257126,257132,254588
5086,2545,79,2,2549,257132,257211,254666
5084,2545,76,2,2552,257211,257287,254742
5083,2545,22,3,2555,257287,257309,254764
5085,2545,86,2,2555,257309,257395,254850
5087,2545,34,1,2560,257395,257429,254884
5088,2545,46,3,2561,257429,257475,254930
5089,2546,29,1,2553,257475,257504,254958
5090,2547,83,3,2548,257504,257587,255040
5093,2548,94,3,2554,257587,257681,255133
5091,2548,87,2,2563,257681,257768,255220
5094,2548,11,2,2567,257768,257779,255231
5092,2548,98,3,2568,257779,257877,255329
5095,2549,18,2,2551,257877,257895,255346
5096,2549,16,2,2558,257895,257911,255362
5098,2550,28,2,2556,257911,257939,255389
5099,2550,32,3,2559,257939,257971,255421
5097,2550,81,1,2567,257971,258052,255502
5101,2551,88,2,2558,258052,258140,255589
5100,2551,34,1,2565,258140,258174,255623
5102,2552,25,2,2560,258174,258199,255647
5104,2553,17,2,2557,258199,258216,255663
5105,2553,43,2,2558,258216,258259,255706
5103,2553,63,2,2565,258259,258322,255769
5106,2553,83,3,2568,258322,258405,255852
5109,2554,13,1,2556,258405,258418,255864
5110,2554,16,2,2562,258418,258434,255880
5108,2554,19,2,2566,258434,258453,255899
5107,2554,24,1,2570,258453,258477,255923
5111,2555,67,2,2556,258477,258544,255989
5112,2555,8,3,2565,258544,258552,255997
5113,2555,31,1,2569,258552,258583,256028
5114,2555,20,2,2570,258583,258603,256048
5115,2555,45,1,2571,258603,258648,256093
5116,2556,37,1,2564,258648,258685,256129
5117,2557,3,2,2566,258685,258688,256131
5118,2558,100,1,2574,258688,258788,256230
5120,2559,9,1,2568,258788,258797,256238
5119,2559,88,1,2569,258797,258885,256326
5121,2560,9,2,2568,258885,258894,256334
5122,2561,47,1,2574,258894,258941,256380
5123,2561,47,1,2574,258941,258988,256427
5125,2562,59,1,2564,258988,259047,256485
5124,2562,71,3,2577,259047,259118,256556
5126,2563,44,1,2568,259118,259162,256599
5127,2564,2,3,2572,259162,259164,256600
5128,2564,18,2,2584,259164,259182,256618
5129,2565,18,2,2578,259182,259200,256635
5130,2565,49,1,2581,259200,259249,256684
5131,2566,90,2,2575,259249,259339,256773
5132,2567,16,1,2581,259339,259355,256788
5133,2568,57,3,2572,259355,259412,256844
5134,2568,94,1,2585,259412,259506,256938
5135,2569,89,3,2587,259506,259595,257026
5136,2570,64,3,2583,259595,259659,257089
5142,2571,72,3,2573,259659,259731,257160
5143,2571,12,3,2575,259731,259743,257172
5141,2571,4,2,2576,259743,259747,257176
5138,2571,67,1,2581,259747,259814,257243
5137,2571,80,1,2587,259814,259894,257323
5140,2571,90,3,2588,259894,259984,257413
5139,2571,16,1,2589,259984,260000,257429
5145,2572,12,2,2573,260000,260012,257440
5146,2572,91,3,2580,260012,260103,257531
5144,2572,12,3,2586,260103,260115,257543
5147,2573,97,3,2582,260115,260212,257639
5149,2574,82,2,2581,260212,260294,257720
5148,2574,38,3,2584,260294,260332,257758
5150,2575,91,1,2589,260332,260423,257848
5151,2576,38,1,2577,260423,260461,257885
5152,2576,55,3,2579,260461,260516,257940
5153,2576,13,1,2587,260516,260529,257953
5154,2576,99,1,2592,260529,260628,258052
5156,2577,81,3,2588,260628,260709,258132
5155,2577,13,1,2591,260709,260722,258145
5157,2577,33,1,2595,260722,260755,258178
5159,2578,28,2,2587,260755,260783,258205
5158,2578,71,3,2597,260783,260854,258276
5160,2579,8,1,2591,260854,260862,258283
5162,2580,3,1,2581,260862,260865,258285
5161,2580,56,1,2586,260865,260921,258341
5163,2581,32,1,2584,260921,260953,258372
5164,2582,49,3,2584,260953,261002,258420
5166,2582,57,3,2584,261002,261059,258477
5167,2582,36,3,2586,261059,261095,258513
5165,2582,38,3,2598,261095,261133,258551
5168,2583,88,3,2591,261133,261221,258638
5170,2584,33,3,2588,261221,261254,258670
5169,2584,98,1,2592,261254,261352,258768
5171,2585,7,3,2594,261352,261359,258774
5172,2585,82,3,2596,261359,261441,258856
5173,2586,96,2,2604,261441,261537,258951
5174,2586,30,2,2605,261537,261567,258981
5175,2587,80,2,2603,261567,261647,259060
5176,2588,97,1,2589,261647,261744,259156
5177,2588,21,3,2593,261744,261765,259177
5178,2589,2,3,2597,261765,261767,259178
5179,2590,1,3,2597,261767,261768,259178
5180,2590,92,2,2610,261768,261860,259270
5181,2591,11,3,2598,261860,261871,259280
5183,2592,31,3,2601,261871,261902,259310
5184,2592,5,1,2604,261902,261907,259315
5182,2592,35,3,2606,261907,261942,259350
5185,2592,81,3,2606,261942,262023,259431
5189,2593,81,3,2594,262023,262104,259511
5188,2593,91,3,2599,262104,262195,259602
5186,2593,65,3,2601,262195,262260,259667
5187,2593,13,3,2604,262260,262273,259680
5191,2594,40,1,2597,262273,262313,259719
5190,2594,81,3,2603,262313,262394,259800
5192,2594,21,1,2614,262394,262415,259821
5193,2595,36,3,2610,262415,262451,259856
5195,2596,86,1,2612,262451,262537,259941
5194,2596,1,3,2613,262537,262538,259942
5196,2597,49,3,2607,262538,262587,259990
5197,2597,70,2,2614,262587,262657,260060
5198,2598,43,1,2601,262657,262700,260102
5201,2599,25,3,2608,262700,262725,260126
5200,2599,12,2,2614,262725,262737,260138
5199,2599,35,2,2616,262737,262772,260173
5203,2600,45,3,2608,262772,262817,260217
5202,2600,33,3,2612,262817,262850,260250
5205,2601,34,3,2612,262850,262884,260283
5204,2601,15,1,2613,262884,262899,260298
5207,2602,81,2,2604,262899,262980,260378
5206,2602,13,3,2615,262980,262993,260391
5208,2603,96,2,2604,262993,263089,260486
5211,2604,76,3,2608,263089,263165,260561
5210,2604,11,3,2610,263165,263176,260572
5212,2604,70,1,2614,263176,263246,260642
5209,2604,12,2,2620,263246,263258,260654
5213,2605,18,3,2618,263258,263276,260671
5214,2606,51,3,2622,263276,263327,260721
5215,2607,18,3,2608,263327,263345,260738
5216,2607,72,1,2621,263345,263417,260810
5217,2608,62,2,2623,263417,263479,260871
5220,2609,8,3,2617,263479,263487,260878
5218,2609,64,2,2620,263487,263551,260942
5219,2609,46,3,2628,263551,263597,260988
5221,2609,30,1,2629,263597,263627,261018
5222,2610,84,1,2620,263627,263711,261101
5223,2611,88,2,2620,263711,263799,261188
5224,2612,93,2,2615,263799,263892,261280
5226,2613,93,1,2627,263892,263985,261372
5225,2613,7,2,2631,263985,263992,261379
5227,2614,99,1,2618,263992,264091,261477
5228,2614,11,1,2620,264091,264102,261488
5231,2615,61,3,2616,264102,264163,261548
5229,2615,95,2,2616,264163,264258,261643
5230,2615,71,2,2628,264258,264329,261714
5232,2616,59,3,2619,264329,264388,261772
5235,2616,44,1,2623,264388,264432,261816
5234,2616,87,3,2624,264432,264519,261903
5233,2616,48,1,2630,264519,264567,261951
5236,2616,27,3,2631,264567,264594,261978
5237,2617,31,1,2626,264594,264625,262008
5240,2618,86,2,2623,264625,264711,262093
5238,2618,75,1,2624,264711,264786,262168
5239,2618,14,1,2633,264786,264800,262182
5241,2619,59,1,2626,264800,264859,262240
5242,2619,12,3,2635,264859,264871,262252
5245,2620,31,3,2627,264871,264902,262282
5244,2620,87,2,2627,264902,264989,262369
5243,2620,80,3,2635,264989,265069,262449
5246,2621,58,3,2636,265069,265127,262506
5247,2622,70,2,2635,265127,265197,262575
5248,2623,6,3,2625,265197,265203,262580
5249,2624,82,3,2625,265203,265285,262661
5250,2624,16,3,2629,265285,265301,262677
5251,2625,5,3,2628,265301,265306,262681
5253,2625,78,3,2631,265306,265384,262759
5254,2625,30,1,2637,265384,265414,262789
5252,2625,86,2,2641,265414,265500,262875
5255,2626,58,1,2627,265500,265558,262932
5256,2626,38,1,2639,265558,265596,262970
5257,2627,11,1,2635,265596,265607,262980
5258,2628,76,1,2631,265607,265683,263055
5259,2629,10,2,2633,265683,265693,263064
5260,2629,26,2,2637,265693,265719,263090
5261,2630,36,2,2631,265719,265755,263125
5264,2630,87,3,2631,265755,265842,263212
5262,2630,16,2,2643,265842,265858,263228
5263,2630,68,2,2644,265858,265926,263296
5265,2630,90,2,2646,265926,266016,263386
5266,2631,41,1,2635,266016,266057,263426
5267,2631,91,2,2642,266057,266148,263517
5268,2631,65,2,2645,266148,266213,263582
5269,2632,100,1,2634,266213,266313,263681
5271,2632,26,2,2639,266313,266339,263707
5270,2632,26,1,2645,266339,266365,263733
5272,2633,69,1,2653,266365,266434,263801
5273,2634,20,3,2647,266434,266454,263820
5275,2635,25,3,2636,266454,266479,263844
5274,2635,56,3,2639,266479,266535,263900
5277,2636,74,3,2640,266535,266609,263973
5276,2636,3,1,2649,266609,266612,263976
5279,2637,39,1,2648,266612,266651,264014
5278,2637,99,3,2652,266651,266750,264113
5280,2638,90,2,2642,266750,266840,264202
5281,2639,31,1,2641,266840,266871,264232
5283,2640,49,1,2643,266871,266920,264280
5284,2640,32,1,2653,266920,266952,264312
5282,2640,40,1,2657,266952,266992,264352
5286,2641,98,3,2643,266992,267090,264449
5285,2641,15,1,2660,267090,267105,264464
5287,2642,70,3,2657,267105,267175,264533
5288,2643,62,1,2656,267175,267237,264594
5290,2644,88,2,2649,267237,267325,264681
5289,2644,97,1,2658,267325,267422,264778
5291,2645,41,2,2653,267422,267463,264818
5292,2645,13,1,2660,267463,267476,264831
5295,2646,47,1,2655,267476,267523,264877
5296,2646,5,2,2661,267523,267528,264882
5294,2646,48,2,2661,267528,267576,264930
5293,2646,51,2,2663,267576,267627,264981
5297,2647,46,1,2649,267627,267673,265026
5298,2647,58,1,2654,267673,267731,265084
5300,2648,56,1,2649,267731,267787,265139
5299,2648,41,1,2666,267787,267828,265180
5301,2649,72,2,2667,267828,267900,265251
5302,2650,85,3,2666,267900,267985,265335
5303,2650,73,1,2670,267985,268058,265408
5304,2651,95,2,2663,268058,268153,265502
5305,2652,25,1,2657,268153,268178,265526
5306,2652,47,3,2672,268178,268225,265573
5307,2653,70,2,2670,268225,268295,265642
5308,2654,35,2,2657,268295,268330,265676
5314,2655,94,2,2656,268330,268424,265769
5311,2655,60,2,2659,268424,268484,265829
5313,2655,43,3,2664,268484,268527,265872
5310,2655,7,1,2669,268527,268534,265879
5312,2655,62,2,2671,268534,268596,265941
5309,2655,47,1,2673,268596,268643,265988
5316,2656,27,1,2657,268643,268670,266014
5317,2656,23,2,2663,268670,268693,266037
5318,2656,93,1,2666,268693,268786,266130
5315,2656,38,2,2669,268786,268824,266168
5319,2657,71,3,2675,268824,268895,266238
5320,2658,33,2,2672,268895,268928,266270
5321,2659,52,1,2671,268928,268980,266321
5322,2660,14,1,2661,268980,268994,266334
5326,2661,56,1,2665,268994,269050,266389
5324,2661,96,1,2669,269050,269146,266485
5325,2661,3,2,2672,269146,269149,266488
5323,2661,11,3,2672,269149,269160,266499
5327,2662,29,1,2675,269160,269189,266527
5328,2662,89,3,2681,269189,269278,266616
5329,2663,28,2,2669,269278,269306,266643
5330,2663,41,1,2681,269306,269347,266684
5332,2664,69,3,2667,269347,269416,266752
5331,2664,2,1,2668,269416,269418,266754
5333,2664,6,2,2673,269418,269424,266760
5334,2664,12,1,2680,269424,269436,266772
5337,2665,68,2,2668,269436,269504,266839
5335,2665,15,3,2670,269504,269519,266854
5336,2665,50,3,2678,269519,269569,266904
5338,2666,97,2,2676,269569,269666,267000
5339,2666,93,2,2680,269666,269759,267093
5340,2666,97,3,2685,269759,269856,267190
5341,2667,44,3,2668,269856,269900,267233
5343,2668,34,1,2669,269900,269934,267266
5342,2668,54,1,2675,269934,269988,267320
5344,2669,29,2,2681,269988,270017,267348
5345,2670,11,1,2675,270017,270028,267358
5346,2670,16,1,2677,270028,270044,267374
5347,2671,67,1,2685,270044,270111,267440
5348,2672,66,2,2691,270111,270177,267505
5351,2673,56,1,2681,270177,270233,267560
5349,2673,73,2,2683,270233,270306,267633
5350,2673,84,3,2692,270306,270390,267717
5352,2674,7,3,2678,270390,270397,267723
5353,2675,47,3,2693,270397,270444,267769
5354,2676,66,3,2683,270444,270510,267834
5355,2677,42,3,2680,270510,270552,267875
5357,2678,43,2,2679,270552,270595,267917
5356,2678,98,2,2680,270595,270693,268015
5358,2678,67,3,2684,270693,270760,268082
5359,2679,63,2,2693,270760,270823,268144
5360,2680,8,3,2689,270823,270831,268151
5361,2681,21,1,2682,270831,270852,268171
5363,2682,52,3,2685,270852,270904,268222
5362,2682,69,3,2686,270904,270973,268291
5365,2683,64,1,2684,270973,271037,268354
5364,2683,11,3,2695,271037,271048,268365
5368,2684,7,2,2685,271048,271055,268371
5369,2684,69,3,2696,271055,271124,268440
5366,2684,2,1,2697,271124,271126,268442
5370,2684,92,3,2701,271126,271218,268534
5367,2684,29,1,2704,271218,271247,268563
5371,2685,47,1,2702,271247,271294,268609
5372,2686,1,2,2690,271294,271295,268609
5373,2687,36,3,2693,271295,271331,268644
5376,2688,54,3,2694,271331,271385,268697
5374,2688,76,2,2697,271385,271461,268773
5375,2688,70,3,2707,271461,271531,268843
5377,2689,57,1,2691,271531,271588,268899
5378,2690,24,2,2707,271588,271612,268922
5379,2691,65,2,2704,271612,271677,268986
5382,2692,51,1,2695,271677,271728,269036
5381,2692,100,2,2703,271728,271828,269136
5380,2692,50,1,2705,271828,271878,269186
5383,2693,99,3,2709,271878,271977,269284
5384,2694,6,3,2711,271977,271983,269289
5385,2695,59,1,2711,271983,272042,269347
5387,2696,61,3,2700,272042,272103,269407
5389,2696,26,1,2709,272103,272129,269433
5388,2696,27,1,2710,272129,272156,269460
5386,2696,81,2,2712,272156,272237,269541
5390,2697,86,2,2713,272237,272323,269626
5391,2698,16,2,2716,272323,272339,269641
5393,2699,13,1,2709,272339,272352,269653
5392,2699,10,1,2718,272352,272362,269663
5395,2700,19,3,2711,272362,272381,269681
5394,2700,87,2,2717,272381,272468,269768
5397,2701,84,3,2706,272468,272552,269851
5396,2701,70,2,2718,272552,272622,269921
5400,2702,86,3,2704,272622,272708,270006
5399,2702,25,3,2708,272708,272733,270031
5398,2702,78,2,2720,272733,272811,270109
5402,2703,76,3,2719,272811,272887,270184
5401,2703,69,3,2720,272887,272956,270253
5404,2704,56,3,2715,272956,273012,270308
5403,2704,40,3,2717,273012,273052,270348
5405,2705,32,3,2706,273052,273084,270379
5407,2705,91,3,2707,273084,273175,270470
5409,2705,26,3,2712,273175,273201,270496
5408,2705,3,1,2720,273201,273204,270499
5406,2705,31,1,2724,273204,273235,270530
5410,2706,78,3,2709,273235,273313,270607
5411,2706,33,3,2714,273313,273346,270640
5412,2707,37,1,2721,273346,273383,270676
5413,2708,39,2,2712,273383,273422,270714
5414,2708,79,3,2713,273422,273501,270793
5415,2708,89,1,2720,273501,273590,270882
5416,2708,6,3,2724,273590,273596,270888
5418,2709,93,1,2723,273596,273689,270980
5419,2709,28,3,2726,273689,273717,271008
5417,2709,21,2,2727,273717,273738,271029
5420,2710,27,2,2721,273738,273765,271055
5421,2711,19,3,2712,273765,273784,271073
5422,2712,1,2,2714,273784,273785,271073
5423,2713,5,2,2716,273785,273790,271077
5424,2713,85,2,2723,273790,273875,271162
5425,2714,81,2,2734,273875,273956,271242
5426,2715,80,2,2716,273956,274036,271321
5427,2715,67,3,2723,274036,274103,271388
5428,2716,80,3,2718,274103,274183,271467
5429,2716,79,3,2735,274183,274262,271546
5430,2717,3,2,2735,274262,274265,271548
5431,2718,41,1,2720,274265,274306,271588
5433,2718,54,1,2723,274306,274360,271642
5434,2718,53,3,2734,274360,274413,271695
5432,2718,38,1,2736,274413,274451,271733
5435,2719,92,3,2737,274451,274543,271824
5436,2720,24,2,2730,274543,274567,271847
5438,2720,16,2,2738,274567,274583,271863
5437,2720,21,1,2738,274583,274604,271884
5440,2721,56,3,2732,274604,274660,271939
5439,2721,48,3,2737,274660,274708,271987
5442,2722,58,2,2727,274708,274766,272044
5441,2722,84,1,2734,274766,274850,272128
5443,2722,28,3,2738,274850,274878,272156
5446,2723,56,1,2731,274878,274934,272211
5445,2723,92,2,2733,274934,275026,272303
5444,2723,31,3,2734,275026,275057,272334
5447,2724,44,1,2726,275057,275101,272377
5448,2724,7,1,2733,275101,275108,272384
5450,2724,27,1,2744,275108,275135,272411
5449,2724,67,1,2744,275135,275202,272478
5451,2725,58,3,2727,275202,275260,272535
5452,2725,83,1,2744,275260,275343,272618
5454,2726,96,1,2729,275343,275439,272713
5453,2726,76,2,2741,275439,275515,272789
5455,2727,27,3,2745,275515,275542,272815
5456,2728,89,3,2736,275542,275631,272903
5457,2729,48,2,2741,275631,275679,272950
5458,2730,35,1,2740,275679,275714,272984
5459,2730,33,1,2746,275714,275747,273017
5460,2731,66,1,2745,275747,275813,273082
5464,2732,32,3,2733,275813,275845,273113
5461,2732,10,2,2745,275845,275855,273123
5463,2732,10,2,2746,275855,275865,273133
5462,2732,87,1,2747,275865,275952,273220
5465,2733,67,2,2743,275952,276019,273286
5466,2734,18,3,2736,276019,276037,273303
5469,2735,7,2,2743,276037,276044,273309
5467,2735,27,1,2743,276044,276071,273336
5468,2735,19,3,2746,276071,276090,273355
5472,2736,80,2,2746,276090,276170,273434
5470,2736,1,2,2748,276170,276171,273435
5473,2736,69,2,2752,276171,276240,273504
5471,2736,37,3,2755,276240,276277,273541
5474,2737,8,2,2738,276277,276285,273548
5475,2738,67,3,2752,276285,276352,273614
5477,2739,95,2,2744,276352,276447,273708
5476,2739,3,1,2754,276447,276450,273711
5479,2740,15,2,2748,276450,276465,273725
5478,2740,51,3,2757,276465,276516,273776
5480,2741,95,2,2745,276516,276611,273870
5481,2742,83,1,2758,276611,276694,273952
5482,2743,63,3,2752,276694,276757,274014
5483,2744,91,2,2755,276757,276848,274104
5484,2745,46,1,2764,276848,276894,274149
5486,2746,8,3,2755,276894,276902,274156
5485,2746,54,1,2757,276902,276956,274210
5487,2747,43,2,2760,276956,276999,274252
5489,2747,20,1,2766,276999,277019,274272
5488,2747,26,1,2766,277019,277045,274298
5490,2748,80,1,2758,277045,277125,274377
5492,2749,62,2,2750,277125,277187,274438
5491,2749,15,2,2763,277187,277202,274453
5493,2750,76,1,2754,277202,277278,274528
5495,2751,35,2,2760,277278,277313,274562
5494,2751,50,3,2770,277313,277363,274612
5496,2752,52,3,2760,277363,277415,274663
5498,2752,40,2,2765,277415,277455,274703
5497,2752,49,3,2768,277455,277504,274752
5499,2753,94,1,2755,277504,277598,274845
5502,2753,69,1,2757,277598,277667,274914
5500,2753,62,2,2759,277667,277729,274976
5501,2753,25,2,2761,277729,277754,275001
5503,2753,82,3,2769,277754,277836,275083
5505,2754,65,3,2769,277836,277901,275147
5506,2754,73,3,2770,277901,277974,275220
5504,2754,72,3,2772,277974,278046,275292
5507,2754,97,3,2774,278046,278143,275389
5508,2755,63,3,2770,278143,278206,275451
5509,2756,11,3,2776,278206,278217,275461
5510,2757,81,3,2758,278217,278298,275541
5512,2757,3,3,2772,278298,278301,275544
5511,2757,42,2,2773,278301,278343,275586
5513,2758,28,2,2765,278343,278371,275613
5515,2759,15,1,2772,278371,278386,275627
5514,2759,60,3,2772,278386,278446,275687
5517,2760,68,3,2771,278446,278514,275754
5516,2760,89,2,2773,278514,278603,275843
5519,2760,26,3,2775,278603,278629,275869
5518,2760,69,2,2777,278629,278698,275938
5520,2761,82,3,2763,278698,278780,276019
5522,2762,52,3,2770,278780,278832,276070
5521,2762,40,1,2776,278832,278872,276110
5523,2763,16,1,2768,278872,278888,276125
5525,2763,60,2,2773,278888,278948,276185
5524,2763,91,3,2777,278948,279039,276276
5526,2764,66,1,2770,279039,279105,276341
5527,2765,71,2,2775,279105,279176,276411
5528,2766,39,2,2782,279176,279215,276449
5529,2767,100,2,2771,279215,279315,276548
5531,2767,8,1,2782,279315,279323,276556
5530,2767,91,3,2783,279323,279414,276647
5532,2768,65,2,2786,279414,279479,276711
5533,2769,95,3,2774,279479,279574,276805
5534,2770,59,1,2771,279574,279633,276863
5535,2771,91,1,2779,279633,279724,276953
5536,2772,6,3,2789,279724,279730,276958
5537,2773,61,3,2777,279730,279791,277018
5538,2773,34,1,2785,279791,279825,277052
5539,2774,80,3,2792,279825,279905,277131
5540,2775,81,1,2778,279905,279986,277211
5541,2776,97,2,2785,279986,280083,277307
5542,2777,65,2,2782,280083,280148,277371
5543,2777,71,2,2784,280148,280219,277442
5544,2778,14,3,2790,280219,280233,277455
5545,2779,35,1,2789,280233,280268,277489
5546,2780,50,1,2782,280268,280318,277538
5551,2781,63,3,2783,280318,280381,277600
5549,2781,97,3,2785,280381,280478,277697
5548,2781,52,2,2786,280478,280530,277749
5547,2781,24,1,2793,280530,280554,277773
5550,2781,57,3,2793,280554,280611,277830
5552,2782,94,2,2801,280611,280705,277923
5553,2783,46,3,2796,280705,280751,277968
5555,2784,47,3,2797,280751,280798,278014
5554,2784,32,1,2802,280798,280830,278046
5559,2785,39,2,2798,280830,280869,278084
5558,2785,8,1,2800,280869,280877,278092
5557,2785,36,3,2804,280877,280913,278128
5556,2785,36,1,2805,280913,280949,278164
5560,2786,22,1,2802,280949,280971,278185
5562,2787,96,3,2790,280971,281067,278280
5561,2787,36,3,2793,281067,281103,278316
5563,2787,54,1,2805,281103,281157,278370
5564,2788,85,1,2792,281157,281242,278454
5565,2788,86,1,2806,281242,281328,278540
5566,2789,69,3,2804,281328,281397,278608
5567,2789,19,2,2809,281397,281416,278627
5571,2790,30,2,2793,281416,281446,278656
5569,2790,24,3,2794,281446,281470,278680
5570,2790,58,3,2802,281470,281528,278738
5568,2790,85,2,2808,281528,281613,278823
5574,2791,65,1,2799,281613,281678,278887
5573,2791,33,1,2800,281678,281711,278920
5575,2791,90,2,2810,281711,281801,279010
5572,2791,95,2,2810,281801,281896,279105
5576,2792,47,2,2795,281896,281943,279151
5577,2793,88,3,2802,281943,282031,279238
5578,2794,63,3,2813,282031,282094,279300
5579,2795,13,2,2811,282094,282107,279312
5580,2796,30,3,2812,282107,282137,279341
5582,2797,2,1,2798,282137,282139,279342
5581,2797,97,3,2814,282139,282236,279439
5584,2798,37,3,2806,282236,282273,279475
5583,2798,58,2,2811,282273,282331,279533
5585,2798,79,1,2816,282331,282410,279612
5587,2799,7,1,2803,282410,282417,279618
5586,2799,92,1,2816,282417,282509,279710
5588,2800,15,1,2809,282509,282524,279724
5589,2801,16,1,2816,282524,282540,279739
5590,2802,80,1,2815,282540,282620,279818
5591,2802,94,3,2815,282620,282714,279912
5592,2802,10,1,2817,282714,282724,279922
5593,2802,49,1,2821,282724,282773,279971
5594,2802,61,3,2822,282773,282834,280032
5595,2803,40,1,2818,282834,282874,280071
5596,2804,21,3,2811,282874,282895,280091
5597,2805,90,1,2820,282895,282985,280180
5598,2806,70,3,2812,282985,283055,280249
5599,2807,4,1,2809,283055,283059,280252
5600,2808,23,1,2810,283059,283082,280274
5601,2809,98,3,2827,283082,283180,280371
5602,2810,45,2,2819,283180,283225,280415
5603,2810,46,3,2821,283225,283271,280461
5604,2810,70,1,2827,283271,283341,280531
5605,2811,14,2,2822,283341,283355,280544
5606,2812,68,3,2826,283355,283423,280611
5607,2812,97,1,2827,283423,283520,280708
5609,2813,13,1,2832,283520,283533,280720
5608,2813,86,2,2832,283533,283619,280806
5610,2814,89,2,2818,283619,283708,280894
5611,2815,89,2,2827,283708,283797,280982
5613,2815,5,3,2834,283797,283802,280987
5612,2815,46,1,2834,283802,283848,281033
5614,2816,56,1,2826,283848,283904,281088
5618,2817,11,3,2825,283904,283915,281098
5616,2817,75,3,2829,283915,283990,281173
5615,2817,16,1,2836,283990,284006,281189
5617,2817,64,1,2837,284006,284070,281253
5619,2818,5,2,2821,284070,284075,281257
5620,2818,77,2,2822,284075,284152,281334
5622,2819,18,3,2828,284152,284170,281351
5621,2819,64,2,2836,284170,284234,281415
5623,2820,62,1,2828,284234,284296,281476
5625,2821,93,2,2829,284296,284389,281568
5624,2821,41,2,2837,284389,284430,281609
5626,2822,26,2,2832,284430,284456,281634
5627,2823,97,2,2840,284456,284553,281730
5628,2824,81,3,2840,284553,284634,281810
5629,2825,78,2,2826,284634,284712,281887
5630,2826,19,2,2827,284712,284731,281905
5632,2826,89,2,2827,284731,284820,281994
5633,2826,19,2,2833,284820,284839,282013
5631,2826,62,2,2836,284839,284901,282075
5634,2827,40,3,2828,284901,284941,282114
5635,2827,56,3,2846,284941,284997,282170
5636,2828,47,2,2830,284997,285044,282216
5638,2829,62,3,2830,285044,285106,282277
5637,2829,83,2,2847,285106,285189,282360
5639,2829,56,3,2849,285189,285245,282416
5640,2830,40,2,2848,285245,285285,282455
5643,2831,98,2,2838,285285,285383,282552
5641,2831,53,3,2839,285383,285436,282605
5642,2831,95,2,2851,285436,285531,282700
5647,2832,49,2,2837,285531,285580,282748
5646,2832,49,2,2841,285580,285629,282797
5645,2832,14,3,2852,285629,285643,282811
5644,2832,22,1,2852,285643,285665,282833
5648,2833,90,1,2853,285665,285755,282922
5649,2834,82,3,2838,285755,285837,283003
5651,2835,37,3,2842,285837,285874,283039
5650,2835,65,3,2847,285874,285939,283104
5653,2836,21,2,2841,285939,285960,283124
5652,2836,75,3,2856,285960,286035,283199
5657,2837,9,1,2840,286035,286044,283207
5656,2837,43,2,2841,286044,286087,283250
5655,2837,31,1,2843,286087,286118,283281
5654,2837,4,1,2846,286118,286122,283285
5658,2838,16,3,2852,286122,286138,283300
5660,2839,96,2,2847,286138,286234,283395
5662,2839,50,3,2849,286234,286284,283445
5661,2839,99,3,2853,286284,286383,283544
5659,2839,17,1,2858,286383,286400,283561
5663,2839,25,2,2858,286400,286425,283586
5665,2840,44,1,2844,286425,286469,283629
5664,2840,32,2,2858,286469,286501,283661
5666,2841,57,1,2852,286501,286558,283717
5667,2842,56,2,2843,286558,286614,283772
5668,2842,34,1,2847,286614,286648,283806
5669,2843,25,3,2855,286648,286673,283830
5670,2844,50,3,2850,286673,286723,283879
5671,2845,84,2,2848,286723,286807,283962
5677,2846,2,2,2849,286807,286809,283963
5675,2846,22,1,2850,286809,286831,283985
5678,2846,85,1,2854,286831,286916,284070
5676,2846,99,3,2857,286916,287015,284169
5673,2846,4,1,2863,287015,287019,284173
5672,2846,15,3,2863,287019,287034,284188
5674,2846,81,3,2865,287034,287115,284269
5681,2847,84,1,2852,287115,287199,284352
5679,2847,27,3,2855,287199,287226,284379
5684,2847,66,2,2855,287226,287292,284445
5683,2847,59,2,2857,287292,287351,284504
5680,2847,7,2,2860,287351,287358,284511
5682,2847,26,1,2860,287358,287384,284537
5685,2848,61,1,2861,287384,287445,284597
5686,2849,19,2,2859,287445,287464,284615
5689,2850,95,3,2855,287464,287559,284709
5690,2850,35,2,2857,287559,287594,284744
5687,2850,29,2,2863,287594,287623,284773
5688,2850,39,1,2870,287623,287662,284812
5692,2851,82,1,2869,287662,287744,284893
5691,2851,39,2,2871,287744,287783,284932
5693,2852,85,3,2864,287783,287868,285016
5694,2853,60,2,2854,287868,287928,285075
5696,2854,93,3,2856,287928,288021,285167
5695,2854,17,2,2859,288021,288038,285184
5697,2854,29,1,2871,288038,288067,285213
5698,2854,16,1,2872,288067,288083,285229
5699,2855,91,2,2872,288083,288174,285319
5700,2856,8,2,2865,288174,288182,285326
5701,2857,32,1,2858,288182,288214,285357
5703,2857,31,1,2860,288214,288245,285388
5702,2857,31,2,2876,288245,288276,285419
5707,2858,82,3,2861,288276,288358,285500
5705,2858,94,1,2864,288358,288452,285594
5704,2858,35,1,2873,288452,288487,285629
5706,2858,59,2,2874,288487,288546,285688
5708,2859,80,2,2863,288546,288626,285767
5710,2860,87,1,2861,288626,288713,285853
5709,2860,67,3,2867,288713,288780,285920
5711,2860,6,2,2868,288780,288786,285926
5713,2861,1,2,2865,288786,288787,285926
5714,2861,68,3,2870,288787,288855,285994
5715,2861,32,2,2873,288855,288887,286026
5712,2861,8,1,2878,288887,288895,286034
5716,2862,22,3,2867,288895,288917,286055
5717,2862,4,3,2876,288917,288921,286059
5718,2863,60,1,2882,288921,288981,286118
5719,2864,15,1,2883,288981,288996,286132
5722,2865,91,1,2866,288996,289087,286222
5720,2865,97,2,2871,289087,289184,286319
5721,2865,24,1,2884,289184,289208,286343
5723,2866,13,2,2872,289208,289221,286355
5724,2867,32,3,2868,289221,289253,286386
5726,2868,69,1,2876,289253,289322,286454
5725,2868,62,2,2887,289322,289384,286516
5727,2869,56,2,2875,289384,289440,286571
5729,2870,57,3,2879,289440,289497,286627
5728,2870,80,3,2890,289497,289577,286707
5730,2871,16,2,2888,289577,289593,286722
5731,2872,45,1,2876,289593,289638,286766
5732,2872,39,3,2892,289638,289677,286805
5733,2873,74,1,2893,289677,289751,286878
5734,2874,93,3,2888,289751,289844,286970
5735,2874,65,2,2892,289844,289909,287035
5736,2875,3,1,2876,289909,289912,287037
5737,2876,100,3,2885,289912,290012,287136
5738,2876,76,3,2890,290012,290088,287212
5740,2877,16,2,2891,290088,290104,287227
5739,2877,64,3,2891,290104,290168,287291
5741,2877,24,1,2896,290168,290192,287315
5743,2878,49,1,2889,290192,290241,287363
5742,2878,23,3,2896,290241,290264,287386
5744,2879,80,2,2899,290264,290344,287465
5745,2880,32,1,2892,290344,290376,287496
5747,2881,88,3,2890,290376,290464,287583
5746,2881,46,1,2898,290464,290510,287629
5748,2882,17,3,2895,290510,290527,287645
5751,2883,39,3,2886,290527,290566,287683
5749,2883,45,1,2887,290566,290611,287728
5750,2883,49,3,2889,290611,290660,287777
5752,2884,99,2,2888,290660,290759,287875
5753,2885,10,2,2890,290759,290769,287884
5754,2885,10,3,2894,290769,290779,287894
5756,2885,63,2,2897,290779,290842,287957
5755,2885,72,2,2905,290842,290914,288029
5758,2886,47,2,2893,290914,290961,288075
5757,2886,54,3,2899,290961,291015,288129
5760,2887,34,2,2901,291015,291049,288162
5759,2887,80,1,2905,291049,291129,288242
5761,2888,20,2,2904,291129,291149,288261
5762,2889,80,3,2891,291149,291229,288340
5763,2890,2,3,2905,291229,291231,288341
5764,2891,89,3,2906,291231,291320,288429
5765,2892,72,3,2896,291320,291392,288500
5766,2893,64,1,2913,291392,291456,288563
5767,2894,37,3,2911,291456,291493,288599
5768,2895,7,3,2905,291493,291500,288605
5769,2895,51,1,2905,291500,291551,288656
5772,2896,97,3,2897,291551,291648,288752
5771,2896,6,1,2906,291648,291654,288758
5770,2896,72,2,2914,291654,291726,288830
5773,2897,78,2,2903,291726,291804,288907
5774,2898,22,2,2904,291804,291826,288928
5775,2899,65,2,2913,291826,291891,288992
5777,2900,72,3,2915,291891,291963,289063
5776,2900,20,2,2917,291963,291983,289083
5779,2901,16,1,2916,291983,291999,289098
5778,2901,24,1,2919,291999,292023,289122
5780,2902,4,2,2906,292023,292027,289125
5781,2903,76,3,2919,292027,292103,289200
5783,2904,5,1,2909,292103,292108,289204
5782,2904,87,3,2913,292108,292195,289291
5784,2905,63,1,2908,292195,292258,289353
5785,2905,3,2,2915,292258,292261,289356
5787,2905,91,2,2918,292261,292352,289447
5786,2905,17,3,2925,292352,292369,289464
5792,2906,37,2,2914,292369,292406,289500
5793,2906,35,2,2915,292406,292441,289535
5791,2906,6,3,2916,292441,292447,289541
5788,2906,34,1,2921,292447,292481,289575
5790,2906,27,1,2923,292481,292508,289602
5789,2906,76,2,2924,292508,292584,289678
5795,2907,14,3,2915,292584,292598,289691
5794,2907,10,1,2922,292598,292608,289701
5797,2908,3,3,2910,292608,292611,289703
5798,2908,71,3,2916,292611,292682,289774
5796,2908,33,2,2927,292682,292715,289807
5800,2909,9,3,2915,292715,292724,289815
5799,2909,33,1,2922,292724,292757,289848
5801,2910,73,2,2913,292757,292830,289920
5802,2911,60,2,2920,292830,292890,289979
5805,2912,24,3,2923,292890,292914,290002
5804,2912,64,3,2924,292914,292978,290066
5803,2912,61,3,2928,292978,293039,290127
5809,2913,39,1,2916,293039,293078,290165
5810,2913,5,2,2919,293078,293083,290170
5806,2913,62,2,2922,293083,293145,290232
5807,2913,58,3,2925,293145,293203,290290
5811,2913,34,3,2926,293203,293237,290324
5808,2913,84,3,2930,293237,293321,290408
5812,2914,3,3,2932,293321,293324,290410
5813,2915,37,2,2919,293324,293361,290446
5814,2915,59,3,2919,293361,293420,290505
5815,2915,72,1,2931,293420,293492,290577
5816,2915,23,2,2934,293492,293515,290600
5817,2916,83,3,2928,293515,293598,290682
5818,2917,27,1,2926,293598,293625,290708
5819,2918,71,3,2933,293625,293696,290778
5822,2919,58,2,2929,293696,293754,290835
5820,2919,83,3,2931,293754,293837,290918
5821,2919,26,1,2939,293837,293863,290944
5823,2920,14,3,2921,293863,293877,290957
5825,2920,24,1,2924,293877,293901,290981
5824,2920,60,3,2931,293901,293961,291041
5826,2921,25,1,2929,293961,293986,291065
5830,2922,81,1,2923,293986,294067,291145
5829,2922,78,1,2924,294067,294145,291223
5828,2922,8,3,2926,294145,294153,291231
5827,2922,75,2,2931,294153,294228,291306
5831,2922,56,1,2939,294228,294284,291362
5832,2923,54,1,2940,294284,294338,291415
5833,2924,23,2,2930,294338,294361,291437
5835,2925,30,3,2934,294361,294391,291466
5834,2925,2,3,2937,294391,294393,291468
5836,2926,60,1,2945,294393,294453,291527
5837,2927,26,3,2928,294453,294479,291552
5838,2928,40,1,2932,294479,294519,291591
5839,2928,45,1,2943,294519,294564,291636
5840,2929,6,3,2942,294564,294570,291641
5841,2930,23,3,2936,294570,294593,291663
5842,2931,91,1,2933,294593,294684,291753
5843,2932,18,2,2933,294684,294702,291770
5844,2932,33,2,2943,294702,294735,291803
5847,2933,44,1,2945,294735,294779,291846
5845,2933,46,2,2952,294779,294825,291892
5846,2933,49,3,2952,294825,294874,291941
5848,2934,38,2,2937,294874,294912,291978
5850,2934,69,2,2946,294912,294981,292047
5849,2934,38,3,2952,294981,295019,292085
5851,2935,80,1,2943,295019,295099,292164
5853,2936,88,3,2944,295099,295187,292251
5852,2936,87,2,2953,295187,295274,292338
5854,2937,22,3,2950,295274,295296,292359
5855,2938,87,1,2956,295296,295383,292445
5856,2939,25,1,2946,295383,295408,292469
5857,2940,2,1,2942,295408,295410,292470
5858,2941,63,1,2960,295410,295473,292532
5859,2942,60,3,2944,295473,295533,292591
5862,2943,11,3,2945,295533,295544,292601
5861,2943,21,2,2949,295544,295565,292622
5864,2943,62,1,2950,295565,295627,292684
5863,2943,60,3,2962,295627,295687,292744
5860,2943,32,2,2963,295687,295719,292776
5865,2944,82,2,2948,295719,295801,292857
5866,2944,100,3,2953,295801,295901,292957
5867,2945,1,3,2956,295901,295902,292957
5868,2945,67,3,2956,295902,295969,293024
5869,2946,39,2,2948,295969,296008,293062
5870,2947,63,3,2950,296008,296071,293124
5871,2948,47,3,2950,296071,296118,293170
5874,2949,2,1,2953,296118,296120,293171
5872,2949,31,3,2956,296120,296151,293202
5875,2949,82,3,2958,296151,296233,293284
5873,2949,59,3,2961,296233,296292,293343
5876,2950,3,2,2964,296292,296295,293345
5877,2951,10,3,2955,296295,296305,293354
5880,2952,52,1,2953,296305,296357,293405
5879,2952,29,2,2960,296357,296386,293434
5878,2952,26,1,2963,296386,296412,293460
5881,2952,68,3,2964,296412,296480,293528
5882,2953,40,3,2954,296480,296520,293567
5883,2954,34,3,2969,296520,296554,293600
5884,2955,17,2,2974,296554,296571,293616
5885,2956,68,1,2959,296571,296639,293683
5886,2956,85,3,2959,296639,296724,293768
5887,2956,91,2,2968,296724,296815,293859
5888,2957,100,2,2967,296815,296915,293958
5889,2958,44,1,2962,296915,296959,294001
5890,2959,41,2,2965,296959,297000,294041
5892,2960,76,2,2961,297000,297076,294116
5891,2960,51,3,2967,297076,297127,294167
5893,2961,5,2,2972,297127,297132,294171
5894,2961,13,3,2977,297132,297145,294184
5895,2962,8,3,2982,297145,297153,294191
5896,2963,16,2,2971,297153,297169,294206
5897,2964,65,1,2970,297169,297234,294270
5898,2964,30,3,2980,297234,297264,294300
5899,2965,13,3,2980,297264,297277,294312
5900,2966,98,3,2984,297277,297375,294409
5901,2967,93,2,2971,297375,297468,294501
5902,2967,54,1,2975,297468,297522,294555
5903,2968,30,1,2979,297522,297552,294584
5904,2968,79,1,2984,297552,297631,294663
5905,2969,27,2,2979,297631,297658,294689
5907,2970,13,3,2977,297658,297671,294701
5908,2970,14,1,2989,297671,297685,294715
5906,2970,84,2,2990,297685,297769,294799
5909,2971,42,2,2979,297769,297811,294840
5910,2972,75,2,2974,297811,297886,294914
5911,2973,53,2,2975,297886,297939,294966
5914,2974,52,1,2977,297939,297991,295017
5913,2974,5,2,2978,297991,297996,295022
5912,2974,45,3,2986,297996,298041,295067
5916,2975,16,2,2988,298041,298057,295082
5915,2975,48,2,2988,298057,298105,295130
5917,2976,51,2,2979,298105,298156,295180
5918,2977,10,3,2990,298156,298166,295189
5920,2978,70,3,2989,298166,298236,295258
5919,2978,7,1,2992,298236,298243,295265
5921,2978,14,3,2992,298243,298257,295279
5922,2979,39,3,2982,298257,298296,295317
5925,2980,82,1,2982,298296,298378,295398
5926,2980,12,2,2986,298378,298390,295410
5923,2980,48,1,2986,298390,298438,295458
5927,2980,5,1,2989,298438,298443,295463
5924,2980,50,2,2990,298443,298493,295513
5928,2980,50,2,2991,298493,298543,295563
5929,2981,61,3,2995,298543,298604,295623
5930,2982,59,1,2996,298604,298663,295681
5931,2983,55,2,2989,298663,298718,295735
5932,2984,49,2,2995,298718,298767,295783
5933,2985,59,1,3002,298767,298826,295841
5934,2986,33,1,2990,298826,298859,295873
5935,2987,77,1,2989,298859,298936,295949
5936,2988,91,3,2997,298936,299027,296039
5937,2989,98,2,2995,299027,299125,296136
5939,2990,45,2,2994,299125,299170,296180
5938,2990,51,1,2997,299170,299221,296231
5941,2991,92,2,3001,299221,299313,296322
5940,2991,27,3,3010,299313,299340,296349
5942,2992,35,1,3002,299340,299375,296383
5944,2992,56,2,3002,299375,299431,296439
5943,2992,72,2,3009,299431,299503,296511
5947,2993,49,1,2997,299503,299552,296559
5948,2993,91,1,3001,299552,299643,296650
5945,2993,99,3,3010,299643,299742,296749
5946,2993,43,2,3011,299742,299785,296792
5950,2994,8,1,3001,299785,299793,296799
5949,2994,55,3,3011,299793,299848,296854
5953,2995,91,2,2999,299848,299939,296944
5952,2995,95,1,3000,299939,300034,297039
5951,2995,2,3,3005,300034,300036,297041
5954,2995,23,3,3013,300036,300059,297064
5956,2996,37,3,3012,300059,300096,297100
5955,2996,14,2,3014,300096,300110,297114
5960,2997,37,3,3001,300110,300147,297150
5961,2997,91,2,3001,300147,300238,297241
5957,2997,20,3,3007,300238,300258,297261
5959,2997,68,2,3012,300258,300326,297329
5958,2997,66,3,3016,300326,300392,297395
5962,2998,62,1,3005,300392,300454,297456
5963,2999,86,1,3010,300454,300540,297541
5964,3000,31,3,3011,300540,300571,297571
5966,3001,90,1,3006,300571,300661,297660
5965,3001,65,1,3019,300661,300726,297725
5968,3002,7,1,3013,300726,300733,297731
5967,3002,22,1,3018,300733,300755,297753
5970,3003,98,3,3013,300755,300853,297850
5969,3003,42,3,3017,300853,300895,297892
5971,3004,87,2,3019,300895,300982,297978
5972,3005,65,1,3017,300982,301047,298042
5974,3006,23,2,3010,301047,301070,298064
5975,3006,23,3,3011,301070,301093,298087
5973,3006,100,1,3011,301093,301193,298187
5976,3007,19,1,3008,301193,301212,298205
5981,3007,55,1,3011,301212,301267,298260
5978,3007,88,1,3011,301267,301355,298348
5980,3007,4,2,3013,301355,301359,298352
5977,3007,10,3,3017,301359,301369,298362
5982,3007,78,2,3021,301369,301447,298440
5979,3007,99,3,3021,301447,301546,298539
5984,3008,40,3,3009,301546,301586,298578
5983,3008,68,3,3025,301586,301654,298646
5986,3009,17,3,3016,301654,301671,298662
5985,3009,32,2,3025,301671,301703,298694
5988,3010,100,2,3019,301703,301803,298793
5987,3010,62,3,3025,301803,301865,298855
5989,3011,41,3,3014,301865,301906,298895
5993,3012,75,2,3025,301906,301981,298969
5994,3012,69,1,3026,301981,302050,299038
5991,3012,100,1,3027,302050,302150,299138
5990,3012,73,1,3028,302150,302223,299211
5995,3012,71,3,3030,302223,302294,299282
5992,3012,73,2,3030,302294,302367,299355
5998,3013,9,2,3017,302367,302376,299363
5996,3013,13,3,3017,302376,302389,299376
5997,3013,86,3,3030,302389,302475,299462
6000,3014,57,3,3024,302475,302532,299518
5999,3014,86,3,3028,302532,302618,299604
6002,3015,10,2,3017,302618,302628,299613
6003,3015,38,2,3025,302628,302666,299651
6001,3015,43,2,3034,302666,302709,299694
6004,3016,26,2,3023,302709,302735,299719
6005,3017,4,2,3025,302735,302739,299722
6006,3018,5,1,3036,302739,302744,299726
6007,3019,72,3,3021,302744,302816,299797
6010,3020,87,1,3025,302816,302903,299883
6008,3020,53,3,3027,302903,302956,299936
6009,3020,50,3,3035,302956,303006,299986
6013,3021,10,2,3024,303006,303016,299995
6012,3021,97,3,3029,303016,303113,300092
6011,3021,99,3,3037,303113,303212,300191
6014,3022,54,1,3024,303212,303266,300244
6015,3023,1,2,3042,303266,303267,300244
6018,3024,38,2,3032,303267,303305,300281
6017,3024,97,1,3038,303305,303402,300378
6016,3024,49,2,3042,303402,303451,300427
6022,3025,72,3,3026,303451,303523,300498
6019,3025,3,2,3035,303523,303526,300501
6020,3025,76,3,3035,303526,303602,300577
6021,3025,90,1,3044,303602,303692,300667
6023,3026,91,3,3036,303692,303783,300757
6024,3026,63,3,3040,303783,303846,300820
6025,3027,84,1,3044,303846,303930,300903
6026,3028,99,2,3034,303930,304029,301001
6027,3028,19,2,3043,304029,304048,301020
6028,3029,9,2,3036,304048,304057,301028
6029,3030,41,1,3045,304057,304098,301068
6030,3031,8,3,3051,304098,304106,301075
6031,3032,39,3,3048,304106,304145,301113
6033,3033,2,3,3046,304145,304147,301114
6032,3033,74,3,3049,304147,304221,301188
6034,3034,45,2,3054,304221,304266,301232
6035,3035,99,2,3053,304266,304365,301330
6036,3036,24,3,3038,304365,304389,301353
6037,3037,6,3,3043,304389,304395,301358
6038,3038,3,3,3051,304395,304398,301360
6039,3039,5,2,3054,304398,304403,301364
6042,3040,20,3,3057,304403,304423,301383
6041,3040,77,3,3059,304423,304500,301460
6040,3040,21,1,3060,304500,304521,301481
6045,3041,21,3,3046,304521,304542,301501
6046,3041,61,2,3047,304542,304603,301562
6043,3041,62,3,3053,304603,304665,301624
6047,3041,39,1,3057,304665,304704,301663
6048,3041,84,3,3058,304704,304788,301747
6044,3041,19,1,3060,304788,304807,301766
6050,3042,74,3,3047,304807,304881,301839
6051,3042,89,3,3050,304881,304970,301928
6052,3042,70,1,3054,304970,305040,301998
6049,3042,92,1,3059,305040,305132,302090
6054,3043,11,3,3049,305132,305143,302100
6053,3043,25,1,3053,305143,305168,302125
6055,3043,1,1,3062,305168,305169,302126
6056,3043,76,3,3062,305169,305245,302202
6057,3044,30,1,3047,305245,305275,302231
6059,3045,5,2,3049,305275,305280,302235
6058,3045,48,3,3061,305280,305328,302283
6060,3045,27,1,3065,305328,305355,302310
6061,3046,99,3,3055,305355,305454,302408
6062,3046,59,3,3066,305454,305513,302467
6064,3047,35,1,3053,305513,305548,302501
6063,3047,59,2,3057,305548,305607,302560
6066,3048,42,2,3058,305607,305649,302601
6065,3048,44,1,3060,305649,305693,302645
6067,3049,82,1,3050,305693,305775,302726
6068,3050,39,1,3060,305775,305814,302764
6069,3051,22,2,3068,305814,305836,302785
6070,3052,46,1,3062,305836,305882,302830
6071,3053,90,2,3058,305882,305972,302919
6074,3054,17,3,3055,305972,305989,302935
6072,3054,41,2,3061,305989,306030,302976
6073,3054,25,1,3066,306030,306055,303001
6077,3055,93,3,3056,306055,306148,303093
6076,3055,39,3,3067,306148,306187,303132
6075,3055,67,3,3073,306187,306254,303199
6079,3056,18,1,3061,306254,306272,303216
6078,3056,50,3,3070,306272,306322,303266
6080,3057,21,1,3061,306322,306343,303286
6081,3057,83,1,3067,306343,306426,303369
6083,3058,29,3,3062,306426,306455,303397
6085,3058,65,1,3064,306455,306520,303462
6084,3058,78,1,3064,306520,306598,303540
6082,3058,93,2,3077,306598,306691,303633
6090,3059,66,2,3065,306691,306757,303698
6089,3059,81,1,3068,306757,306838,303779
6087,3059,51,2,3072,306838,306889,303830
6086,3059,41,1,3073,306889,306930,303871
6088,3059,39,1,3075,306930,306969,303910
6091,3060,71,1,3069,306969,307040,303980
6095,3061,39,3,3063,307040,307079,304018
6093,3061,12,3,3064,307079,307091,304030
6097,3061,24,1,3066,307091,307115,304054
6092,3061,1,2,3071,307115,307116,304055
6094,3061,50,2,3072,307116,307166,304105
6096,3061,26,2,3073,307166,307192,304131
6098,3062,98,3,3066,307192,307290,304228
6100,3063,94,1,3070,307290,307384,304321
6099,3063,86,1,3074,307384,307470,304407
6101,3064,10,2,3080,307470,307480,304416
6102,3065,8,3,3070,307480,307488,304423
6104,3066,63,1,3077,307488,307551,304485
6103,3066,64,3,3080,307551,307615,304549
6105,3067,89,1,3087,307615,307704,304637
6108,3068,32,1,3069,307704,307736,304668
6115,3068,93,2,3069,307736,307829,304761
6109,3068,50,3,3070,307829,307879,304811
6114,3068,93,2,3076,307879,307972,304904
6110,3068,99,3,3080,307972,308071,305003
6113,3068,41,3,3081,308071,308112,305044
6111,3068,77,1,3081,308112,308189,305121
6106,3068,14,3,3083,308189,308203,305135
6107,3068,24,3,3083,308203,308227,305159
6112,3068,44,2,3087,308227,308271,305203
6116,3069,70,2,3072,308271,308341,305272
6117,3069,78,1,3078,308341,308419,305350
6118,3070,21,3,3071,308419,308440,305370
6119,3071,3,1,3090,308440,308443,305372
6120,3072,80,2,3074,308443,308523,305451
6122,3073,92,3,3078,308523,308615,305542
6121,3073,32,2,3088,308615,308647,305574
6123,3074,7,1,3090,308647,308654,305580
6124,3075,22,1,3093,308654,308676,305601
6125,3076,5,3,3083,308676,308681,305605
6126,3076,65,1,3096,308681,308746,305670
6127,3077,71,1,3082,308746,308817,305740
6128,3077,98,3,3094,308817,308915,305838
6130,3078,27,1,3088,308915,308942,305864
6129,3078,26,3,3092,308942,308968,305890
6131,3079,6,2,3083,308968,308974,305895
6132,3080,34,3,3093,308974,309008,305928
6133,3081,24,2,3088,309008,309032,305951
6134,3081,53,2,3101,309032,309085,306004
6135,3082,81,2,3095,309085,309166,306084
6139,3083,49,2,3084,309166,309215,306132
6138,3083,85,1,3084,309215,309300,306217
6141,3083,53,3,3087,309300,309353,306270
6140,3083,29,3,3094,309353,309382,306299
6137,3083,43,1,3095,309382,309425,306342
6136,3083,83,3,3097,309425,309508,306425
6142,3084,76,3,3086,309508,309584,306500
6143,3084,31,3,3090,309584,309615,306531
6146,3085,26,3,3087,309615,309641,306556
6145,3085,100,2,3088,309641,309741,306656
6144,3085,54,3,3104,309741,309795,306710
6148,3086,52,3,3089,309795,309847,306761
6147,3086,83,2,3089,309847,309930,306844
6149,3086,79,1,3094,309930,310009,306923
6150,3087,1,1,3107,310009,310010,306923
6151,3088,79,2,3103,310010,310089,307001
6152,3089,85,3,3091,310089,310174,307085
6155,3090,39,3,3099,310174,310213,307123
6153,3090,43,1,3099,310213,310256,307166
6154,3090,33,1,3106,310256,310289,307199
6156,3091,9,3,3111,310289,310298,307207
6161,3092,3,2,3094,310298,310301,307209
6160,3092,51,3,3097,310301,310352,307260
6158,3092,17,1,3101,310352,310369,307277
6159,3092,39,3,3105,310369,310408,307316
6157,3092,25,2,3110,310408,310433,307341
6162,3093,84,2,3107,310433,310517,307424
6163,3094,27,2,3099,310517,310544,307450
6165,3095,1,3,3107,310544,310545,307450
6164,3095,99,1,3114,310545,310644,307549
6167,3096,77,2,3104,310644,310721,307625
6166,3096,80,3,3115,310721,310801,307705
6168,3097,40,1,3106,310801,310841,307744
6170,3098,4,2,3113,310841,310845,307747
6169,3098,44,2,3117,310845,310889,307791
6171,3099,17,3,3118,310889,310906,307807
6172,3100,59,2,3101,310906,310965,307865
6173,3101,22,2,3114,310965,310987,307886
6174,3101,13,2,3120,310987,311000,307899
6175,3102,73,1,3121,311000,311073,307971
6176,3103,67,1,3113,311073,311140,308037
6177,3104,80,2,3106,311140,311220,308116
6178,3105,2,2,3108,311220,311222,308117
6179,3105,40,3,3109,311222,311262,308157
6180,3105,21,1,3120,311262,311283,308178
6181,3106,93,1,3112,311283,311376,308270
6182,3107,79,2,3126,311376,311455,308348
6183,3108,50,3,3109,311455,311505,308397
6184,3108,15,2,3123,311505,311520,308412
6185,3109,12,2,3118,311520,311532,308423
6190,3110,62,2,3115,311532,311594,308484
6187,3110,57,2,3120,311594,311651,308541
6188,3110,100,2,3122,311651,311751,308641
6186,3110,93,3,3126,311751,311844,308734
6189,3110,1,1,3127,311844,311845,308735
6191,3110,94,2,3127,311845,311939,308829
6192,3110,73,1,3129,311939,312012,308902
6194,3111,86,2,3115,312012,312098,308987
6193,3111,43,3,3117,312098,312141,309030
6195,3112,66,3,3118,312141,312207,309095
6196,3113,38,1,3126,312207,312245,309132
6197,3114,50,2,3120,312245,312295,309181
6198,3115,88,2,3135,312295,312383,309268
6199,3116,57,1,3123,312383,312440,309324
6200,3117,81,3,3118,312440,312521,309404
6201,3118,42,3,3120,312521,312563,309445
6202,3119,35,1,3135,312563,312598,309479
6203,3120,45,3,3136,312598,312643,309523
6205,3121,61,2,3127,312643,312704,309583
6204,3121,48,1,3134,312704,312752,309631
6206,3121,76,2,3136,312752,312828,309707
6208,3122,73,1,3123,312828,312901,309779
6211,3122,31,2,3126,312901,312932,309810
6207,3122,84,2,3133,312932,313016,309894
6209,3122,97,2,3133,313016,313113,309991
6210,3122,56,1,3134,313113,313169,310047
6212,3122,64,3,3140,313169,313233,310111
6213,3122,75,3,3142,313233,313308,310186
6215,3123,2,2,3131,313308,313310,310187
6214,3123,16,2,3141,313310,313326,310203
6216,3124,51,1,3132,313326,313377,310253
6217,3125,53,2,3133,313377,313430,310305
6218,3126,91,3,3140,313430,313521,310395
6219,3127,48,1,3130,313521,313569,310442
6220,3127,93,3,3136,313569,313662,310535
6223,3128,64,2,3129,313662,313726,310598
6221,3128,19,1,3131,313726,313745,310617
6222,3128,40,3,3144,313745,313785,310657
6225,3129,9,2,3138,313785,313794,310665
6224,3129,66,3,3149,313794,313860,310731
6226,3130,29,1,3141,313860,313889,310759
6227,3131,20,1,3151,313889,313909,310778
6229,3132,36,2,3147,313909,313945,310813
6228,3132,28,3,3148,313945,313973,310841
6230,3133,29,3,3135,313973,314002,310869
6231,3134,6,1,3148,314002,314008,310874
6233,3135,38,1,3136,314008,314046,310911
6235,3135,53,2,3143,314046,314099,310964
6236,3135,16,1,3147,314099,314115,310980
6234,3135,20,2,3150,314115,314135,311000
6232,3135,64,1,3153,314135,314199,311064
6239,3136,54,2,3139,314199,314253,311117
6238,3136,42,3,3144,314253,314295,311159
6237,3136,85,3,3156,314295,314380,311244
6240,3137,36,2,3155,314380,314416,311279
6241,3138,82,3,3153,314416,314498,311360
6242,3139,37,3,3151,314498,314535,311396
6244,3140,90,1,3143,314535,314625,311485
6243,3140,7,2,3145,314625,314632,311492
6245,3141,78,2,3154,314632,314710,311569
6246,3142,52,1,3154,314710,314762,311620
6247,3143,72,3,3144,314762,314834,311691
6248,3144,5,2,3152,314834,314839,311695
6249,3144,84,1,3164,314839,314923,311779
6251,3145,30,2,3148,314923,314953,311808
6250,3145,3,1,3155,314953,314956,311811
6252,3146,55,1,3151,314956,315011,311865
6253,3147,42,3,3159,315011,315053,311906
6254,3148,97,1,3157,315053,315150,312002
6255,3149,42,3,3160,315150,315192,312043
6256,3150,94,1,3156,315192,315286,312136
6258,3151,44,1,3161,315286,315330,312179
6257,3151,52,2,3161,315330,315382,312231
6259,3151,90,2,3161,315382,315472,312321
6260,3151,72,2,3166,315472,315544,312393
6261,3152,59,1,3161,315544,315603,312451
6262,3153,47,2,3170,315603,315650,312497
6263,3154,64,2,3161,315650,315714,312560
6266,3155,68,2,3164,315714,315782,312627
6265,3155,54,3,3172,315782,315836,312681
6264,3155,46,2,3173,315836,315882,312727
6267,3156,13,1,3176,315882,315895,312739
6268,3157,73,1,3176,315895,315968,312811
6272,3158,8,2,3160,315968,315976,312818
6271,3158,70,3,3176,315976,316046,312888
6269,3158,13,3,3178,316046,316059,312901
6270,3158,85,3,3178,316059,316144,312986
6273,3159,88,2,3173,316144,316232,313073
6275,3160,19,1,3173,316232,316251,313091
6274,3160,85,3,3173,316251,316336,313176
6276,3161,22,2,3177,316336,316358,313197
6277,3162,28,2,3168,316358,316386,313224
6278,3163,4,3,3165,316386,316390,313227
6279,3164,31,2,3169,316390,316421,313257
6280,3165,14,1,3166,316421,316435,313270
6281,3166,45,1,3167,316435,316480,313314
6282,3166,5,1,3176,316480,316485,313319
6283,3166,92,1,3184,316485,316577,313411
6284,3167,91,1,3179,316577,316668,313501
6285,3168,100,1,3174,316668,316768,313600
6288,3169,49,2,3179,316768,316817,313648
6287,3169,32,2,3180,316817,316849,313680
6286,3169,49,3,3180,316849,316898,313729
6289,3170,28,3,3175,316898,316926,313756
6291,3171,7,3,3174,316926,316933,313762
6290,3171,85,2,3187,316933,317018,313847
6292,3172,32,1,3182,317018,317050,313878
6293,3172,2,1,3191,317050,317052,313880
6294,3173,41,1,3174,317052,317093,313920
6295,3173,4,2,3188,317093,317097,313924
6296,3174,64,2,3189,317097,317161,313987
6297,3174,79,3,3194,317161,317240,314066
6298,3175,97,2,3176,317240,317337,314162
6300,3176,55,1,3182,317337,317392,314216
6299,3176,88,3,3190,317392,317480,314304
6301,3177,30,3,3179,317480,317510,314333
6303,3178,32,3,3187,317510,317542,314364
6302,3178,76,3,3193,317542,317618,314440
6304,3178,86,1,3196,317618,317704,314526
6306,3179,11,2,3196,317704,317715,314536
6305,3179,44,2,3197,317715,317759,314580
6308,3180,91,1,3194,317759,317850,314670
6307,3180,100,2,3200,317850,317950,314770
6314,3181,54,1,3184,317950,318004,314823
6309,3181,30,2,3189,318004,318034,314853
6310,3181,37,2,3189,318034,318071,314890
6312,3181,11,2,3190,318071,318082,314901
6315,3181,22,3,3197,318082,318104,314923
6311,3181,31,2,3197,318104,318135,314954
6313,3181,52,3,3199,318135,318187,315006
6317,3182,61,2,3186,318187,318248,315066
6316,3182,42,3,3188,318248,318290,315108
6318,3182,4,3,3202,318290,318294,315112
6319,3182,15,3,3202,318294,318309,315127
6320,3183,59,3,3185,318309,318368,315185
6321,3184,54,1,3188,318368,318422,315238
6324,3185,37,3,3188,318422,318459,315274
6323,3185,36,1,3192,318459,318495,315310
6322,3185,54,3,3197,318495,318549,315364
6325,3185,81,3,3203,318549,318630,315445
6328,3186,53,2,3187,318630,318683,315497
6327,3186,71,3,3193,318683,318754,315568
6326,3186,94,1,3200,318754,318848,315662
6329,3186,14,1,3201,318848,318862,315676
6330,3186,65,1,3203,318862,318927,315741
6331,3187,18,2,3196,318927,318945,315758
6332,3188,46,3,3200,318945,318991,315803
6333,3189,16,1,3209,318991,319007,315818
6334,3190,16,1,3193,319007,319023,315833
6336,3190,53,1,3195,319023,319076,315886
6335,3190,56,2,3200,319076,319132,315942
6337,3191,60,1,3197,319132,319192,316001
6339,3192,66,3,3196,319192,319258,316066
6338,3192,30,2,3197,319258,319288,316096
6340,3193,10,1,3210,319288,319298,316105
6345,3194,46,3,3197,319298,319344,316150
6346,3194,55,2,3197,319344,319399,316205
6347,3194,73,1,3200,319399,319472,316278
6344,3194,11,3,3205,319472,319483,316289
6341,3194,8,3,3208,319483,319491,316297
6342,3194,1,2,3212,319491,319492,316298
6343,3194,36,1,3214,319492,319528,316334
6348,3195,12,1,3210,319528,319540,316345
6350,3196,40,1,3203,319540,319580,316384
6349,3196,59,1,3211,319580,319639,316443
6351,3197,31,2,3201,319639,319670,316473
6353,3197,76,2,3205,319670,319746,316549
6352,3197,87,1,3208,319746,319833,316636
6354,3198,42,2,3204,319833,319875,316677
6355,3198,13,1,3213,319875,319888,316690
6356,3199,98,2,3213,319888,319986,316787
6357,3200,50,3,3216,319986,320036,316836
6360,3201,31,2,3204,320036,320067,316866
6361,3201,66,2,3210,320067,320133,316932
6358,3201,34,1,3211,320133,320167,316966
6359,3201,84,3,3214,320167,320251,317050
6363,3202,67,3,3207,320251,320318,317116
6362,3202,77,3,3222,320318,320395,317193
6364,3203,10,3,3209,320395,320405,317202
6366,3204,24,3,3209,320405,320429,317225
6365,3204,46,2,3223,320429,320475,317271
6368,3205,52,3,3208,320475,320527,317322
6367,3205,40,1,3222,320527,320567,317362
6369,3206,36,3,3221,320567,320603,317397
6371,3207,46,3,3217,320603,320649,317442
6370,3207,11,1,3226,320649,320660,317453
6374,3208,12,3,3215,320660,320672,317464
6372,3208,70,3,3220,320672,320742,317534
6373,3208,92,1,3223,320742,320834,317626
6375,3209,8,3,3218,320834,320842,317633
6377,3210,28,2,3212,320842,320870,317660
6376,3210,47,3,3214,320870,320917,317707
6378,3211,55,3,3225,320917,320972,317761
6379,3212,38,2,3229,320972,321010,317798
6380,3213,99,3,3223,321010,321109,317896
6381,3213,42,3,3230,321109,321151,317938
6383,3214,9,2,3220,321151,321160,317946
6382,3214,67,3,3225,321160,321227,318013
6384,3214,87,1,3227,321227,321314,318100
6386,3215,88,1,3217,321314,321402,318187
6387,3215,41,1,3230,321402,321443,318228
6385,3215,59,1,3233,321443,321502,318287
6388,3216,22,1,3219,321502,321524,318308
6389,3217,88,1,3231,321524,321612,318395
6391,3218,45,2,3223,321612,321657,318439
6390,3218,51,3,3231,321657,321708,318490
6392,3219,13,2,3233,321708,321721,318502
6394,3220,74,3,3227,321721,321795,318575
6393,3220,32,2,3229,321795,321827,318607
6395,3220,45,1,3231,321827,321872,318652
6396,3221,94,1,3229,321872,321966,318745
6398,3222,39,1,3238,321966,322005,318783
6397,3222,74,2,3239,322005,322079,318857
6399,3223,4,1,3232,322079,322083,318860
6400,3223,83,2,3235,322083,322166,318943
6401,3223,9,2,3239,322166,322175,318952
6402,3224,51,3,3226,322175,322226,319002
6403,3224,28,1,3227,322226,322254,319030
6404,3224,80,3,3230,322254,322334,319110
6405,3225,46,1,3229,322334,322380,319155
6406,3225,88,3,3239,322380,322468,319243
6409,3226,86,2,3234,322468,322554,319328
6407,3226,12,2,3238,322554,322566,319340
6408,3226,11,3,3245,322566,322577,319351
6410,3226,100,3,3246,322577,322677,319451
6411,3227,44,2,3242,322677,322721,319494
6413,3228,25,2,3241,322721,322746,319518
6412,3228,57,3,3245,322746,322803,319575
6414,3229,100,2,3248,322803,322903,319674
6415,3230,73,1,3241,322903,322976,319746
6418,3231,65,1,3234,322976,323041,319810
6419,3231,52,3,3239,323041,323093,319862
6420,3231,37,1,3242,323093,323130,319899
6416,3231,98,1,3242,323130,323228,319997
6417,3231,5,3,3251,323228,323233,320002
6421,3232,88,2,3233,323233,323321,320089
6422,3233,13,1,3236,323321,323334,320101
6423,3233,2,3,3251,323334,323336,320103
6424,3234,15,1,3247,323336,323351,320117
6425,3235,54,3,3246,323351,323405,320170
6426,3235,35,3,3255,323405,323440,320205
6427,3236,83,2,3244,323440,323523,320287
6428,3237,53,3,3241,323523,323576,320339
6429,3238,25,1,3258,323576,323601,320363
6430,3239,45,1,3243,323601,323646,320407
6431,3239,99,1,3259,323646,323745,320506
6432,3240,69,3,3258,323745,323814,320574
6434,3241,26,1,3243,323814,323840,320599
6433,3241,76,2,3248,323840,323916,320675
6435,3242,16,2,3259,323916,323932,320690
6436,3243,88,3,3249,323932,324020,320777
6437,3244,63,2,3248,324020,324083,320839
6438,3244,47,3,3250,324083,324130,320886
6439,3245,82,1,3249,324130,324212,320967
6440,3246,59,1,3250,324212,324271,321025
6441,3247,90,2,3266,324271,324361,321114
6442,3248,62,1,3252,324361,324423,321175
6445,3249,78,3,3251,324423,324501,321252
6444,3249,44,3,3267,324501,324545,321296
6446,3249,71,2,3268,324545,324616,321367
6443,3249,14,1,3269,324616,324630,321381
6447,3250,15,3,3258,324630,324645,321395
6448,3250,41,2,3266,324645,324686,321436
6450,3251,86,3,3259,324686,324772,321521
6449,3251,18,2,3266,324772,324790,321539
6451,3252,29,2,3256,324790,324819,321567
6456,3253,33,1,3254,324819,324852,321599
6453,3253,11,2,3262,324852,324863,321610
6454,3253,72,2,3262,324863,324935,321682
6457,3253,19,3,3264,324935,324954,321701
6452,3253,14,3,3265,324954,324968,321715
6455,3253,63,3,3271,324968,325031,321778
6458,3254,72,1,3267,325031,325103,321849
6459,3254,99,3,3273,325103,325202,321948
6461,3255,97,3,3265,325202,325299,322044
6460,3255,61,1,3275,325299,325360,322105
6462,3256,4,3,3276,325360,325364,322108
6463,3257,2,2,3272,325364,325366,322109
6464,3258,94,2,3259,325366,325460,322202
6465,3258,48,3,3267,325460,325508,322250
6466,3259,32,1,3278,325508,325540,322281
6467,3260,8,1,3266,325540,325548,322288
6468,3261,8,3,3280,325548,325556,322295
6470,3262,10,2,3275,325556,325566,322304
6469,3262,17,1,3279,325566,325583,322321
6471,3263,46,2,3274,325583,325629,322366
6474,3264,88,2,3268,325629,325717,322453
6472,3264,42,2,3282,325717,325759,322495
6473,3264,58,3,3283,325759,325817,322553
6475,3265,70,1,3280,325817,325887,322622
6476,3266,37,3,3283,325887,325924,322658
6478,3267,67,1,3273,325924,325991,322724
6477,3267,50,2,3278,325991,326041,322774
6479,3268,9,2,3275,326041,326050,322782
6480,3269,6,1,3279,326050,326056,322787
6481,3270,50,2,3288,326056,326106,322836
6484,3271,7,2,3278,326106,326113,322842
6482,3271,16,3,3286,326113,326129,322858
6483,3271,92,1,3288,326129,326221,322950
6485,3272,57,2,3292,326221,326278,323006
6486,3273,56,3,3280,326278,326334,323061
6487,3274,63,3,3281,326334,326397,323123
6488,3274,6,2,3285,326397,326403,323129
6489,3274,76,3,3289,326403,326479,323205
6490,3274,87,1,3294,326479,326566,323292
6491,3275,1,3,3287,326566,326567,323292
6492,3276,5,1,3280,326567,326572,323296
6493,3276,75,2,3294,326572,326647,323371
6494,3277,27,1,3285,326647,326674,323397
6496,3278,8,1,3284,326674,326682,323404
6495,3278,42,3,3291,326682,326724,323446
6497,3279,47,3,3280,326724,326771,323492
6498,3279,4,1,3294,326771,326775,323496
6506,3280,62,3,3284,326775,326837,323557
6499,3280,80,3,3284,326837,326917,323637
6502,3280,1,2,3288,326917,326918,323638
6500,3280,56,1,3292,326918,326974,323694
6504,3280,81,1,3294,326974,327055,323775
6505,3280,65,2,3295,327055,327120,323840
6501,3280,94,1,3298,327120,327214,323934
6507,3280,74,1,3299,327214,327288,324008
6503,3280,73,2,3300,327288,327361,324081
6508,3281,25,1,3294,327361,327386,324105
6510,3282,4,1,3290,327386,327390,324108
6509,3282,92,2,3297,327390,327482,324200
6511,3282,45,1,3301,327482,327527,324245
6512,3283,8,2,3286,327527,327535,324252
6514,3283,21,3,3294,327535,327556,324273
6513,3283,49,2,3294,327556,327605,324322
6516,3284,18,3,3285,327605,327623,324339
6515,3284,16,1,3293,327623,327639,324355
6517,3285,28,1,3287,327639,327667,324382
6518,3285,83,3,3302,327667,327750,324465
6519,3286,15,2,3292,327750,327765,324479
6521,3287,86,2,3291,327765,327851,324564
6520,3287,9,2,3293,327851,327860,324573
6524,3288,51,1,3290,327860,327911,324623
6523,3288,86,1,3293,327911,327997,324709
6525,3288,20,2,3300,327997,328017,324729
6526,3288,43,2,3302,328017,328060,324772
6522,3288,94,3,3303,328060,328154,324866
6527,3289,12,2,3309,328154,328166,324877
6530,3290,27,2,3292,328166,328193,324903
6529,3290,36,1,3299,328193,328229,324939
6528,3290,36,2,3308,328229,328265,324975
6532,3291,3,1,3305,328265,328268,324977
6531,3291,69,2,3307,328268,328337,325046
6534,3292,88,1,3303,328337,328425,325133
6533,3292,92,1,3308,328425,328517,325225
6535,3293,68,2,3304,328517,328585,325292
6537,3294,2,2,3297,328585,328587,325293
6540,3294,27,2,3301,328587,328614,325320
6536,3294,48,1,3302,328614,328662,325368
6538,3294,56,3,3306,328662,328718,325424
6539,3294,42,3,3310,328718,328760,325466
6541,3295,46,3,3315,328760,328806,325511
6543,3296,90,3,3299,328806,328896,325600
6542,3296,89,2,3302,328896,328985,325689
6544,3297,56,3,3316,328985,329041,325744
6545,3298,57,3,3303,329041,329098,325800
6547,3299,84,3,3301,329098,329182,325883
6549,3299,7,2,3303,329182,329189,325890
6552,3299,87,3,3304,329189,329276,325977
6546,3299,60,3,3305,329276,329336,326037
6548,3299,92,3,3307,329336,329428,326129
6550,3299,39,1,3309,329428,329467,326168
6553,3299,99,3,3313,329467,329566,326267
6551,3299,98,1,3314,329566,329664,326365
6557,3300,15,3,3302,329664,329679,326379
6556,3300,53,3,3302,329679,329732,326432
6555,3300,16,1,3305,329732,329748,326448
6554,3300,20,2,3316,329748,329768,326468
6558,3300,46,2,3319,329768,329814,326514
6559,3301,6,1,3308,329814,329820,326519
6560,3301,77,1,3315,329820,329897,326596
6563,3302,90,1,3303,329897,329987,326685
6562,3302,85,3,3307,329987,330072,326770
6564,3302,3,2,3309,330072,330075,326773
6561,3302,55,3,3311,330075,330130,326828
6565,3303,18,3,3317,330130,330148,326845
6566,3304,71,1,3311,330148,330219,326915
6567,3305,66,2,3314,330219,330285,326980
6568,3305,25,3,3322,330285,330310,327005
6569,3306,37,3,3312,330310,330347,327041
6571,3307,42,2,3313,330347,330389,327082
6573,3307,78,3,3317,330389,330467,327160
6570,3307,35,2,3318,330467,330502,327195
6574,3307,65,3,3321,330502,330567,327260
6575,3307,42,2,3325,330567,330609,327302
6572,3307,14,1,3326,330609,330623,327316
6577,3308,49,1,3320,330623,330672,327364
6576,3308,1,3,3325,330672,330673,327365
6578,3309,67,3,3326,330673,330740,327431
6579,3310,27,1,3320,330740,330767,327457
6580,3310,80,2,3321,330767,330847,327537
6581,3311,98,2,3318,330847,330945,327634
6582,3312,96,1,3322,330945,331041,327729
6584,3313,80,3,3323,331041,331121,327808
6583,3313,22,2,3324,331121,331143,327830
6585,3314,54,2,3320,331143,331197,327883
6586,3314,58,2,3333,331197,331255,327941
6587,3315,48,2,3320,331255,331303,327988
6588,3315,31,3,3323,331303,331334,328019
6589,3315,43,1,3328,331334,331377,328062
6592,3316,65,3,3320,331377,331442,328126
6590,3316,88,2,3320,331442,331530,328214
6591,3316,18,2,3327,331530,331548,328232
6594,3317,91,2,3321,331548,331639,328322
6593,3317,18,1,3331,331639,331657,328340
6595,3318,11,1,3321,331657,331668,328350
6596,3318,15,2,3322,331668,331683,328365
6598,3318,34,2,3322,331683,331717,328399
6597,3318,69,3,3328,331717,331786,328468
6599,3318,21,2,3334,331786,331807,328489
6600,3319,70,1,3338,331807,331877,328558
6601,3319,74,1,3339,331877,331951,328632
6602,3320,5,2,3332,331951,331956,328636
6603,3321,11,1,3327,331956,331967,328646
6604,3321,52,3,3339,331967,332019,328698
6605,3322,2,1,3330,332019,332021,328699
6609,3323,4,1,3326,332021,332025,328702
6610,3323,41,1,3327,332025,332066,328743
6608,3323,53,1,3331,332066,332119,328796
6606,3323,20,2,3334,332119,332139,328816
6607,3323,44,3,3338,332139,332183,328860
6611,3324,20,3,3340,332183,332203,328879
6612,3325,74,2,3327,332203,332277,328952
6613,3326,78,3,3339,332277,332355,329029
6615,3327,74,2,3328,332355,332429,329102
6614,3327,32,1,3341,332429,332461,329134
6620,3328,31,2,3331,332461,332492,329164
6616,3328,32,2,3338,332492,332524,329196
6618,3328,51,3,3338,332524,332575,329247
6621,3328,15,1,3339,332575,332590,329262
6619,3328,25,1,3344,332590,332615,329287
6617,3328,61,2,3346,332615,332676,329348
6622,3328,92,3,3346,332676,332768,329440
6623,3329,51,2,3349,332768,332819,329490
6624,3330,23,2,3338,332819,332842,329512
6625,3331,16,1,3351,332842,332858,329527
6626,3332,27,3,3341,332858,332885,329553
6627,3332,82,2,3344,332885,332967,329635
6628,3333,78,2,3344,332967,333045,329712
6629,3334,88,2,3354,333045,333133,329799
6630,3335,1,3,3347,333133,333134,329799
6631,3336,97,2,3346,333134,333231,329895
6632,3336,65,2,3347,333231,333296,329960
6633,3337,70,3,3343,333296,333366,330029
6634,3338,26,3,3347,333366,333392,330054
6635,3338,35,3,3349,333392,333427,330089
6636,3338,55,3,3356,333427,333482,330144
6640,3339,15,1,3346,333482,333497,330158
6639,3339,38,2,3349,333497,333535,330196
6641,3339,52,1,3351,333535,333587,330248
6638,3339,68,2,3355,333587,333655,330316
6637,3339,93,1,3355,333655,333748,330409
6642,3340,55,3,3344,333748,333803,330463
6644,3341,29,3,3343,333803,333832,330491
6643,3341,2,3,3355,333832,333834,330493
6647,3342,26,1,3344,333834,333860,330518
6645,3342,90,1,3355,333860,333950,330608
6646,3342,80,2,3362,333950,334030,330688
6649,3343,71,3,3360,334030,334101,330758
6648,3343,15,1,3362,334101,334116,330773
6650,3344,30,1,3353,334116,334146,330802
6654,3345,62,2,3346,334146,334208,330863
6651,3345,67,3,3351,334208,334275,330930
6652,3345,24,1,3354,334275,334299,330954
6653,3345,28,1,3360,334299,334327,330982
6656,3346,88,1,3354,334327,334415,331069
6655,3346,87,3,3363,334415,334502,331156
6657,3347,79,2,3357,334502,334581,331234
6658,3348,100,3,3353,334581,334681,331333
6659,3348,19,1,3367,334681,334700,331352
6661,3349,81,1,3351,334700,334781,331432
6660,3349,18,3,3357,334781,334799,331450
6662,3350,69,3,3368,334799,334868,331518
6670,3351,30,3,3356,334868,334898,331547
6669,3351,5,2,3357,334898,334903,331552
6666,3351,29,1,3361,334903,334932,331581
6671,3351,57,1,3361,334932,334989,331638
6665,3351,5,2,3364,334989,334994,331643
6667,3351,11,3,3364,334994,335005,331654
6663,3351,8,2,3365,335005,335013,331662
6664,3351,45,1,3366,335013,335058,331707
6668,3351,20,1,3371,335058,335078,331727
6673,3352,20,2,3368,335078,335098,331746
6672,3352,2,3,3371,335098,335100,331748
6679,3353,43,1,3354,335100,335143,331790
6675,3353,18,3,3357,335143,335161,331808
6677,3353,25,3,3357,335161,335186,331833
6678,3353,59,1,3357,335186,335245,331892
6674,3353,20,3,3366,335245,335265,331912
6676,3353,28,1,3373,335265,335293,331940
6680,3354,31,1,3367,335293,335324,331970
6681,3355,73,2,3370,335324,335397,332042
6688,3356,3,2,3363,335397,335400,332044
6685,3356,96,2,3368,335400,335496,332140
6689,3356,89,1,3370,335496,335585,332229
6687,3356,29,3,3373,335585,335614,332258
6684,3356,72,3,3374,335614,335686,332330
6682,3356,72,2,3375,335686,335758,332402
6683,3356,31,1,3376,335758,335789,332433
6686,3356,88,2,3376,335789,335877,332521
6690,3357,50,3,3371,335877,335927,332570
6692,3358,70,2,3366,335927,335997,332639
6691,3358,100,2,3368,335997,336097,332739
6694,3359,75,3,3365,336097,336172,332813
6693,3359,20,2,3374,336172,336192,332833
6695,3360,15,3,3373,336192,336207,332847
6696,3361,9,3,3366,336207,336216,332855
6697,3362,60,1,3373,336216,336276,332914
6698,3363,94,2,3377,336276,336370,333007
6699,3364,73,3,3373,336370,336443,333079
6701,3365,85,2,3376,336443,336528,333163
6700,3365,35,3,3379,336528,336563,333198
6703,3366,69,3,3369,336563,336632,333266
6702,3366,99,3,3376,336632,336731,333365
6704,3367,39,1,3374,336731,336770,333403
6707,3368,100,3,3369,336770,336870,333502
6706,3368,76,2,3373,336870,336946,333578
6705,3368,53,3,3374,336946,336999,333631
6708,3369,43,3,3386,336999,337042,333673
6712,3370,55,1,3373,337042,337097,333727
6711,3370,62,1,3378,337097,337159,333789
6709,3370,71,2,3382,337159,337230,333860
6710,3370,92,2,3389,337230,337322,333952
6714,3371,31,1,3372,337322,337353,333982
6713,3371,73,1,3389,337353,337426,334055
6715,3372,81,1,3385,337426,337507,334135
6716,3373,93,3,3387,337507,337600,334227
6717,3374,85,3,3378,337600,337685,334311
6718,3375,89,2,3385,337685,337774,334399
6719,3375,9,1,3386,337774,337783,334408
6721,3376,44,1,3386,337783,337827,334451
6720,3376,36,3,3390,337827,337863,334487
6722,3377,57,3,3387,337863,337920,334543
6723,3378,10,2,3388,337920,337930,334552
6724,3379,16,1,3382,337930,337946,334567
6725,3380,5,1,3383,337946,337951,334571
6727,3381,72,3,3382,337951,338023,334642
6728,3381,10,2,3383,338023,338033,334652
6726,3381,46,2,3398,338033,338079,334698
6729,3382,66,1,3386,338079,338145,334763
6732,3383,18,1,3384,338145,338163,334780
6731,3383,22,2,3391,338163,338185,334802
6730,3383,74,1,3396,338185,338259,334876
6733,3384,80,1,3392,338259,338339,334955
6734,3384,81,1,3399,338339,338420,335036
6736,3385,96,2,3399,338420,338516,335131
6735,3385,31,3,3400,338516,338547,335162
6739,3386,48,3,3389,338547,338595,335209
6737,3386,82,1,3390,338595,338677,335291
6738,3386,44,2,3402,338677,338721,335335
6740,3387,7,3,3404,338721,338728,335341
6741,3388,38,2,3398,338728,338766,335378
6743,3389,54,3,3393,338766,338820,335431
6742,3389,39,1,3396,338820,338859,335470
6744,3389,29,1,3397,338859,338888,335499
6745,3389,45,2,3404,338888,338933,335544
6747,3390,89,1,3391,338933,339022,335632
6748,3390,97,1,3398,339022,339119,335729
6746,3390,33,2,3407,339119,339152,335762
6749,3391,11,2,3405,339152,339163,335772
6750,3391,72,2,3410,339163,339235,335844
6751,3392,92,3,3403,339235,339327,335935
6752,3392,65,1,3412,339327,339392,336000
6753,3393,61,3,3408,339392,339453,336060
6754,3394,28,1,3405,339453,339481,336087
6755,3395,55,3,3407,339481,339536,336141
6756,3395,3,2,3409,339536,339539,336144
6758,3396,4,1,3400,339539,339543,336147
6759,3396,50,3,3408,339543,339593,336197
6757,3396,17,1,3412,339593,339610,336214
6762,3397,52,1,3400,339610,339662,336265
6761,3397,84,3,3403,339662,339746,336349
6760,3397,1,3,3406,339746,339747,336350
6764,3398,51,2,3408,339747,339798,336400
6763,3398,79,1,3415,339798,339877,336479
6765,3399,73,3,3411,339877,339950,336551
6766,3400,80,1,3413,339950,340030,336630
6767,3401,59,1,3404,340030,340089,336688
6769,3402,14,3,3420,340089,340103,336701
6768,3402,94,1,3422,340103,340197,336795
6770,3403,72,1,3418,340197,340269,336866
6771,3404,11,2,3411,340269,340280,336876
6772,3405,3,1,3413,340280,340283,336878
6775,3406,32,1,3408,340283,340315,336909
6777,3406,41,3,3413,340315,340356,336950
6774,3406,98,1,3415,340356,340454,337048
6776,3406,92,2,3420,340454,340546,337140
6773,3406,10,2,3425,340546,340556,337150
6780,3407,6,3,3411,340556,340562,337155
6778,3407,74,3,3422,340562,340636,337229
6779,3407,20,3,3425,340636,340656,337249
6781,3408,62,3,3416,340656,340718,337310
6782,3409,74,1,3418,340718,340792,337383
6783,3409,50,1,3424,340792,340842,337433
6785,3410,37,2,3413,340842,340879,337469
6786,3410,86,1,3415,340879,340965,337555
6784,3410,43,3,3419,340965,341008,337598
6788,3410,57,3,3420,341008,341065,337655
6789,3410,82,2,3421,341065,341147,337737
6787,3410,97,3,3421,341147,341244,337834
6791,3411,44,1,3418,341244,341288,337877
6792,3411,41,2,3422,341288,341329,337918
6790,3411,97,1,3427,341329,341426,338015
6793,3411,99,1,3429,341426,341525,338114
6796,3412,75,3,3418,341525,341600,338188
6795,3412,66,2,3419,341600,341666,338254
6794,3412,76,2,3422,341666,341742,338330
6797,3413,46,2,3428,341742,341788,338375
6798,3414,4,1,3416,341788,341792,338378
6799,3414,51,3,3419,341792,341843,338429
6804,3415,19,1,3421,341843,341862,338447
6800,3415,60,3,3421,341862,341922,338507
6801,3415,42,1,3424,341922,341964,338549
6802,3415,58,2,3428,341964,342022,338607
6803,3415,97,1,3431,342022,342119,338704
6805,3416,30,3,3432,342119,342149,338733
6806,3417,39,1,3425,342149,342188,338771
6807,3418,73,2,3420,342188,342261,338843
6809,3419,83,3,3422,342261,342344,338925
6808,3419,73,1,3427,342344,342417,338998
6810,3420,74,2,3429,342417,342491,339071
6812,3421,74,1,3436,342491,342565,339144
6811,3421,4,1,3437,342565,342569,339148
6813,3422,75,1,3441,342569,342644,339222
6814,3423,18,3,3425,342644,342662,339239
6815,3423,98,3,3434,342662,342760,339337
6816,3423,76,2,3442,342760,342836,339413
6817,3424,88,1,3426,342836,342924,339500
6819,3425,86,3,3428,342924,343010,339585
6818,3425,52,2,3431,343010,343062,339637
6820,3426,70,1,3437,343062,343132,339706
6821,3426,75,1,3445,343132,343207,339781
6822,3427,93,1,3439,343207,343300,339873
6823,3428,74,2,3435,343300,343374,339946
6825,3429,10,1,3442,343374,343384,339955
6824,3429,10,1,3443,343384,343394,339965
6826,3430,44,2,3434,343394,343438,340008
6827,3431,3,3,3435,343438,343441,340010
6828,3432,13,3,3434,343441,343454,340022
6829,3432,28,1,3446,343454,343482,340050
6830,3433,86,1,3434,343482,343568,340135
6832,3434,27,3,3444,343568,343595,340161
6831,3434,6,1,3446,343595,343601,340167
6833,3434,53,2,3453,343601,343654,340220
6834,3435,44,3,3448,343654,343698,340263
6835,3435,46,2,3449,343698,343744,340309
6836,3436,38,3,3447,343744,343782,340346
6837,3437,43,3,3457,343782,343825,340388
6839,3438,17,2,3444,343825,343842,340404
6838,3438,6,3,3450,343842,343848,340410
6840,3438,49,2,3454,343848,343897,340459
6841,3439,73,1,3456,343897,343970,340531
6842,3440,90,3,3444,343970,344060,340620
6844,3440,37,3,3452,344060,344097,340657
6843,3440,76,2,3454,344097,344173,340733
6845,3441,81,3,3443,344173,344254,340813
6848,3441,87,2,3445,344254,344341,340900
6846,3441,11,3,3455,344341,344352,340911
6847,3441,74,1,3457,344352,344426,340985
6849,3441,27,1,3458,344426,344453,341012
6850,3442,10,1,3454,344453,344463,341021
6852,3443,13,1,3452,344463,344476,341033
6851,3443,5,3,3460,344476,344481,341038
6854,3444,78,3,3449,344481,344559,341115
6855,3444,26,2,3450,344559,344585,341141
6853,3444,3,3,3452,344585,344588,341144
6857,3445,11,2,3446,344588,344599,341154
6856,3445,100,1,3462,344599,344699,341254
6858,3446,59,1,3450,344699,344758,341312
6861,3446,60,3,3453,344758,344818,341372
6859,3446,99,3,3457,344818,344917,341471
6860,3446,99,3,3458,344917,345016,341570
6862,3447,82,3,3454,345016,345098,341651
6864,3448,33,1,3461,345098,345131,341683
6863,3448,47,3,3468,345131,345178,341730
6865,3449,6,2,3466,345178,345184,341735
6869,3450,65,3,3451,345184,345249,341799
6866,3450,26,3,3456,345249,345275,341825
6867,3450,69,1,3456,345275,345344,341894
6868,3450,92,3,3469,345344,345436,341986
6870,3451,75,2,3452,345436,345511,342060
6871,3452,13,3,3460,345511,345524,342072
6872,3452,60,1,3460,345524,345584,342132
6875,3453,20,3,3462,345584,345604,342151
6874,3453,84,2,3462,345604,345688,342235
6873,3453,43,1,3471,345688,345731,342278
6876,3454,53,1,3459,345731,345784,342330
6877,3454,51,3,3466,345784,345835,342381
6878,3454,33,1,3471,345835,345868,342414
6879,3455,78,3,3471,345868,345946,342491
6880,3456,13,3,3463,345946,345959,342503
6881,3456,60,1,3468,345959,346019,342563
6882,3457,19,2,3462,346019,346038,342581
6884,3458,64,3,3466,346038,346102,342644
6883,3458,91,3,3467,346102,346193,342735
6885,3459,55,1,3464,346193,346248,342789
6886,3459,71,3,3476,346248,346319,342860
6888,3460,53,3,3463,346319,346372,342912
6887,3460,34,2,3469,346372,346406,342946
6889,3461,94,3,3468,346406,346500,343039
6890,3462,91,2,3464,346500,346591,343129
6891,3462,89,2,3468,346591,346680,343218
6894,3463,32,1,3467,346680,346712,343249
6892,3463,20,2,3470,346712,346732,343269
6893,3463,23,2,3471,346732,346755,343292
6896,3464,39,3,3466,346755,346794,343330
6895,3464,18,3,3472,346794,346812,343348
6897,3464,93,1,3484,346812,346905,343441
6899,3465,66,2,3466,346905,346971,343506
6898,3465,33,1,3479,346971,347004,343539
6900,3466,25,1,3474,347004,347029,343563
6904,3466,64,1,3475,347029,347093,343627
6901,3466,81,2,3477,347093,347174,343708
6902,3466,22,1,3478,347174,347196,343730
6903,3466,18,3,3480,347196,347214,343748
6905,3466,29,3,3481,347214,347243,343777
6907,3467,28,3,3477,347243,347271,343804
6906,3467,68,1,3487,347271,347339,343872
6910,3468,76,3,3472,347339,347415,343947
6908,3468,1,3,3488,347415,347416,343948
6909,3468,85,2,3488,347416,347501,344033
6911,3469,26,3,3475,347501,347527,344058
6912,3469,51,1,3486,347527,347578,344109
6913,3470,58,3,3481,347578,347636,344166
6914,3471,9,1,3476,347636,347645,344174
6915,3472,32,3,3485,347645,347677,344205
6916,3473,66,1,3478,347677,347743,344270
6917,3474,69,3,3483,347743,347812,344338
6919,3475,79,3,3476,347812,347891,344416
6921,3475,49,1,3479,347891,347940,344465
6920,3475,57,3,3479,347940,347997,344522
6918,3475,23,1,3480,347997,348020,344545
6922,3475,14,3,3488,348020,348034,344559
6923,3476,41,1,3493,348034,348075,344599
6924,3476,79,3,3493,348075,348154,344678
6925,3477,55,3,3479,348154,348209,344732
6927,3478,34,3,3479,348209,348243,344765
6926,3478,61,3,3489,348243,348304,344826
6928,3478,50,1,3494,348304,348354,344876
6929,3479,63,2,3484,348354,348417,344938
6931,3480,3,2,3483,348417,348420,344940
6930,3480,72,2,3495,348420,348492,345012
6932,3481,32,3,3485,348492,348524,345043
6934,3481,6,3,3487,348524,348530,345049
6933,3481,17,2,3490,348530,348547,345066
6935,3481,17,1,3490,348547,348564,345083
6936,3482,71,1,3501,348564,348635,345153
6937,3483,67,3,3486,348635,348702,345219
6939,3483,63,2,3493,348702,348765,345282
6938,3483,70,3,3495,348765,348835,345352
6941,3484,58,3,3488,348835,348893,345409
6940,3484,77,3,3495,348893,348970,345486
6942,3485,45,2,3504,348970,349015,345530
6943,3486,96,3,3502,349015,349111,345625
6946,3487,70,3,3490,349111,349181,345694
6945,3487,56,3,3492,349181,349237,345750
6944,3487,68,2,3501,349237,349305,345818
6948,3488,59,2,3489,349305,349364,345876
6947,3488,49,2,3496,349364,349413,345925
6949,3488,54,2,3496,349413,349467,345979
6950,3488,71,1,3501,349467,349538,346050
6951,3489,49,2,3491,349538,349587,346098
6952,3489,17,1,3493,349587,349604,346115
6954,3490,26,1,3494,349604,349630,346140
6956,3490,83,1,3495,349630,349713,346223
6953,3490,15,1,3500,349713,349728,346238
6955,3490,3,3,3509,349728,349731,346241
6957,3491,66,3,3497,349731,349797,346306
6958,3492,10,1,3507,349797,349807,346315
6959,3493,57,1,3495,349807,349864,346371
6960,3494,82,1,3512,349864,349946,346452
6961,3495,18,1,3501,349946,349964,346469
6962,3496,43,1,3501,349964,350007,346511
6965,3497,48,3,3500,350007,350055,346558
6966,3497,82,3,3505,350055,350137,346640
6963,3497,5,2,3507,350137,350142,346645
6964,3497,14,2,3517,350142,350156,346659
6967,3498,32,3,3518,350156,350188,346690
6968,3499,81,3,3503,350188,350269,346770
6969,3499,70,1,3509,350269,350339,346840
6971,3499,41,3,3510,350339,350380,346881
6970,3499,31,3,3512,350380,350411,346912
6975,3500,50,3,3502,350411,350461,346961
6973,3500,98,3,3507,350461,350559,347059
6974,3500,27,2,3508,350559,350586,347086
6972,3500,45,3,3519,350586,350631,347131
6976,3501,9,1,3512,350631,350640,347139
6977,3502,98,3,3515,350640,350738,347236
6978,3503,65,1,3514,350738,350803,347300
6979,3504,14,1,3510,350803,350817,347313
6980,3504,27,3,3519,350817,350844,347340
6982,3505,46,3,3511,350844,350890,347385
6981,3505,80,2,3518,350890,350970,347465
6985,3506,39,2,3512,350970,351009,347503
6984,3506,6,1,3514,351009,351015,347509
6983,3506,80,3,3521,351015,351095,347589
6986,3507,84,2,3524,351095,351179,347672
6987,3508,56,1,3516,351179,351235,347727
6990,3509,65,2,3511,351235,351300,347791
6989,3509,98,2,3522,351300,351398,347889
6988,3509,4,1,3523,351398,351402,347893
6991,3509,84,2,3529,351402,351486,347977
6992,3510,47,1,3515,351486,351533,348023
6993,3511,72,2,3528,351533,351605,348094
6994,3511,84,1,3529,351605,351689,348178
6996,3512,99,1,3515,351689,351788,348276
6995,3512,66,2,3525,351788,351854,348342
6997,3512,26,3,3527,351854,351880,348368
6998,3512,33,1,3528,351880,351913,348401
6999,3512,55,2,3531,351913,351968,348456
7001,3513,3,3,3519,351968,351971,348458
7000,3513,9,1,3523,351971,351980,348467
7002,3513,1,1,3524,351980,351981,348468
7003,3513,31,3,3527,351981,352012,348499
7004,3513,71,3,3531,352012,352083,348570
7005,3514,93,2,3531,352083,352176,348662
7006,3515,9,1,3517,352176,352185,348670
7007,3516,64,1,3526,352185,352249,348733
7008,3517,65,2,3525,352249,352314,348797
7009,3518,61,1,3535,352314,352375,348857
7010,3518,41,3,3537,352375,352416,348898
7013,3519,47,1,3526,352416,352463,348944
7012,3519,35,2,3532,352463,352498,348979
7014,3519,97,1,3534,352498,352595,349076
7015,3519,91,2,3535,352595,352686,349167
7011,3519,82,3,3538,352686,352768,349249
7016,3520,45,3,3526,352768,352813,349293
7018,3521,7,1,3528,352813,352820,349299
7017,3521,26,1,3536,352820,352846,349325
7019,3522,70,1,3523,352846,352916,349394
7021,3522,53,1,3526,352916,352969,349447
7024,3522,35,1,3527,352969,353004,349482
7023,3522,96,1,3530,353004,353100,349578
7022,3522,37,2,3537,353100,353137,349615
7020,3522,80,3,3538,353137,353217,349695
7027,3523,9,1,3532,353217,353226,349703
7025,3523,31,2,3532,353226,353257,349734
7028,3523,52,2,3536,353257,353309,349786
7026,3523,99,1,3541,353309,353408,349885
7031,3524,66,3,3533,353408,353474,349950
7030,3524,11,2,3535,353474,353485,349961
7029,3524,36,3,3543,353485,353521,349997
7032,3525,55,2,3527,353521,353576,350051
7033,3525,56,2,3539,353576,353632,350107
7034,3526,43,1,3532,353632,353675,350149
7036,3527,68,1,3528,353675,353743,350216
7035,3527,7,3,3547,353743,353750,350223
7037,3528,10,2,3534,353750,353760,350232
7038,3528,18,2,3534,353760,353778,350250
7039,3529,17,3,3531,353778,353795,350266
7040,3529,38,1,3541,353795,353833,350304
7041,3529,78,3,3544,353833,353911,350382
7046,3530,73,2,3531,353911,353984,350454
7043,3530,57,2,3537,353984,354041,350511
7047,3530,68,3,3541,354041,354109,350579
7042,3530,12,1,3544,354109,354121,350591
7045,3530,10,3,3548,354121,354131,350601
7044,3530,38,3,3550,354131,354169,350639
7049,3531,52,1,3547,354169,354221,350690
7048,3531,15,3,3549,354221,354236,350705
7051,3532,72,3,3536,354236,354308,350776
7052,3532,29,3,3539,354308,354337,350805
7050,3532,90,2,3539,354337,354427,350895
7054,3533,17,2,3538,354427,354444,350911
7053,3533,39,2,3543,354444,354483,350950
7055,3534,66,3,3544,354483,354549,351015
7056,3535,8,3,3537,354549,354557,351022
7058,3536,20,3,3537,354557,354577,351041
7057,3536,9,1,3549,354577,354586,351050
7059,3537,31,1,3547,354586,354617,351080
7061,3538,32,2,3540,354617,354649,351111
7060,3538,44,2,3545,354649,354693,351155
7065,3539,93,3,3551,354693,354786,351247
7067,3539,89,1,3554,354786,354875,351336
7066,3539,75,1,3555,354875,354950,351411
7064,3539,91,3,3555,354950,355041,351502
7062,3539,33,3,3556,355041,355074,351535
7063,3539,68,2,3559,355074,355142,351603
7069,3540,60,2,3541,355142,355202,351662
7068,3540,27,1,3556,355202,355229,351689
7070,3541,86,1,3561,355229,355315,351774
7075,3542,32,2,3543,355315,355347,351805
7077,3542,65,2,3549,355347,355412,351870
7076,3542,11,2,3550,355412,355423,351881
7071,3542,76,1,3552,355423,355499,351957
7072,3542,67,2,3553,355499,355566,352024
7074,3542,32,3,3561,355566,355598,352056
7073,3542,64,2,3562,355598,355662,352120
7078,3543,32,3,3553,355662,355694,352151
7079,3544,77,3,3564,355694,355771,352227
7080,3545,87,3,3548,355771,355858,352313
7081,3546,45,1,3552,355858,355903,352357
7082,3547,26,2,3556,355903,355929,352382
7083,3547,79,3,3563,355929,356008,352461
7084,3548,3,3,3556,356008,356011,352463
7085,3548,69,3,3556,356011,356080,352532
7087,3549,33,2,3567,356080,356113,352564
7086,3549,99,2,3568,356113,356212,352663
7089,3550,46,1,3552,356212,356258,352708
7088,3550,48,2,3563,356258,356306,352756
7091,3551,84,1,3552,356306,356390,352839
7090,3551,23,3,3565,356390,356413,352862
7093,3552,83,1,3560,356413,356496,352944
7092,3552,60,3,3570,356496,356556,353004
7097,3553,5,2,3554,356556,356561,353008
7098,3553,70,1,3554,356561,356631,353078
7094,3553,5,1,3557,356631,356636,353083
7096,3553,18,1,3559,356636,356654,353101
7095,3553,75,3,3563,356654,356729,353176
7099,3554,21,2,3556,356729,356750,353196
7101,3555,10,3,3556,356750,356760,353205
7100,3555,27,1,3570,356760,356787,353232
7104,3556,71,1,3557,356787,356858,353302
7102,3556,76,1,3559,356858,356934,353378
7103,3556,13,3,3576,356934,356947,353391
7105,3557,2,3,3565,356947,356949,353392
7106,3558,42,3,3559,356949,356991,353433
7107,3559,5,1,3564,356991,356996,353437
7108,3560,65,2,3577,356996,357061,353501
7109,3561,4,3,3567,357061,357065,353504
7110,3562,68,2,3574,357065,357133,353571
7111,3562,24,3,3577,357133,357157,353595
7112,3563,7,2,3566,357157,357164,353601
7113,3564,100,2,3572,357164,357264,353700
7114,3565,26,3,3580,357264,357290,353725
7115,3566,61,2,3575,357290,357351,353785
7116,3567,32,1,3585,357351,357383,353816
7119,3568,56,2,3570,357383,357439,353871
7120,3568,43,1,3573,357439,357482,353914
7117,3568,67,1,3576,357482,357549,353981
7118,3568,24,3,3577,357549,357573,354005
7121,3569,1,3,3576,357573,357574,354005
7122,3570,86,1,3576,357574,357660,354090
7123,3570,56,3,3578,357660,357716,354146
7124,3570,69,3,3583,357716,357785,354215
7125,3571,41,2,3581,357785,357826,354255
7126,3571,76,3,3581,357826,357902,354331
7127,3572,90,3,3583,357902,357992,354420
7128,3573,23,3,3576,357992,358015,354442
7129,3573,95,1,3576,358015,358110,354537
7130,3573,73,3,3589,358110,358183,354610
7135,3574,54,3,3577,358183,358237,354663
7133,3574,39,3,3579,358237,358276,354702
7131,3574,90,3,3583,358276,358366,354792
7132,3574,40,2,3587,358366,358406,354832
7134,3574,95,1,3591,358406,358501,354927
7138,3575,51,3,3579,358501,358552,354977
7136,3575,12,2,3586,358552,358564,354989
7137,3575,72,3,3594,358564,358636,355061
7139,3576,43,3,3579,358636,358679,355103
7140,3577,51,2,3590,358679,358730,355153
7145,3578,43,3,3587,358730,358773,355195
7141,3578,13,1,3588,358773,358786,355208
7143,3578,84,3,3588,358786,358870,355292
7144,3578,45,3,3593,358870,358915,355337
7142,3578,34,3,3598,358915,358949,355371
7147,3579,90,3,3595,358949,359039,355460
7146,3579,64,1,3597,359039,359103,355524
7148,3580,53,3,3596,359103,359156,355576
7151,3581,9,2,3582,359156,359165,355584
7149,3581,26,2,3589,359165,359191,355610
7150,3581,78,2,3600,359191,359269,355688
7152,3582,11,3,3598,359269,359280,355698
7154,3583,36,1,3584,359280,359316,355733
7153,3583,84,1,3585,359316,359400,355817
7155,3583,97,2,3603,359400,359497,355914
7156,3584,71,2,3591,359497,359568,355984
7157,3585,92,3,3588,359568,359660,356075
7159,3586,87,2,3594,359660,359747,356161
7158,3586,2,1,3604,359747,359749,356163
7161,3587,89,1,3590,359749,359838,356251
7160,3587,29,3,3606,359838,359867,356280
7165,3588,45,2,3594,359867,359912,356324
7164,3588,3,2,3595,359912,359915,356327
7162,3588,23,2,3605,359915,359938,356350
7163,3588,5,1,3607,359938,359943,356355
7166,3589,78,1,3592,359943,360021,356432
7167,3589,32,3,3598,360021,360053,356464
7168,3590,36,1,3601,360053,360089,356499
7169,3591,96,3,3598,360089,360185,356594
7170,3591,7,2,3602,360185,360192,356601
7171,3591,10,3,3607,360192,360202,356611
7172,3592,34,2,3606,360202,360236,356644
7173,3592,98,3,3608,360236,360334,356742
7175,3593,41,1,3595,360334,360375,356782
7176,3593,95,3,3600,360375,360470,356877
7174,3593,78,2,3603,360470,360548,356955
7177,3594,76,2,3614,360548,360624,357030
7178,3595,68,1,3603,360624,360692,357097
7180,3596,65,2,3598,360692,360757,357161
7179,3596,53,2,3601,360757,360810,357214
7181,3596,24,3,3603,360810,360834,357238
7182,3597,35,2,3602,360834,360869,357272
7184,3598,45,3,3610,360869,360914,357316
7183,3598,8,2,3613,360914,360922,357324
7187,3599,18,2,3609,360922,360940,357341
7186,3599,86,1,3609,360940,361026,357427
7185,3599,54,3,3611,361026,361080,357481
7188,3599,79,1,3615,361080,361159,357560
7189,3600,70,1,3606,361159,361229,357629
7191,3601,9,1,3602,361229,361238,357637
7190,3601,66,3,3610,361238,361304,357703
7193,3602,83,2,3611,361304,361387,357785
7192,3602,99,3,3620,361387,361486,357884
7194,3603,31,2,3604,361486,361517,357914
7195,3604,20,2,3615,361517,361537,357933
7196,3605,93,1,3608,361537,361630,358025
7197,3606,24,1,3618,361630,361654,358048
7198,3607,80,1,3615,361654,361734,358127
7199,3608,48,3,3620,361734,361782,358174
7200,3609,96,1,3617,361782,361878,358269
7201,3610,5,1,3618,361878,361883,358273
7202,3611,43,1,3628,361883,361926,358315
7203,3612,45,2,3613,361926,361971,358359
7206,3612,57,3,3618,361971,362028,358416
7205,3612,96,2,3627,362028,362124,358512
7204,3612,100,1,3627,362124,362224,358612
7207,3613,11,2,3631,362224,362235,358622
7209,3614,100,3,3621,362235,362335,358721
7208,3614,89,2,3625,362335,362424,358810
7214,3615,5,2,3617,362424,362429,358814
7213,3615,22,2,3617,362429,362451,358836
7211,3615,89,3,3620,362451,362540,358925
7212,3615,46,3,3625,362540,362586,358971
7210,3615,77,2,3627,362586,362663,359048
7216,3616,14,2,3631,362663,362677,359061
7215,3616,7,1,3635,362677,362684,359068
7217,3617,86,3,3623,362684,362770,359153
7218,3618,23,2,3626,362770,362793,359175
7220,3619,73,2,3621,362793,362866,359247
7219,3619,28,3,3627,362866,362894,359275
7221,3619,94,2,3638,362894,362988,359369
7222,3620,75,2,3627,362988,363063,359443
7223,3621,97,1,3627,363063,363160,359539
7224,3621,67,2,3638,363160,363227,359606
7225,3622,73,3,3635,363227,363300,359678
7226,3622,17,2,3637,363300,363317,359695
7227,3623,1,2,3626,363317,363318,359695
7228,3624,64,1,3626,363318,363382,359758
7230,3625,70,1,3633,363382,363452,359827
7229,3625,66,2,3634,363452,363518,359893
7231,3625,73,3,3637,363518,363591,359966
7232,3625,87,2,3642,363591,363678,360053
7234,3626,86,2,3638,363678,363764,360138
7233,3626,4,3,3642,363764,363768,360142
7235,3627,4,2,3635,363768,363772,360145
7237,3628,76,3,3635,363772,363848,360220
7236,3628,79,2,3640,363848,363927,360299
7238,3628,85,3,3642,363927,364012,360384
7239,3628,70,3,3646,364012,364082,360454
7240,3629,47,2,3630,364082,364129,360500
7241,3629,79,2,3642,364129,364208,360579
7242,3630,7,2,3631,364208,364215,360585
7246,3630,76,1,3636,364215,364291,360661
7245,3630,16,3,3639,364291,364307,360677
7244,3630,74,3,3639,364307,364381,360751
7243,3630,56,2,3645,364381,364437,360807
7247,3631,32,3,3638,364437,364469,360838
7249,3632,74,3,3638,364469,364543,360911
7248,3632,78,3,3646,364543,364621,360989
7250,3633,44,3,3636,364621,364665,361032
7251,3634,95,2,3640,364665,364760,361126
7253,3635,29,3,3643,364760,364789,361154
7252,3635,54,1,3644,364789,364843,361208
7255,3636,98,2,3641,364843,364941,361305
7254,3636,39,3,3656,364941,364980,361344
7256,3637,42,1,3642,364980,365022,361385
7258,3638,30,2,3645,365022,365052,361414
7257,3638,69,1,3649,365052,365121,361483
7260,3639,96,2,3642,365121,365217,361578
7259,3639,89,2,3645,365217,365306,361667
7262,3640,39,3,3646,365306,365345,361705
7261,3640,63,1,3657,365345,365408,361768
7263,3640,12,3,3659,365408,365420,361780
7264,3641,69,3,3660,365420,365489,361848
7265,3642,8,3,3650,365489,365497,361855
7266,3643,56,2,3646,365497,365553,361910
7268,3643,2,3,3651,365553,365555,361912
7267,3643,80,2,3651,365555,365635,361992
7269,3644,20,3,3663,365635,365655,362011
7271,3645,84,1,3648,365655,365739,362094
7270,3645,33,1,3665,365739,365772,362127
7272,3646,7,1,3651,365772,365779,362133
7273,3647,64,3,3659,365779,365843,362196
7276,3648,44,3,3651,365843,365887,362239
7277,3648,45,2,3663,365887,365932,362284
7275,3648,56,3,3663,365932,365988,362340
7274,3648,10,3,3668,365988,365998,362350
7278,3649,49,1,3656,365998,366047,362398
7280,3650,45,1,3651,366047,366092,362442
7279,3650,35,1,3659,366092,366127,362477
7281,3651,48,3,3654,366127,366175,362524
7282,3652,86,1,3653,366175,366261,362609
7283,3653,78,2,3670,366261,366339,362686
7284,3654,26,2,3661,366339,366365,362711
7286,3655,79,1,3662,366365,366444,362789
7285,3655,22,1,3672,366444,366466,362811
7289,3656,73,1,3663,366466,366539,362883
7287,3656,18,3,3672,366539,366557,362901
7288,3656,34,1,3673,366557,366591,362935
7290,3657,75,1,3660,366591,366666,363009
7292,3657,61,3,3664,366666,366727,363070
7291,3657,20,1,3671,366727,366747,363090
7293,3658,30,1,3663,366747,366777,363119
7294,3659,93,2,3679,366777,366870,363211
7295,3660,62,1,3665,366870,366932,363272
7296,3660,53,3,3666,366932,366985,363325
7298,3660,14,1,3675,366985,366999,363339
7297,3660,4,2,3676,366999,367003,363343
7299,3661,26,3,3665,367003,367029,363368
7300,3662,50,3,3682,367029,367079,363417
7303,3663,2,2,3672,367079,367081,363418
7301,3663,77,1,3676,367081,367158,363495
7304,3663,36,2,3681,367158,367194,363531
7302,3663,95,2,3682,367194,367289,363626
7305,3664,42,1,3679,367289,367331,363667
7306,3664,92,2,3684,367331,367423,363759
7307,3665,81,2,3678,367423,367504,363839
7309,3666,37,1,3670,367504,367541,363875
7313,3666,63,1,3670,367541,367604,363938
7308,3666,57,1,3671,367604,367661,363995
7310,3666,73,3,3673,367661,367734,364068
7312,3666,63,3,3674,367734,367797,364131
7314,3666,5,3,3681,367797,367802,364136
7311,3666,37,1,3684,367802,367839,364173
7315,3666,3,2,3685,367839,367842,364176
7316,3667,51,3,3674,367842,367893,364226
7318,3667,18,1,3680,367893,367911,364244
7317,3667,52,1,3686,367911,367963,364296
7319,3667,7,1,3687,367963,367970,364303
7320,3668,64,1,3681,367970,368034,364366
7321,3669,54,2,3684,368034,368088,364419
7322,3669,32,2,3688,368088,368120,364451
7323,3670,74,3,3683,368120,368194,364524
7324,3671,30,3,3684,368194,368224,364553
7325,3672,59,2,3685,368224,368283,364611
7326,3673,71,2,3677,368283,368354,364681
7327,3673,87,2,3677,368354,368441,364768
7328,3673,6,3,3684,368441,368447,364774
7330,3674,26,3,3685,368447,368473,364799
7329,3674,89,2,3692,368473,368562,364888
7331,3675,84,2,3688,368562,368646,364971
7332,3676,72,1,3691,368646,368718,365042
7333,3677,48,3,3693,368718,368766,365089
7337,3678,33,2,3687,368766,368799,365121
7338,3678,94,2,3692,368799,368893,365215
7335,3678,34,1,3696,368893,368927,365249
7336,3678,35,3,3697,368927,368962,365284
7334,3678,20,3,3698,368962,368982,365304
7340,3679,65,2,3685,368982,369047,365368
7341,3679,61,3,3694,369047,369108,365429
7339,3679,43,3,3695,369108,369151,365472
7342,3680,12,3,3683,369151,369163,365483
7343,3681,98,1,3684,369163,369261,365580
7344,3681,90,2,3694,369261,369351,365670
7345,3682,44,2,3699,369351,369395,365713
7346,3682,95,1,3701,369395,369490,365808
7347,3683,80,1,3697,369490,369570,365887
7348,3684,14,1,3691,369570,369584,365900
7349,3685,32,2,3692,369584,369616,365931
7350,3686,80,3,3691,369616,369696,366010
7351,3687,24,3,3696,369696,369720,366033
7355,3688,68,2,3689,369720,369788,366100
7353,3688,65,2,3695,369788,369853,366165
7354,3688,35,2,3704,369853,369888,366200
7352,3688,59,2,3704,369888,369947,366259
7356,3689,12,1,3699,369947,369959,366270
7357,3690,87,3,3697,369959,370046,366356
7359,3691,91,3,3696,370046,370137,366446
7358,3691,45,3,3704,370137,370182,366491
7360,3691,100,1,3704,370182,370282,366591
7365,3692,95,3,3699,370282,370377,366685
7362,3692,57,2,3702,370377,370434,366742
7363,3692,55,1,3708,370434,370489,366797
7364,3692,97,2,3708,370489,370586,366894
7366,3692,28,3,3711,370586,370614,366922
7361,3692,52,1,3712,370614,370666,366974
7367,3693,79,2,3705,370666,370745,367052
7368,3693,55,2,3709,370745,370800,367107
7369,3694,80,1,3705,370800,370880,367186
7370,3694,22,2,3713,370880,370902,367208
7374,3695,99,3,3699,370902,371001,367306
7375,3695,1,1,3706,371001,371002,367307
7373,3695,10,2,3710,371002,371012,367317
7371,3695,100,1,3710,371012,371112,367417
7372,3695,75,2,3712,371112,371187,367492
7379,3696,44,2,3700,371187,371231,367535
7376,3696,45,1,3707,371231,371276,367580
7378,3696,26,2,3714,371276,371302,367606
7377,3696,88,1,3715,371302,371390,367694
7380,3697,24,3,3714,371390,371414,367717
7381,3698,22,3,3705,371414,371436,367738
7382,3698,61,1,3710,371436,371497,367799
7383,3699,18,3,3708,371497,371515,367816
7385,3700,25,3,3718,371515,371540,367840
7384,3700,8,2,3720,371540,371548,367848
7386,3701,41,1,3704,371548,371589,367888
7388,3701,86,3,3709,371589,371675,367974
7387,3701,45,2,3718,371675,371720,368019
7389,3702,4,2,3705,371720,371724,368022
7391,3703,37,3,3710,371724,371761,368058
7390,3703,20,1,3712,371761,371781,368078
7392,3704,33,2,3718,371781,371814,368110
7393,3704,66,3,3721,371814,371880,368176
7395,3705,96,3,3714,371880,371976,368271
7394,3705,11,3,3724,371976,371987,368282
7398,3706,43,1,3710,371987,372030,368324
7396,3706,52,1,3710,372030,372082,368376
7397,3706,14,3,3713,372082,372096,368390
7399,3707,64,2,3714,372096,372160,368453
7400,3708,18,3,3721,372160,372178,368470
7401,3709,11,3,3716,372178,372189,368480
7402,3709,45,1,3716,372189,372234,368525
7403,3710,24,2,3717,372234,372258,368548
7404,3711,12,2,3722,372258,372270,368559
7405,3711,14,3,3725,372270,372284,368573
7406,3712,75,1,3727,372284,372359,368647
7408,3713,25,3,3715,372359,372384,368671
7407,3713,64,3,3733,372384,372448,368735
7409,3714,63,3,3723,372448,372511,368797
7411,3715,28,3,3724,372511,372539,368824
7410,3715,20,1,3726,372539,372559,368844
7412,3716,95,2,3729,372559,372654,368938
7413,3717,3,3,3736,372654,372657,368940
7414,3718,73,3,3729,372657,372730,369012
7415,3718,92,3,3732,372730,372822,369104
7416,3719,25,3,3722,372822,372847,369128
7417,3719,5,1,3723,372847,372852,369133
7419,3719,63,1,3725,372852,372915,369196
7418,3719,60,1,3738,372915,372975,369256
7420,3720,45,3,3733,372975,373020,369300
7421,3721,8,1,3741,373020,373028,369307
7422,3722,40,1,3738,373028,373068,369346
7423,3723,26,3,3726,373068,373094,369371
7424,3724,1,1,3727,373094,373095,369371
7425,3725,3,3,3730,373095,373098,369373
7428,3726,37,3,3729,373098,373135,369409
7427,3726,47,2,3730,373135,373182,369456
7426,3726,44,2,3731,373182,373226,369500
7429,3727,53,1,3747,373226,373279,369552
7431,3728,31,3,3737,373279,373310,369582
7430,3728,43,2,3738,373310,373353,369625
7432,3728,50,3,3743,373353,373403,369675
7433,3729,22,2,3731,373403,373425,369696
7434,3729,82,1,3731,373425,373507,369778
7435,3729,25,2,3739,373507,373532,369803
7437,3730,3,1,3735,373532,373535,369805
7436,3730,33,3,3738,373535,373568,369838
7439,3731,61,3,3741,373568,373629,369898
7438,3731,76,3,3741,373629,373705,369974
7440,3731,70,3,3742,373705,373775,370044
7441,3732,46,1,3735,373775,373821,370089
7442,3733,92,2,3746,373821,373913,370180
7443,3734,91,3,3754,373913,374004,370270
7444,3735,4,3,3750,374004,374008,370273
7445,3736,91,3,3748,374008,374099,370363
7446,3736,4,1,3754,374099,374103,370367
7449,3737,27,1,3738,374103,374130,370393
7448,3737,82,3,3745,374130,374212,370475
7447,3737,47,3,3757,374212,374259,370522
7450,3738,88,3,3743,374259,374347,370609
7451,3738,100,1,3746,374347,374447,370709
7452,3738,45,3,3754,374447,374492,370754
7453,3739,72,2,3751,374492,374564,370825
7454,3740,32,2,3754,374564,374596,370856
7455,3741,62,2,3756,374596,374658,370917
7456,3742,78,1,3755,374658,374736,370994
7471,3743,67,1,3745,374736,374803,371060
7468,3743,66,2,3746,374803,374869,371126
7466,3743,88,1,3746,374869,374957,371214
7458,3743,74,3,3748,374957,375031,371288
7464,3743,47,3,3749,375031,375078,371335
7459,3743,77,3,3749,375078,375155,371412
7461,3743,67,3,3750,375155,375222,371479
7469,3743,32,3,3751,375222,375254,371511
7463,3743,76,2,3751,375254,375330,371587
7465,3743,16,1,3756,375330,375346,371603
7457,3743,67,3,3757,375346,375413,371670
7467,3743,47,2,3758,375413,375460,371717
7460,3743,11,2,3759,375460,375471,371728
7462,3743,40,3,3760,375471,375511,371768
7470,3743,50,1,3760,375511,375561,371818
7473,3744,100,1,3750,375561,375661,371917
7475,3744,72,2,3753,375661,375733,371989
7472,3744,84,2,3754,375733,375817,372073
7474,3744,24,1,3759,375817,375841,372097
7476,3744,97,2,3761,375841,375938,372194
7477,3745,96,2,3746,375938,376034,372289
7479,3745,94,3,3761,376034,376128,372383
7478,3745,95,3,3761,376128,376223,372478
7480,3746,55,2,3756,376223,376278,372532
7481,3747,41,3,3753,376278,376319,372572
7482,3747,20,1,3759,376319,376339,372592
7483,3747,14,1,3765,376339,376353,372606
7485,3748,74,2,3763,376353,376427,372679
7484,3748,9,1,3766,376427,376436,372688
7486,3749,59,1,3764,376436,376495,372746
7488,3750,99,2,3758,376495,376594,372844
7487,3750,17,2,3761,376594,376611,372861
7490,3750,1,2,3766,376611,376612,372862
7489,3750,18,3,3766,376612,376630,372880
7491,3751,19,2,3766,376630,376649,372898
7494,3752,38,1,3763,376649,376687,372935
7495,3752,42,3,3763,376687,376729,372977
7492,3752,75,3,3769,376729,376804,373052
7493,3752,100,2,3770,376804,376904,373152
7496,3753,53,3,3764,376904,376957,373204
7497,3753,4,1,3769,376957,376961,373208
7498,3754,14,3,3765,376961,376975,373221
7499,3754,27,3,3773,376975,377002,373248
7501,3755,8,1,3764,377002,377010,373255
7500,3755,33,3,3765,377010,377043,373288
7502,3756,24,1,3774,377043,377067,373311
7503,3757,76,3,3771,377067,377143,373386
7505,3758,71,2,3759,377143,377214,373456
7507,3758,12,2,3763,377214,377226,373468
7504,3758,47,2,3769,377226,377273,373515
7506,3758,95,3,3777,377273,377368,373610
7508,3759,20,3,3768,377368,377388,373629
7509,3760,14,2,3762,377388,377402,373642
7510,3761,68,1,3767,377402,377470,373709
7512,3761,82,3,3770,377470,377552,373791
7511,3761,21,2,3778,377552,377573,373812
7513,3762,23,2,3768,377573,377596,373834
7515,3763,34,3,3766,377596,377630,373867
7514,3763,33,3,3774,377630,377663,373900
7516,3764,87,3,3783,377663,377750,373986
7517,3765,98,2,3771,377750,377848,374083
7518,3765,64,2,3778,377848,377912,374147
7519,3766,18,2,3779,377912,377930,374164
7520,3767,100,3,3773,377930,378030,374263
7521,3768,42,3,3773,378030,378072,374304
7522,3769,10,2,3776,378072,378082,374313
7523,3770,84,3,3779,378082,378166,374396
7525,3771,66,2,3791,378166,378232,374461
7524,3771,68,3,3791,378232,378300,374529
7529,3772,7,2,3773,378300,378307,374535
7526,3772,62,2,3774,378307,378369,374597
7527,3772,46,1,3785,378369,378415,374643
7528,3772,83,3,3789,378415,378498,374726
7530,3773,11,3,3777,378498,378509,374736
7532,3774,67,2,3776,378509,378576,374802
7531,3774,30,2,3792,378576,378606,374832
7533,3775,78,2,3794,378606,378684,374909
7534,3776,48,3,3787,378684,378732,374956
7535,3776,63,3,3795,378732,378795,375019
7536,3777,59,3,3794,378795,378854,375077
7537,3778,58,3,3784,378854,378912,375134
7539,3779,24,1,3789,378912,378936,375157
7538,3779,70,2,3790,378936,379006,375227
7540,3780,17,2,3797,379006,379023,375243
7541,3781,29,2,3784,379023,379052,375271
7542,3782,77,3,3790,379052,379129,375347
7543,3783,54,2,3800,379129,379183,375400
7544,3784,28,1,3801,379183,379211,375427
7546,3785,85,2,3793,379211,379296,375511
7545,3785,79,3,3805,379296,379375,375590
7549,3786,59,1,3788,379375,379434,375648
7547,3786,74,3,3792,379434,379508,375722
7548,3786,66,3,3799,379508,379574,375788
7551,3787,2,2,3800,379574,379576,375789
7553,3787,50,1,3801,379576,379626,375839
7550,3787,79,3,3806,379626,379705,375918
7552,3787,60,1,3807,379705,379765,375978
7554,3788,98,3,3802,379765,379863,376075
7556,3789,67,1,3803,379863,379930,376141
7555,3789,13,1,3806,379930,379943,376154
7560,3790,7,3,3801,379943,379950,376160
7557,3790,14,1,3807,379950,379964,376174
7558,3790,32,3,3808,379964,379996,376206
7559,3790,75,2,3810,379996,380071,376281
7561,3791,59,1,3792,380071,380130,376339
7564,3791,9,1,3794,380130,380139,376348
7563,3791,38,1,3794,380139,380177,376386
7562,3791,17,1,3802,380177,380194,376403
7565,3792,17,2,3794,380194,380211,376419
7566,3793,4,2,3796,380211,380215,376422
7567,3793,92,1,3812,380215,380307,376514
7569,3794,30,3,3799,380307,380337,376543
7568,3794,82,3,3811,380337,380419,376625
7571,3795,41,1,3802,380419,380460,376665
7572,3795,5,2,3803,380460,380465,376670
7570,3795,35,1,3814,380465,380500,376705
7574,3796,88,1,3799,380500,380588,376792
7576,3796,52,1,3802,380588,380640,376844
7573,3796,17,2,3809,380640,380657,376861
7575,3796,93,2,3810,380657,380750,376954
7577,3797,85,2,3807,380750,380835,377038
7578,3798,32,1,3810,380835,380867,377069
7579,3798,50,3,3816,380867,380917,377119
7580,3798,71,2,3817,380917,380988,377190
7581,3798,54,2,3818,380988,381042,377244
7584,3799,22,2,3805,381042,381064,377265
7585,3799,75,3,3806,381064,381139,377340
7582,3799,48,1,3817,381139,381187,377388
7583,3799,77,1,3818,381187,381264,377465
7586,3799,39,2,3819,381264,381303,377504
7587,3800,30,2,3811,381303,381333,377533
7588,3801,45,1,3812,381333,381378,377577
7589,3802,94,3,3811,381378,381472,377670
7594,3803,38,2,3804,381472,381510,377707
7590,3803,98,2,3806,381510,381608,377805
7591,3803,78,3,3808,381608,381686,377883
7593,3803,97,3,3810,381686,381783,377980
7595,3803,52,1,3812,381783,381835,378032
7592,3803,8,2,3820,381835,381843,378040
7596,3804,34,1,3819,381843,381877,378073
7598,3805,12,1,3817,381877,381889,378084
7597,3805,78,1,3823,381889,381967,378162
7599,3806,77,1,3823,381967,382044,378238
7604,3807,19,2,3808,382044,382063,378256
7600,3807,37,3,3811,382063,382100,378293
7602,3807,17,2,3813,382100,382117,378310
7601,3807,39,3,3817,382117,382156,378349
7603,3807,31,3,3821,382156,382187,378380
7605,3808,79,2,3814,382187,382266,378458
7606,3808,35,3,3827,382266,382301,378493
7607,3809,50,3,3816,382301,382351,378542
7608,3809,59,1,3826,382351,382410,378601
7609,3810,66,1,3819,382410,382476,378666
7610,3811,75,1,3812,382476,382551,378740
7612,3812,36,1,3820,382551,382587,378775
7611,3812,5,2,3830,382587,382592,378780
7613,3813,60,2,3816,382592,382652,378839
7614,3813,73,2,3819,382652,382725,378912
7615,3814,27,2,3817,382725,382752,378938
7616,3814,46,3,3818,382752,382798,378984
7617,3814,50,2,3818,382798,382848,379034
7620,3815,96,2,3817,382848,382944,379129
7618,3815,75,2,3823,382944,383019,379204
7621,3815,8,3,3827,383019,383027,379212
7619,3815,22,2,3832,383027,383049,379234
7622,3816,27,2,3834,383049,383076,379260
7624,3817,38,1,3823,383076,383114,379297
7623,3817,58,3,3825,383114,383172,379355
7625,3817,100,3,3827,383172,383272,379455
7626,3818,44,3,3822,383272,383316,379498
7627,3818,63,3,3826,383316,383379,379561
7629,3819,83,2,3831,383379,383462,379643
7628,3819,55,2,3834,383462,383517,379698
7630,3820,74,1,3829,383517,383591,379771
7631,3821,77,3,3836,383591,383668,379847
7633,3822,17,2,3827,383668,383685,379863
7634,3822,28,1,3830,383685,383713,379891
7635,3822,18,2,3833,383713,383731,379909
7636,3822,30,3,3833,383731,383761,379939
7632,3822,44,2,3840,383761,383805,379983
7637,3823,54,3,3830,383805,383859,380036
7639,3824,36,3,3825,383859,383895,380071
7640,3824,26,3,3827,383895,383921,380097
7638,3824,89,1,3841,383921,384010,380186
7641,3825,61,3,3837,384010,384071,380246
7642,3826,75,1,3837,384071,384146,380320
7646,3827,42,3,3830,384146,384188,380361
7647,3827,44,2,3833,384188,384232,380405
7643,3827,57,2,3835,384232,384289,380462
7645,3827,39,2,3838,384289,384328,380501
7644,3827,20,1,3845,384328,384348,380521
7649,3828,13,2,3842,384348,384361,380533
7648,3828,32,2,3848,384361,384393,380565
7650,3829,88,3,3833,384393,384481,380652
7651,3829,34,1,3834,384481,384515,380686
7652,3830,12,1,3843,384515,384527,380697
7653,3831,95,1,3847,384527,384622,380791
7654,3832,62,3,3845,384622,384684,380852
7658,3833,29,3,3835,384684,384713,380880
7655,3833,96,3,3837,384713,384809,380976
7659,3833,12,3,3842,384809,384821,380988
7656,3833,95,3,3844,384821,384916,381083
7660,3833,23,1,3845,384916,384939,381106
7657,3833,69,1,3846,384939,385008,381175
7661,3834,45,3,3846,385008,385053,381219
7662,3835,89,1,3839,385053,385142,381307
7663,3836,37,3,3838,385142,385179,381343
7666,3836,48,2,3840,385179,385227,381391
7664,3836,5,3,3841,385227,385232,381396
7665,3836,48,1,3842,385232,385280,381444
7671,3837,44,2,3840,385280,385324,381487
7668,3837,59,2,3845,385324,385383,381546
7670,3837,85,1,3848,385383,385468,381631
7669,3837,21,3,3850,385468,385489,381652
7667,3837,10,2,3853,385489,385499,381662
7674,3838,96,2,3840,385499,385595,381757
7672,3838,9,3,3843,385595,385604,381766
7673,3838,68,2,3846,385604,385672,381834
7676,3839,58,1,3847,385672,385730,381891
7675,3839,63,2,3856,385730,385793,381954
7678,3840,51,1,3845,385793,385844,382004
7677,3840,14,3,3853,385844,385858,382018
7679,3841,14,1,3848,385858,385872,382031
7680,3842,46,2,3852,385872,385918,382076
7681,3843,50,1,3853,385918,385968,382125
7682,3844,71,3,3853,385968,386039,382195
7683,3845,56,2,3851,386039,386095,382250
7684,3846,47,1,3862,386095,386142,382296
7685,3847,2,2,3858,386142,386144,382297
7686,3848,47,1,3859,386144,386191,382343
7687,3849,99,1,3855,386191,386290,382441
7688,3849,22,3,3857,386290,386312,382463
7689,3849,26,3,3865,386312,386338,382489
7690,3850,20,1,3868,386338,386358,382508
7691,3850,94,1,3870,386358,386452,382602
7692,3851,65,3,3863,386452,386517,382666
7693,3851,10,2,3868,386517,386527,382676
7694,3852,19,3,3858,386527,386546,382694
7699,3853,88,1,3858,386546,386634,382781
7698,3853,22,1,3861,386634,386656,382803
7696,3853,64,2,3865,386656,386720,382867
7695,3853,45,2,3866,386720,386765,382912
7697,3853,99,3,3873,386765,386864,383011
7701,3854,21,1,3861,386864,386885,383031
7700,3854,4,3,3867,386885,386889,383035
7703,3855,31,2,3856,386889,386920,383065
7702,3855,83,2,3861,386920,387003,383148
7704,3856,87,2,3863,387003,387090,383234
7706,3857,22,1,3858,387090,387112,383255
7707,3857,1,2,3860,387112,387113,383256
7705,3857,81,3,3864,387113,387194,383337
7708,3858,67,2,3875,387194,387261,383403
7709,3859,90,3,3873,387261,387351,383492
7710,3860,7,1,3877,387351,387358,383498
7711,3861,88,1,3864,387358,387446,383585
7712,3862,73,2,3867,387446,387519,383657
7713,3862,22,3,3874,387519,387541,383679
7714,3862,72,1,3874,387541,387613,383751
7716,3863,23,1,3865,387613,387636,383773
7715,3863,35,2,3876,387636,387671,383808
7718,3864,41,3,3868,387671,387712,383848
7719,3864,51,1,3868,387712,387763,383899
7720,3864,62,3,3868,387763,387825,383961
7717,3864,13,1,3880,387825,387838,383974
7722,3865,8,3,3872,387838,387846,383981
7721,3865,67,1,3880,387846,387913,384048
7723,3866,77,3,3874,387913,387990,384124
7724,3867,23,2,3882,387990,388013,384146
7725,3868,81,3,3873,388013,388094,384226
7726,3869,6,1,3888,388094,388100,384231
7727,3870,43,2,3877,388100,388143,384273
7728,3871,2,3,3881,388143,388145,384274
7729,3871,2,3,3881,388145,388147,384276
7730,3872,85,2,3875,388147,388232,384360
7731,3872,86,1,3886,388232,388318,384446
7732,3873,26,2,3879,388318,388344,384471
7734,3873,26,3,3880,388344,388370,384497
7733,3873,34,2,3881,388370,388404,384531
7735,3874,73,1,3891,388404,388477,384603
7736,3875,92,1,3890,388477,388569,384694
7737,3876,15,3,3893,388569,388584,384708
7738,3876,85,1,3895,388584,388669,384793
7739,3877,65,3,3883,388669,388734,384857
7740,3878,26,1,3879,388734,388760,384882
7741,3878,93,3,3887,388760,388853,384975
7743,3879,14,3,3894,388853,388867,384988
7742,3879,55,1,3894,388867,388922,385043
7744,3879,54,2,3896,388922,388976,385097
7745,3880,58,3,3898,388976,389034,385154
7746,3881,36,2,3890,389034,389070,385189
7750,3882,82,3,3889,389070,389152,385270
7748,3882,51,1,3896,389152,389203,385321
7749,3882,20,1,3897,389203,389223,385341
7747,3882,6,1,3900,389223,389229,385347
7751,3883,22,2,3887,389229,389251,385368
7753,3884,19,3,3885,389251,389270,385386
7752,3884,70,1,3894,389270,389340,385456
7754,3885,74,2,3892,389340,389414,385529
7755,3886,99,3,3905,389414,389513,385627
7756,3887,68,1,3902,389513,389581,385694
7758,3888,9,3,3895,389581,389590,385702
7757,3888,17,3,3904,389590,389607,385719
7762,3889,43,2,3903,389607,389650,385761
7759,3889,25,3,3905,389650,389675,385786
7761,3889,1,2,3906,389675,389676,385787
7760,3889,19,2,3906,389676,389695,385806
7763,3890,23,3,3898,389695,389718,385828
7764,3891,4,2,3902,389718,389722,385831
7765,3891,28,3,3905,389722,389750,385859
7766,3892,38,1,3900,389750,389788,385896
7769,3893,92,2,3894,389788,389880,385987
7771,3893,12,1,3897,389880,389892,385999
7772,3893,65,3,3897,389892,389957,386064
7773,3893,32,2,3900,389957,389989,386096
7767,3893,44,1,3910,389989,390033,386140
7768,3893,78,2,3910,390033,390111,386218
7770,3893,43,2,3912,390111,390154,386261
7774,3894,28,1,3897,390154,390182,386288
7775,3894,29,3,3902,390182,390211,386317
7776,3895,71,3,3898,390211,390282,386387
7777,3895,57,3,3900,390282,390339,386444
7778,3895,98,1,3908,390339,390437,386542
7779,3896,8,1,3897,390437,390445,386549
7780,3897,48,3,3905,390445,390493,386596
7782,3898,1,3,3901,390493,390494,386596
7781,3898,18,2,3901,390494,390512,386614
7783,3899,29,1,3904,390512,390541,386642
7784,3899,19,2,3910,390541,390560,386661
7785,3900,16,3,3901,390560,390576,386676
7786,3900,53,2,3914,390576,390629,386729
7787,3901,36,2,3913,390629,390665,386764
7788,3902,76,3,3911,390665,390741,386839
7789,3903,62,3,3906,390741,390803,386900
7790,3904,84,3,3907,390803,390887,386983
7791,3905,70,3,3915,390887,390957,387052
7793,3906,55,1,3915,390957,391012,387106
7792,3906,3,1,3921,391012,391015,387109
7794,3907,58,3,3926,391015,391073,387166
7795,3908,15,2,3924,391073,391088,387180
7796,3909,100,3,3912,391088,391188,387279
7797,3910,50,2,3927,391188,391238,387328
7798,3911,13,1,3929,391238,391251,387340
7799,3912,82,1,3922,391251,391333,387421
7800,3912,62,1,3926,391333,391395,387483
7801,3913,92,1,3917,391395,391487,387574
7803,3914,13,3,3921,391487,391500,387586
7802,3914,8,1,3924,391500,391508,387594
7804,3915,94,1,3916,391508,391602,387687
7805,3915,79,1,3919,391602,391681,387766
7806,3916,15,3,3930,391681,391696,387780
7807,3917,30,3,3927,391696,391726,387809
7808,3917,70,1,3927,391726,391796,387879
7809,3918,42,1,3925,391796,391838,387920
7810,3918,88,1,3937,391838,391926,388008
7812,3919,33,3,3921,391926,391959,388040
7811,3919,18,1,3929,391959,391977,388058
7813,3920,55,1,3926,391977,392032,388112
7814,3921,10,2,3930,392032,392042,388121
7815,3921,3,3,3935,392042,392045,388124
7816,3922,28,3,3938,392045,392073,388151
7817,3923,37,3,3935,392073,392110,388187
7818,3924,6,3,3927,392110,392116,388192
7819,3924,86,1,3939,392116,392202,388278
7820,3925,55,2,3930,392202,392257,388332
7826,3925,77,2,3934,392257,392334,388409
7822,3925,77,1,3939,392334,392411,388486
7823,3925,25,3,3941,392411,392436,388511
7824,3925,4,1,3943,392436,392440,388515
7821,3925,2,1,3945,392440,392442,388517
7825,3925,95,1,3945,392442,392537,388612
7827,3926,91,3,3929,392537,392628,388702
7828,3927,46,1,3941,392628,392674,388747
7830,3928,76,2,3929,392674,392750,388822
7829,3928,57,2,3931,392750,392807,388879
7831,3928,53,2,3947,392807,392860,388932
7832,3929,52,2,3939,392860,392912,388983
7833,3930,16,3,3933,392912,392928,388998
7834,3930,51,2,3942,392928,392979,389049
7835,3930,42,3,3943,392979,393021,389091
7836,3931,27,3,3946,393021,393048,389117
7837,3932,79,3,3934,393048,393127,389195
7838,3932,54,3,3947,393127,393181,389249
7839,3933,31,3,3937,393181,393212,389279
7840,3933,15,1,3939,393212,393227,389294
7841,3933,90,3,3940,393227,393317,389384
7842,3934,1,2,3935,393317,393318,389384
7843,3934,27,2,3937,393318,393345,389411
7844,3934,36,1,3953,393345,393381,389447
7846,3935,40,1,3945,393381,393421,389486
7845,3935,95,1,3954,393421,393516,389581
7847,3936,45,2,3937,393516,393561,389625
7848,3937,95,3,3940,393561,393656,389719
7849,3938,67,1,3942,393656,393723,389785
7850,3939,62,2,3948,393723,393785,389846
7851,3940,45,2,3941,393785,393830,389890
7854,3941,26,3,3945,393830,393856,389915
7852,3941,46,1,3948,393856,393902,389961
7853,3941,49,3,3957,393902,393951,390010
7856,3942,15,3,3953,393951,393966,390024
7855,3942,34,3,3953,393966,394000,390058
7857,3943,87,2,3952,394000,394087,390144
7859,3944,96,2,3947,394087,394183,390239
7858,3944,79,2,3958,394183,394262,390318
7861,3945,70,3,3948,394262,394332,390387
7860,3945,13,2,3965,394332,394345,390400
7862,3946,91,3,3951,394345,394436,390490
7863,3947,66,2,3961,394436,394502,390555
7864,3948,17,3,3958,394502,394519,390571
7865,3949,9,3,3958,394519,394528,390579
7866,3950,47,2,3957,394528,394575,390625
7867,3951,60,3,3955,394575,394635,390684
7868,3951,66,1,3968,394635,394701,390750
7870,3952,82,3,3963,394701,394783,390831
7869,3952,24,2,3969,394783,394807,390855
7872,3953,31,1,3958,394807,394838,390885
7874,3953,3,1,3962,394838,394841,390888
7876,3953,9,1,3962,394841,394850,390897
7878,3953,37,1,3965,394850,394887,390934
7877,3953,96,2,3965,394887,394983,391030
7871,3953,82,3,3969,394983,395065,391112
7873,3953,5,2,3970,395065,395070,391117
7875,3953,45,3,3973,395070,395115,391162
7879,3954,24,2,3960,395115,395139,391185
7880,3955,61,2,3962,395139,395200,391245
7881,3956,52,3,3972,395200,395252,391296
7882,3956,50,1,3973,395252,395302,391346
7887,3957,20,3,3958,395302,395322,391365
7884,3957,58,3,3968,395322,395380,391423
7883,3957,41,1,3972,395380,395421,391464
7886,3957,15,2,3973,395421,395436,391479
7885,3957,24,1,3973,395436,395460,391503
7888,3958,6,1,3971,395460,395466,391508
7889,3959,95,2,3961,395466,395561,391602
7890,3960,45,3,3962,395561,395606,391646
7891,3960,53,3,3964,395606,395659,391699
7892,3961,13,2,3980,395659,395672,391711
7894,3962,33,2,3971,395672,395705,391743
7893,3962,95,1,3974,395705,395800,391838
7896,3963,93,2,3964,395800,395893,391930
7895,3963,29,3,3974,395893,395922,391959
7897,3963,39,3,3982,395922,395961,391998
7898,3964,2,3,3972,395961,395963,391999
7899,3964,34,2,3973,395963,395997,392033
7900,3964,36,1,3978,395997,396033,392069
7901,3965,10,1,3983,396033,396043,392078
7902,3965,19,1,3985,396043,396062,392097
7903,3966,76,3,3974,396062,396138,392172
7904,3967,87,3,3971,396138,396225,392258
7905,3968,22,2,3971,396225,396247,392279
7906,3969,95,1,3982,396247,396342,392373
7907,3970,90,2,3972,396342,396432,392462
7908,3970,5,3,3979,396432,396437,392467
7909,3970,17,2,3979,396437,396454,392484
7910,3970,62,2,3988,396454,396516,392546
7911,3971,35,2,3986,396516,396551,392580
7912,3972,64,2,3978,396551,396615,392643
7913,3973,32,2,3990,396615,396647,392674
7914,3974,47,3,3990,396647,396694,392720
7915,3975,96,2,3991,396694,396790,392815
7916,3976,60,1,3985,396790,396850,392874
7917,3977,21,1,3995,396850,396871,392894
7918,3978,39,1,3979,396871,396910,392932
7919,3978,14,3,3988,396910,396924,392946
7920,3979,28,1,3981,396924,396952,392973
7923,3979,64,2,3981,396952,397016,393037
7921,3979,93,1,3987,397016,397109,393130
7922,3979,18,2,3991,397109,397127,393148
7924,3980,34,3,3991,397127,397161,393181
7925,3981,45,3,3987,397161,397206,393225
7926,3981,41,3,3990,397206,397247,393266
7927,3982,58,2,3994,397247,397305,393323
7928,3983,19,1,3987,397305,397324,393341
7929,3983,68,2,4000,397324,397392,393409
7931,3984,10,3,3990,397392,397402,393418
7930,3984,69,3,3992,397402,397471,393487
7932,3985,26,3,3998,397471,397497,393512
7933,3986,11,1,3994,397497,397508,393522
7934,3987,29,3,3988,397508,397537,393550
7937,3987,49,2,3993,397537,397586,393599
7935,3987,28,2,4004,397586,397614,393627
7936,3987,96,2,4006,397614,397710,393723
7940,3988,72,2,3998,397710,397782,393794
7939,3988,48,2,4001,397782,397830,393842
7938,3988,46,2,4007,397830,397876,393888
7942,3989,66,2,3998,397876,397942,393953
7941,3989,61,2,4009,397942,398003,394014
7944,3990,23,3,3991,398003,398026,394036
7943,3990,27,3,3996,398026,398053,394063
7945,3991,77,3,3992,398053,398130,394139
7949,3992,92,2,3993,398130,398222,394230
7948,3992,80,2,3995,398222,398302,394310
7947,3992,39,2,3998,398302,398341,394349
7946,3992,55,1,3999,398341,398396,394404
7954,3993,42,3,3994,398396,398438,394445
7952,3993,37,2,3996,398438,398475,394482
7950,3993,53,1,3996,398475,398528,394535
7951,3993,94,1,4002,398528,398622,394629
7953,3993,62,3,4009,398622,398684,394691
7956,3994,79,2,3999,398684,398763,394769
7955,3994,92,1,4012,398763,398855,394861
7957,3995,20,3,4001,398855,398875,394880
7959,3995,37,2,4007,398875,398912,394917
7958,3995,29,2,4012,398912,398941,394946
7960,3996,13,1,4008,398941,398954,394958
7962,3997,39,1,3999,398954,398993,394996
7963,3997,77,3,4000,398993,399070,395073
7961,3997,79,3,4008,399070,399149,395152
7964,3998,49,1,4009,399149,399198,395200
7965,3999,23,2,4003,399198,399221,395222
7967,4000,15,1,4010,399221,399236,395236
7966,4000,100,3,4013,399236,399336,395336
7968,4000,31,3,4019,399336,399367,395367
7969,4001,11,3,4009,399367,399378,395377
7970,4002,87,2,4013,399378,399465,395463
7971,4002,73,2,4021,399465,399538,395536
7972,4003,36,3,4011,399538,399574,395571
7973,4004,37,3,4016,399574,399611,395607
7976,4005,15,1,4008,399611,399626,395621
7975,4005,87,1,4019,399626,399713,395708
7974,4005,91,1,4019,399713,399804,395799
7977,4006,100,2,4009,399804,399904,395898
7978,4007,96,3,4024,399904,400000,395993
7979,4008,47,3,4025,400000,400047,396039
7980,4008,63,3,4027,400047,400110,396102
7984,4009,98,2,4012,400110,400208,396199
7986,4009,1,2,4017,400208,400209,396200
7983,4009,62,3,4019,400209,400271,396262
7982,4009,31,3,4022,400271,400302,396293
7985,4009,32,2,4022,400302,400334,396325
7981,4009,82,2,4023,400334,400416,396407
7987,4010,92,3,4011,400416,400508,396498
7988,4011,79,1,4016,400508,400587,396576
7989,4012,19,3,4015,400587,400606,396594
7990,4013,7,2,4014,400606,400613,396600
7991,4014,95,2,4025,400613,400708,396694
7994,4015,74,2,4019,400708,400782,396767
7993,4015,88,3,4021,400782,400870,396855
7995,4015,35,2,4026,400870,400905,396890
7992,4015,89,3,4033,400905,400994,396979
7996,4016,70,2,4018,400994,401064,397048
7997,4017,73,3,4026,401064,401137,397120
7998,4018,28,2,4027,401137,401165,397147
8000,4019,9,1,4030,401165,401174,397155
7999,4019,95,3,4037,401174,401269,397250
8002,4020,79,3,4023,401269,401348,397328
8001,4020,70,3,4028,401348,401418,397398
8003,4021,5,2,4035,401418,401423,397402
8004,4022,69,2,4032,401423,401492,397470
8005,4023,77,3,4025,401492,401569,397546
8006,4024,41,1,4044,401569,401610,397586
8007,4025,38,2,4037,401610,401648,397623
8009,4026,30,1,4028,401648,401678,397652
8008,4026,36,2,4044,401678,401714,397688
8010,4027,38,1,4037,401714,401752,397725
8011,4027,64,1,4043,401752,401816,397789
8012,4028,99,3,4043,401816,401915,397887
8016,4029,50,1,4032,401915,401965,397936
8013,4029,55,1,4035,401965,402020,397991
8014,4029,18,2,4037,402020,402038,398009
8015,4029,8,2,4043,402038,402046,398017
8017,4029,79,3,4043,402046,402125,398096
8019,4030,1,1,4038,402125,402126,398096
8018,4030,74,2,4044,402126,402200,398170
8021,4031,89,2,4032,402200,402289,398258
8020,4031,63,1,4046,402289,402352,398321
8022,4032,7,3,4052,402352,402359,398327
8023,4033,45,3,4042,402359,402404,398371
8024,4033,56,3,4048,402404,402460,398427
8025,4034,74,3,4048,402460,402534,398500
8027,4035,7,2,4041,402534,402541,398506
8026,4035,90,1,4048,402541,402631,398596
8028,4036,65,3,4049,402631,402696,398660
8029,4036,76,2,4051,402696,402772,398736
8030,4037,29,2,4057,402772,402801,398764
8032,4038,45,3,4044,402801,402846,398808
8031,4038,33,2,4046,402846,402879,398841
8033,4039,89,1,4053,402879,402968,398929
8034,4040,61,2,4051,402968,403029,398989
8035,4040,90,2,4057,403029,403119,399079
8037,4041,95,3,4046,403119,403214,399173
8036,4041,50,1,4050,403214,403264,399223
8038,4042,82,1,4044,403264,403346,399304
8040,4043,56,2,4044,403346,403402,399359
8041,4043,56,1,4058,403402,403458,399415
8042,4043,80,3,4058,403458,403538,399495
8039,4043,67,1,4061,403538,403605,399562
8043,4044,40,3,4053,403605,403645,399601
8044,4045,63,3,4059,403645,403708,399663
8046,4046,28,1,4056,403708,403736,399690
8045,4046,57,1,4057,403736,403793,399747
8049,4047,96,2,4050,403793,403889,399842
8048,4047,90,3,4052,403889,403979,399932
8051,4047,43,2,4053,403979,404022,399975
8054,4047,39,3,4054,404022,404061,400014
8047,4047,32,1,4056,404061,404093,400046
8053,4047,37,1,4061,404093,404130,400083
8050,4047,78,2,4063,404130,404208,400161
8052,4047,72,1,4064,404208,404280,400233
8057,4048,98,2,4057,404280,404378,400330
8058,4048,17,1,4058,404378,404395,400347
8056,4048,87,2,4065,404395,404482,400434
8055,4048,62,2,4066,404482,404544,400496
8060,4049,98,3,4059,404544,404642,400593
8059,4049,41,3,4060,404642,404683,400634
8061,4050,49,3,4070,404683,404732,400682
8062,4051,15,1,4061,404732,404747,400696
8064,4052,70,3,4056,404747,404817,400765
8063,4052,100,2,4070,404817,404917,400865
8067,4053,98,2,4058,404917,405015,400962
8066,4053,3,3,4070,405015,405018,400965
8065,4053,59,1,4071,405018,405077,401024
8068,4054,29,1,4067,405077,405106,401052
8069,4055,56,3,4072,405106,405162,401107
8071,4056,8,3,4059,405162,405170,401114
8072,4056,32,3,4062,405170,405202,401146
8073,4056,24,1,4066,405202,405226,401170
8070,4056,37,3,4067,405226,405263,401207
8075,4056,41,2,4072,405263,405304,401248
8074,4056,33,3,4074,405304,405337,401281
8076,4056,60,2,4075,405337,405397,401341
8078,4057,5,1,4058,405397,405402,401345
8077,4057,90,3,4073,405402,405492,401435
8079,4058,4,3,4064,405492,405496,401438
8080,4059,25,3,4074,405496,405521,401462
8081,4060,94,3,4063,405521,405615,401555
8082,4061,93,3,4075,405615,405708,401647
8084,4062,23,2,4078,405708,405731,401669
8083,4062,67,1,4082,405731,405798,401736
8085,4063,63,3,4068,405798,405861,401798
8086,4064,78,3,4074,405861,405939,401875
8087,4065,64,2,4077,405939,406003,401938
8088,4066,6,1,4075,406003,406009,401943
8089,4066,4,1,4085,406009,406013,401947
8090,4066,6,3,4085,406013,406019,401953
8092,4067,76,3,4068,406019,406095,402028
8093,4067,19,1,4075,406095,406114,402047
8091,4067,33,2,4077,406114,406147,402080
8094,4068,39,3,4074,406147,406186,402118
8095,4069,66,1,4073,406186,406252,402183
8098,4070,47,3,4074,406252,406299,402229
8096,4070,79,2,4079,406299,406378,402308
8100,4070,64,1,4080,406378,406442,402372
8099,4070,11,3,4081,406442,406453,402383
8097,4070,43,1,4085,406453,406496,402426
8101,4071,3,2,4089,406496,406499,402428
8103,4072,39,1,4075,406499,406538,402466
8102,4072,1,2,4087,406538,406539,402467
8104,4073,62,2,4075,406539,406601,402528
8105,4073,11,2,4079,406601,406612,402539
8106,4074,14,3,4075,406612,406626,402552
8107,4075,47,2,4090,406626,406673,402598
8108,4075,32,1,4093,406673,406705,402630
8111,4076,18,1,4079,406705,406723,402647
8110,4076,38,3,4082,406723,406761,402685
8112,4076,71,3,4090,406761,406832,402756
8109,4076,91,1,4094,406832,406923,402847
8113,4077,25,2,4090,406923,406948,402871
8114,4078,86,1,4094,406948,407034,402956
8115,4079,32,1,4082,407034,407066,402987
8117,4080,50,2,4095,407066,407116,403036
8116,4080,90,3,4099,407116,407206,403126
8118,4081,70,3,4082,407206,407276,403195
8119,4082,71,3,4091,407276,407347,403265
8123,4083,6,1,4089,407347,407353,403270
8127,4083,59,1,4089,407353,407412,403329
8129,4083,16,3,4090,407412,407428,403345
8128,4083,48,1,4092,407428,407476,403393
8124,4083,95,1,4092,407476,407571,403488
8122,4083,27,2,4093,407571,407598,403515
8120,4083,50,3,4093,407598,407648,403565
8130,4083,87,1,4099,407648,407735,403652
8121,4083,12,3,4102,407735,407747,403664
8125,4083,39,1,4102,407747,407786,403703
8126,4083,98,3,4103,407786,407884,403801
8131,4084,84,1,4087,407884,407968,403884
8132,4085,97,3,4088,407968,408065,403980
8133,4086,49,2,4106,408065,408114,404028
8134,4087,83,3,4088,408114,408197,404110
8136,4087,17,1,4103,408197,408214,404127
8135,4087,76,1,4105,408214,408290,404203
8137,4088,6,2,4093,408290,408296,404208
8138,4089,38,3,4093,408296,408334,404245
8139,4089,37,3,4107,408334,408371,404282
8142,4090,11,2,4098,408371,408382,404292
8140,4090,12,1,4098,408382,408394,404304
8141,4090,65,3,4105,408394,408459,404369
8143,4091,87,3,4095,408459,408546,404455
8147,4092,66,3,4099,408546,408612,404520
8146,4092,74,2,4105,408612,408686,404594
8144,4092,51,2,4106,408686,408737,404645
8145,4092,88,1,4107,408737,408825,404733
8148,4093,77,3,4098,408825,408902,404809
8149,4093,70,1,4110,408902,408972,404879
8151,4094,55,3,4107,408972,409027,404933
8152,4094,98,2,4107,409027,409125,405031
8150,4094,81,1,4113,409125,409206,405112
8156,4095,10,3,4098,409206,409216,405121
8153,4095,44,1,4098,409216,409260,405165
8154,4095,42,3,4105,409260,409302,405207
8155,4095,62,1,4110,409302,409364,405269
8157,4096,95,3,4103,409364,409459,405363
8158,4097,26,3,4101,409459,409485,405388
8160,4098,20,1,4102,409485,409505,405407
8159,4098,33,3,4114,409505,409538,405440
8161,4099,68,2,4102,409538,409606,405507
8162,4100,23,3,4106,409606,409629,405529
8164,4100,100,2,4110,409629,409729,405629
8163,4100,9,2,4111,409729,409738,405638
8165,4100,51,1,4115,409738,409789,405689
8166,4101,52,2,4111,409789,409841,405740
8168,4102,64,1,4103,409841,409905,405803
8167,4102,32,2,4112,409905,409937,405835
8169,4103,20,2,4115,409937,409957,405854
8170,4103,85,1,4115,409957,410042,405939
8172,4104,54,3,4106,410042,410096,405992
8171,4104,61,1,4108,410096,410157,406053
8173,4104,10,1,4110,410157,410167,406063
8175,4105,15,2,4118,410167,410182,406077
8174,4105,59,3,4119,410182,410241,406136
8176,4106,96,2,4126,410241,410337,406231
8177,4107,11,2,4108,410337,410348,406241
8179,4107,50,2,4111,410348,410398,406291
8178,4107,49,3,4119,410398,410447,406340
8181,4108,61,1,4114,410447,410508,406400
8180,4108,12,3,4126,410508,410520,406412
8183,4109,25,1,4111,410520,410545,406436
8182,4109,68,1,4128,410545,410613,406504
8184,4109,29,3,4129,410613,410642,406533
8185,4110,1,2,4117,410642,410643,406533
8186,4110,93,2,4119,410643,410736,406626
8187,4111,17,2,4118,410736,410753,406642
8188,4112,11,3,4126,410753,410764,406652
8189,4112,87,2,4130,410764,410851,406739
8190,4113,4,3,4130,410851,410855,406742
8191,4114,54,1,4128,410855,410909,406795
8192,4115,96,1,4125,410909,411005,406890
8193,4116,63,3,4131,411005,411068,406952
8194,4117,8,3,4118,411068,411076,406959
8196,4118,27,1,4119,411076,411103,406985
8197,4118,41,2,4131,411103,411144,407026
8195,4118,16,2,4135,411144,411160,407042
8199,4119,82,1,4121,411160,411242,407123
8198,4119,88,3,4121,411242,411330,407211
8202,4119,65,2,4133,411330,411395,407276
8200,4119,67,3,4134,411395,411462,407343
8201,4119,75,3,4134,411462,411537,407418
8203,4120,54,1,4134,411537,411591,407471
8204,4121,22,2,4135,411591,411613,407492
8206,4122,10,1,4133,411613,411623,407501
8205,4122,50,2,4134,411623,411673,407551
8208,4123,18,1,4127,411673,411691,407568
8207,4123,91,2,4129,411691,411782,407659
8209,4124,4,1,4142,411782,411786,407662
8210,4125,67,1,4129,411786,411853,407728
8211,4126,76,1,4131,411853,411929,407803
8212,4126,7,2,4144,411929,411936,407810
8213,4127,100,1,4128,411936,412036,407909
8214,4128,93,2,4129,412036,412129,408001
8215,4128,20,2,4132,412129,412149,408021
8216,4129,68,3,4134,412149,412217,408088
8217,4130,37,3,4132,412217,412254,408124
8218,4131,71,1,4137,412254,412325,408194
8219,4131,81,2,4146,412325,412406,408275
8220,4132,32,3,4139,412406,412438,408306
8221,4133,76,1,4148,412438,412514,408381
8222,4134,29,2,4152,412514,412543,408409
8225,4135,82,3,4141,412543,412625,408490
8223,4135,74,1,4142,412625,412699,408564
8224,4135,21,1,4146,412699,412720,408585
8226,4136,72,3,4140,412720,412792,408656
8227,4137,34,1,4139,412792,412826,408689
8229,4137,58,2,4150,412826,412884,408747
8228,4137,100,2,4157,412884,412984,408847
8230,4138,25,2,4145,412984,413009,408871
8231,4138,18,3,4156,413009,413027,408889
8232,4139,28,1,4146,413027,413055,408916
8233,4140,56,2,4147,413055,413111,408971
8238,4141,44,1,4144,413111,413155,409014
8235,4141,26,3,4149,413155,413181,409040
8236,4141,40,3,4150,413181,413221,409080
8234,4141,59,1,4151,413221,413280,409139
8237,4141,44,1,4154,413280,413324,409183
8239,4142,7,1,4150,413324,413331,409189
8240,4143,62,1,4158,413331,413393,409250
8241,4144,39,3,4148,413393,413432,409288
8242,4145,76,1,4153,413432,413508,409363
8243,4145,74,1,4160,413508,413582,409437
8244,4146,57,2,4162,413582,413639,409493
8245,4147,47,1,4158,413639,413686,409539
8247,4148,27,2,4149,413686,413713,409565
8246,4148,84,2,4149,413713,413797,409649
8248,4148,23,3,4167,413797,413820,409672
8249,4149,99,2,4165,413820,413919,409770
8250,4150,44,1,4166,413919,413963,409813
8251,4151,11,1,4152,413963,413974,409823
8252,4152,17,2,4163,413974,413991,409839
8253,4153,47,3,4167,413991,414038,409885
8254,4153,58,3,4172,414038,414096,409943
8256,4154,10,1,4156,414096,414106,409952
8257,4154,57,1,4156,414106,414163,410009
8255,4154,6,1,4158,414163,414169,410015
8258,4154,7,1,4171,414169,414176,410022
8260,4155,10,3,4164,414176,414186,410031
8261,4155,75,1,4168,414186,414261,410106
8259,4155,25,3,4171,414261,414286,410131
8262,4156,96,2,4168,414286,414382,410226
8263,4157,19,2,4159,414382,414401,410244
8266,4158,58,1,4169,414401,414459,410301
8267,4158,7,1,4170,414459,414466,410308
8265,4158,2,2,4175,414466,414468,410310
8264,4158,35,2,4177,414468,414503,410345
8268,4159,43,1,4161,414503,414546,410387
8269,4160,16,3,4171,414546,414562,410402
8270,4161,95,2,4172,414562,414657,410496
8271,4162,24,1,4165,414657,414681,410519
8272,4162,64,1,4167,414681,414745,410583
8277,4163,12,3,4167,414745,414757,410594
8276,4163,51,1,4176,414757,414808,410645
8275,4163,43,2,4178,414808,414851,410688
8278,4163,64,1,4179,414851,414915,410752
8274,4163,45,1,4180,414915,414960,410797
8273,4163,14,1,4182,414960,414974,410811
8280,4164,95,1,4167,414974,415069,410905
8279,4164,84,1,4168,415069,415153,410989
8281,4165,54,2,4176,415153,415207,411042
8282,4165,4,2,4180,415207,415211,411046
8283,4166,81,1,4168,415211,415292,411126
8285,4166,52,2,4173,415292,415344,411178
8284,4166,76,1,4180,415344,415420,411254
8288,4167,87,1,4177,415420,415507,411340
8286,4167,86,3,4178,415507,415593,411426
8287,4167,56,2,4182,415593,415649,411482
8289,4168,19,2,4169,415649,415668,411500
8293,4168,66,1,4170,415668,415734,411566
8292,4168,72,3,4171,415734,415806,411638
8294,4168,21,2,4172,415806,415827,411659
8290,4168,21,1,4174,415827,415848,411680
8291,4168,43,3,4177,415848,415891,411723
8298,4169,12,1,4171,415891,415903,411734
8301,4169,94,1,4175,415903,415997,411828
8295,4169,66,3,4177,415997,416063,411894
8300,4169,34,1,4181,416063,416097,411928
8299,4169,38,3,4181,416097,416135,411966
8296,4169,20,2,4188,416135,416155,411986
8297,4169,99,3,4189,416155,416254,412085
8304,4170,41,3,4171,416254,416295,412125
8302,4170,8,1,4180,416295,416303,412133
8303,4170,89,2,4186,416303,416392,412222
8307,4171,38,3,4173,416392,416430,412259
8305,4171,22,1,4179,416430,416452,412281
8306,4171,82,1,4182,416452,416534,412363
8309,4172,60,1,4176,416534,416594,412422
8308,4172,18,3,4182,416594,416612,412440
8312,4173,39,2,4174,416612,416651,412478
8310,4173,52,1,4175,416651,416703,412530
8311,4173,34,1,4180,416703,416737,412564
8313,4174,28,3,4184,416737,416765,412591
8316,4174,78,3,4184,416765,416843,412669
8314,4174,6,2,4189,416843,416849,412675
8315,4174,85,2,4194,416849,416934,412760
8318,4175,53,3,4190,416934,416987,412812
8317,4175,63,1,4194,416987,417050,412875
8320,4176,77,3,4179,417050,417127,412951
8321,4176,46,2,4181,417127,417173,412997
8319,4176,21,2,4193,417173,417194,413018
8324,4177,64,3,4186,417194,417258,413081
8322,4177,90,3,4187,417258,417348,413171
8323,4177,46,1,4196,417348,417394,413217
8325,4178,81,2,4185,417394,417475,413297
8327,4179,35,1,4190,417475,417510,413331
8328,4179,32,1,4196,417510,417542,413363
8326,4179,89,3,4197,417542,417631,413452
8329,4180,29,2,4195,417631,417660,413480
8331,4181,4,2,4184,417660,417664,413483
8330,4181,20,3,4198,417664,417684,413503
8333,4182,21,2,4195,417684,417705,413523
8332,4182,17,3,4201,417705,417722,413540
8338,4183,30,1,4191,417722,417752,413569
8335,4183,31,3,4195,417752,417783,413600
8337,4183,71,1,4199,417783,417854,413671
8334,4183,92,3,4200,417854,417946,413763
8336,4183,19,2,4201,417946,417965,413782
8339,4184,95,2,4185,417965,418060,413876
8341,4184,53,1,4191,418060,418113,413929
8340,4184,96,2,4192,418113,418209,414025
8342,4185,35,3,4187,418209,418244,414059
8345,4186,9,3,4189,418244,418253,414067
8343,4186,28,2,4190,418253,418281,414095
8344,4186,53,1,4193,418281,418334,414148
8346,4186,58,1,4206,418334,418392,414206
8349,4187,39,3,4191,418392,418431,414244
8347,4187,85,1,4199,418431,418516,414329
8348,4187,90,3,4207,418516,418606,414419
8350,4188,61,1,4207,418606,418667,414479
8351,4189,73,2,4207,418667,418740,414551
8360,4190,32,3,4191,418740,418772,414582
8361,4190,60,2,4194,418772,418832,414642
8356,4190,8,1,4198,418832,418840,414650
8354,4190,5,1,4199,418840,418845,414655
8352,4190,56,3,4199,418845,418901,414711
8357,4190,60,2,4199,418901,418961,414771
8353,4190,100,2,4202,418961,419061,414871
8355,4190,6,3,4203,419061,419067,414877
8358,4190,52,2,4203,419067,419119,414929
8363,4190,41,1,4205,419119,419160,414970
8364,4190,87,2,4205,419160,419247,415057
8359,4190,60,2,4206,419247,419307,415117
8362,4190,42,3,4209,419307,419349,415159
8365,4191,7,3,4198,419349,419356,415165
8366,4191,53,2,4199,419356,419409,415218
8367,4192,97,2,4201,419409,419506,415314
8368,4193,46,1,4207,419506,419552,415359
8369,4194,17,1,4211,419552,419569,415375
8373,4195,35,2,4202,419569,419604,415409
8375,4195,24,2,4204,419604,419628,415433
8374,4195,96,3,4207,419628,419724,415529
8372,4195,37,3,4209,419724,419761,415566
8370,4195,37,2,4210,419761,419798,415603
8371,4195,86,1,4214,419798,419884,415689
8376,4196,32,1,4207,419884,419916,415720
8377,4196,5,3,4209,419916,419921,415725
8378,4197,31,3,4205,419921,419952,415755
8379,4198,50,2,4202,419952,420002,415804
8381,4198,51,2,4204,420002,420053,415855
8380,4198,99,2,4214,420053,420152,415954
8382,4199,2,1,4204,420152,420154,415955
8383,4200,62,1,4207,420154,420216,416016
8387,4201,29,3,4208,420216,420245,416044
8386,4201,73,2,4208,420245,420318,416117
8384,4201,37,1,4216,420318,420355,416154
8385,4201,48,3,4217,420355,420403,416202
8388,4202,85,3,4215,420403,420488,416286
8389,4203,55,1,4215,420488,420543,416340
8391,4204,100,2,4212,420543,420643,416439
8392,4204,64,2,4216,420643,420707,416503
8390,4204,43,2,4218,420707,420750,416546
8394,4205,6,2,4206,420750,420756,416551
8393,4205,91,2,4207,420756,420847,416642
8396,4205,83,3,4210,420847,420930,416725
8395,4205,16,3,4222,420930,420946,416741
8397,4205,17,3,4224,420946,420963,416758
8398,4206,38,3,4209,420963,421001,416795
8399,4207,82,3,4212,421001,421083,416876
8400,4207,38,3,4223,421083,421121,416914
8403,4208,59,1,4219,421121,421180,416972
8401,4208,56,2,4227,421180,421236,417028
8402,4208,90,1,4227,421236,421326,417118
8404,4209,96,2,4229,421326,421422,417213
8405,4210,63,3,4212,421422,421485,417275
8406,4211,29,3,4229,421485,421514,417303
8410,4212,47,2,4219,421514,421561,417349
8408,4212,24,2,4222,421561,421585,417373
8407,4212,74,3,4222,421585,421659,417447
8409,4212,85,3,4228,421659,421744,417532
8411,4213,81,1,4224,421744,421825,417612
8412,4214,5,1,4218,421825,421830,417616
8413,4214,21,3,4226,421830,421851,417637
8414,4214,46,1,4230,421851,421897,417683
8416,4215,67,2,4218,421897,421964,417749
8417,4215,40,1,4229,421964,422004,417789
8415,4215,94,3,4233,422004,422098,417883
8418,4216,28,2,4226,422098,422126,417910
8420,4217,65,2,4225,422126,422191,417974
8419,4217,45,2,4230,422191,422236,418019
8421,4218,76,2,4237,422236,422312,418094
8423,4219,56,2,4229,422312,422368,418149
8422,4219,35,2,4239,422368,422403,418184
8425,4220,17,1,4223,422403,422420,418200
8424,4220,39,1,4229,422420,422459,418239
8426,4221,27,2,4228,422459,422486,418265
8427,4221,91,3,4240,422486,422577,418356
8428,4222,10,3,4225,422577,422587,418365
8429,4222,55,1,4233,422587,422642,418420
8430,4223,27,3,4231,422642,422669,418446
8431,4223,60,2,4241,422669,422729,418506
8432,4224,73,1,4235,422729,422802,418578
8433,4224,61,3,4240,422802,422863,418639
8434,4225,12,3,4242,422863,422875,418650
8435,4226,62,1,4240,422875,422937,418711
8436,4227,67,2,4237,422937,423004,418777
8438,4227,95,3,4237,423004,423099,418872
8437,4227,14,2,4247,423099,423113,418886
8440,4228,52,1,4229,423113,423165,418937
8439,4228,89,2,4241,423165,423254,419026
8441,4229,42,1,4246,423254,423296,419067
8442,4230,48,1,4246,423296,423344,419114
8444,4231,72,2,4236,423344,423416,419185
8443,4231,66,2,4240,423416,423482,419251
8446,4232,95,1,4241,423482,423577,419345
8445,4232,73,1,4250,423577,423650,419418
8449,4233,33,1,4234,423650,423683,419450
8447,4233,31,1,4252,423683,423714,419481
8448,4233,19,1,4253,423714,423733,419500
8450,4234,24,2,4238,423733,423757,419523
8451,4235,33,3,4237,423757,423790,419555
8452,4235,29,1,4245,423790,423819,419584
8454,4236,75,1,4244,423819,423894,419658
8453,4236,26,1,4256,423894,423920,419684
8455,4237,55,1,4241,423920,423975,419738
8456,4238,42,2,4252,423975,424017,419779
8457,4239,29,1,4242,424017,424046,419807
8459,4239,47,2,4248,424046,424093,419854
8460,4239,88,1,4248,424093,424181,419942
8458,4239,47,3,4253,424181,424228,419989
8461,4240,3,3,4259,424228,424231,419991
8464,4241,69,3,4244,424231,424300,420059
8463,4241,59,2,4253,424300,424359,420118
8462,4241,12,1,4260,424359,424371,420130
8465,4242,85,3,4247,424371,424456,420214
8467,4243,100,3,4248,424456,424556,420313
8468,4243,31,3,4255,424556,424587,420344
8466,4243,45,1,4257,424587,424632,420389
8470,4244,47,1,4248,424632,424679,420435
8469,4244,55,1,4264,424679,424734,420490
8471,4245,71,1,4252,424734,424805,420560
8472,4246,37,2,4257,424805,424842,420596
8473,4247,38,1,4248,424842,424880,420633
8474,4247,94,1,4258,424880,424974,420727
8476,4247,31,3,4263,424974,425005,420758
8475,4247,35,3,4266,425005,425040,420793
8478,4248,93,2,4262,425040,425133,420885
8477,4248,9,3,4265,425133,425142,420894
8479,4249,61,3,4251,425142,425203,420954
8480,4249,93,1,4262,425203,425296,421047
8482,4250,36,3,4251,425296,425332,421082
8481,4250,4,3,4260,425332,425336,421086
8483,4251,18,2,4267,425336,425354,421103
8484,4252,75,3,4258,425354,425429,421177
8487,4252,96,3,4261,425429,425525,421273
8485,4252,68,3,4268,425525,425593,421341
8486,4252,5,3,4272,425593,425598,421346
8488,4253,87,1,4261,425598,425685,421432
8489,4254,19,1,4264,425685,425704,421450
8490,4255,55,1,4259,425704,425759,421504
8492,4256,51,1,4274,425759,425810,421554
8491,4256,50,2,4276,425810,425860,421604
8493,4257,45,3,4262,425860,425905,421648
8494,4258,37,3,4270,425905,425942,421684
8495,4259,87,2,4260,425942,426029,421770
8497,4260,63,1,4279,426029,426092,421832
8496,4260,100,3,4280,426092,426192,421932
8498,4261,30,3,4266,426192,426222,421961
8499,4262,29,2,4271,426222,426251,421989
8502,4263,50,3,4267,426251,426301,422038
8501,4263,64,1,4268,426301,426365,422102
8500,4263,15,2,4281,426365,426380,422117
8504,4264,34,3,4268,426380,426414,422150
8503,4264,13,2,4273,426414,426427,422163
8507,4264,22,3,4273,426427,426449,422185
8506,4264,76,2,4277,426449,426525,422261
8505,4264,66,1,4281,426525,426591,422327
8508,4264,38,1,4284,426591,426629,422365
8509,4265,34,3,4277,426629,426663,422398
8510,4266,66,1,4283,426663,426729,422463
8514,4267,19,2,4272,426729,426748,422481
8511,4267,21,3,4273,426748,426769,422502
8512,4267,63,2,4274,426769,426832,422565
8513,4267,50,1,4280,426832,426882,422615
8515,4267,41,1,4282,426882,426923,422656
8516,4268,54,1,4276,426923,426977,422709
8518,4268,46,1,4282,426977,427023,422755
8517,4268,47,2,4287,427023,427070,422802
8521,4269,1,3,4278,427070,427071,422802
8520,4269,4,1,4278,427071,427075,422806
8519,4269,8,2,4288,427075,427083,422814
8522,4270,92,1,4279,427083,427175,422905
8523,4270,37,2,4282,427175,427212,422942
8524,4271,39,1,4282,427212,427251,422980
8525,4272,24,3,4275,427251,427275,423003
8527,4273,42,2,4288,427275,427317,423044
8526,4273,41,1,4289,427317,427358,423085
8528,4274,81,3,4285,427358,427439,423165
8529,4274,95,1,4292,427439,427534,423260
8530,4275,61,3,4286,427534,427595,423320
8531,4276,6,3,4296,427595,427601,423325
8533,4277,5,1,4285,427601,427606,423329
8532,4277,31,2,4297,427606,427637,423360
8534,4278,88,2,4280,427637,427725,423447
8535,4279,77,1,4284,427725,427802,423523
8536,4279,76,3,4298,427802,427878,423599
8537,4280,4,1,4284,427878,427882,423602
8538,4281,7,2,4284,427882,427889,423608
8540,4282,76,1,4290,427889,427965,423683
8541,4282,63,1,4292,427965,428028,423746
8543,4282,89,1,4294,428028,428117,423835
8542,4282,99,2,4297,428117,428216,423934
8539,4282,40,3,4300,428216,428256,423974
8544,4283,84,1,4292,428256,428340,424057
8546,4284,49,3,4296,428340,428389,424105
8545,4284,81,2,4298,428389,428470,424186
8549,4285,48,1,4295,428470,428518,424233
8547,4285,8,2,4296,428518,428526,424241
8548,4285,14,2,4303,428526,428540,424255
8550,4286,44,2,4306,428540,428584,424298
8551,4287,59,3,4305,428584,428643,424356
8552,4288,93,3,4297,428643,428736,424448
8554,4289,49,2,4299,428736,428785,424496
8553,4289,47,3,4309,428785,428832,424543
8555,4290,63,2,4305,428832,428895,424605
8558,4291,31,3,4294,428895,428926,424635
8557,4291,38,2,4302,428926,428964,424673
8556,4291,68,1,4310,428964,429032,424741
8561,4292,50,3,4308,429032,429082,424790
8560,4292,76,3,4310,429082,429158,424866
8559,4292,69,2,4312,429158,429227,424935
8563,4293,80,2,4304,429227,429307,425014
8562,4293,62,2,4305,429307,429369,425076
8564,4293,47,3,4309,429369,429416,425123
8565,4293,58,1,4311,429416,429474,425181
8566,4294,44,2,4314,429474,429518,425224
8568,4295,11,2,4308,429518,429529,425234
8567,4295,60,1,4315,429529,429589,425294
8570,4296,44,1,4299,429589,429633,425337
8569,4296,48,3,4303,429633,429681,425385
8572,4297,21,2,4305,429681,429702,425405
8571,4297,37,2,4307,429702,429739,425442
8573,4297,64,1,4310,429739,429803,425506
8574,4298,91,3,4300,429803,429894,425596
8576,4299,48,3,4307,429894,429942,425643
8575,4299,67,2,4312,429942,430009,425710
8577,4300,12,2,4301,430009,430021,425721
8578,4301,74,2,4311,430021,430095,425794
8579,4302,24,3,4312,430095,430119,425817
8584,4303,76,3,4308,430119,430195,425892
8581,4303,49,1,4310,430195,430244,425941
8580,4303,71,1,4311,430244,430315,426012
8583,4303,85,3,4319,430315,430400,426097
8582,4303,9,3,4321,430400,430409,426106
8586,4304,84,2,4314,430409,430493,426189
8585,4304,70,1,4321,430493,430563,426259
8587,4305,34,3,4324,430563,430597,426292
8593,4306,93,3,4312,430597,430690,426384
8592,4306,92,3,4314,430690,430782,426476
8591,4306,43,1,4316,430782,430825,426519
8594,4306,56,2,4317,430825,430881,426575
8588,4306,89,1,4317,430881,430970,426664
8595,4306,88,1,4320,430970,431058,426752
8589,4306,60,2,4326,431058,431118,426812
8590,4306,94,1,4326,431118,431212,426906
8596,4307,12,2,4313,431212,431224,426917
8597,4307,71,2,4327,431224,431295,426988
8599,4308,61,1,4314,431295,431356,427048
8598,4308,85,2,4328,431356,431441,427133
8600,4309,46,2,4319,431441,431487,427178
8601,4309,48,3,4329,431487,431535,427226
8602,4310,87,2,4314,431535,431622,427312
8604,4310,7,1,4327,431622,431629,427319
8603,4310,69,3,4327,431629,431698,427388
8605,4311,20,1,4313,431698,431718,427407
8606,4311,38,2,4323,431718,431756,427445
8607,4312,11,3,4313,431756,431767,427455
8608,4313,64,3,4315,431767,431831,427518
8609,4313,94,2,4318,431831,431925,427612
8612,4313,89,2,4319,431925,432014,427701
8610,4313,44,3,4320,432014,432058,427745
8611,4313,91,2,4326,432058,432149,427836
8615,4314,14,2,4316,432149,432163,427849
8613,4314,62,2,4316,432163,432225,427911
8614,4314,15,2,4325,432225,432240,427926
8616,4315,82,1,4321,432240,432322,428007
8617,4316,16,2,4330,432322,432338,428022
8619,4317,57,1,4324,432338,432395,428078
8618,4317,35,2,4330,432395,432430,428113
8620,4318,51,1,4323,432430,432481,428163
8621,4318,99,2,4323,432481,432580,428262
8623,4319,95,2,4325,432580,432675,428356
8624,4319,73,3,4326,432675,432748,428429
8622,4319,72,1,4333,432748,432820,428501
8625,4320,96,3,4340,432820,432916,428596
8626,4320,99,2,4340,432916,433015,428695
8627,4321,73,1,4335,433015,433088,428767
8628,4322,73,2,4328,433088,433161,428839
8629,4323,53,1,4327,433161,433214,428891
8630,4324,36,1,4337,433214,433250,428926
8631,4325,35,1,4330,433250,433285,428960
8632,4326,46,3,4330,433285,433331,429005
8633,4327,82,2,4339,433331,433413,429086
8634,4328,37,3,4335,433413,433450,429122
8635,4328,76,1,4346,433450,433526,429198
8636,4329,52,1,4332,433526,433578,429249
8638,4329,36,2,4336,433578,433614,429285
8637,4329,89,2,4345,433614,433703,429374
8639,4330,84,3,4345,433703,433787,429457
8640,4331,77,3,4349,433787,433864,429533
8641,4332,43,3,4349,433864,433907,429575
8642,4333,85,2,4344,433907,433992,429659
8643,4333,37,1,4350,433992,434029,429696
8644,4334,9,2,4341,434029,434038,429704
8646,4335,32,2,4337,434038,434070,429735
8645,4335,29,1,4351,434070,434099,429764
8647,4336,16,2,4340,434099,434115,429779
8648,4337,87,3,4346,434115,434202,429865
8649,4338,86,3,4348,434202,434288,429950
8650,4339,48,3,4347,434288,434336,429997
8651,4339,89,2,4355,434336,434425,430086
8652,4340,55,1,4342,434425,434480,430140
8653,4341,48,1,4347,434480,434528,430187
8654,4342,5,3,4358,434528,434533,430191
8655,4343,24,1,4356,434533,434557,430214
8656,4344,1,3,4347,434557,434558,430214
8657,4345,12,1,4346,434558,434570,430225
8658,4345,77,3,4347,434570,434647,430302
8659,4345,85,3,4350,434647,434732,430387
8660,4345,81,2,4360,434732,434813,430468
8663,4346,92,1,4348,434813,434905,430559
8662,4346,35,2,4354,434905,434940,430594
8661,4346,24,3,4362,434940,434964,430618
8665,4347,10,3,4354,434964,434974,430627
8664,4347,28,2,4364,434974,435002,430655
8668,4348,38,1,4353,435002,435040,430692
8667,4348,14,3,4357,435040,435054,430706
8666,4348,66,2,4366,435054,435120,430772
8669,4349,35,1,4352,435120,435155,430806
8670,4350,87,1,4370,435155,435242,430892
8671,4351,86,1,4368,435242,435328,430977
8672,4351,85,2,4371,435328,435413,431062
8673,4352,65,2,4361,435413,435478,431126
8674,4352,12,2,4366,435478,435490,431138
8676,4353,3,3,4356,435490,435493,431140
8675,4353,15,3,4358,435493,435508,431155
8678,4354,78,2,4370,435508,435586,431232
8677,4354,65,1,4371,435586,435651,431297
8679,4354,88,1,4374,435651,435739,431385
8680,4355,56,1,4357,435739,435795,431440
8682,4355,13,3,4362,435795,435808,431453
8681,4355,86,3,4364,435808,435894,431539
8683,4356,42,2,4358,435894,435936,431580
8684,4356,13,3,4364,435936,435949,431593
8687,4357,92,1,4366,435949,436041,431684
8686,4357,99,2,4369,436041,436140,431783
8685,4357,21,2,4377,436140,436161,431804
8688,4358,19,1,4370,436161,436180,431822
8694,4359,100,2,4361,436180,436280,431921
8690,4359,21,3,4362,436280,436301,431942
8691,4359,37,3,4366,436301,436338,431979
8692,4359,81,2,4367,436338,436419,432060
8693,4359,89,1,4369,436419,436508,432149
8689,4359,9,2,4379,436508,436517,432158
8695,4360,55,2,4362,436517,436572,432212
8696,4360,73,2,4369,436572,436645,432285
8697,4361,80,1,4364,436645,436725,432364
8698,4362,54,3,4377,436725,436779,432417
8699,4363,38,3,4372,436779,436817,432454
8701,4364,8,1,4379,436817,436825,432461
8700,4364,95,1,4379,436825,436920,432556
8703,4365,62,3,4366,436920,436982,432617
8702,4365,80,2,4370,436982,437062,432697
8705,4365,51,1,4376,437062,437113,432748
8704,4365,70,1,4382,437113,437183,432818
8706,4366,33,3,4380,437183,437216,432850
8707,4366,89,3,4382,437216,437305,432939
8709,4367,4,1,4382,437305,437309,432942
8708,4367,65,1,4383,437309,437374,433007
8710,4368,5,2,4375,437374,437379,433011
8711,4369,76,3,4383,437379,437455,433086
8712,4370,35,1,4375,437455,437490,433120
8715,4371,83,1,4372,437490,437573,433202
8714,4371,28,3,4373,437573,437601,433230
8713,4371,67,1,4375,437601,437668,433297
8717,4372,29,1,4385,437668,437697,433325
8716,4372,56,3,4388,437697,437753,433381
8718,4373,79,3,4375,437753,437832,433459
8721,4373,24,3,4376,437832,437856,433483
8722,4373,50,2,4376,437856,437906,433533
8719,4373,31,2,4377,437906,437937,433564
8720,4373,76,1,4377,437937,438013,433640
8726,4374,89,3,4378,438013,438102,433728
8723,4374,26,3,4390,438102,438128,433754
8724,4374,88,3,4392,438128,438216,433842
8725,4374,74,2,4393,438216,438290,433916
8727,4375,22,1,4378,438290,438312,433937
8728,4376,63,1,4393,438312,438375,433999
8729,4376,64,3,4393,438375,438439,434063
8730,4377,42,3,4392,438439,438481,434104
8732,4378,26,1,4380,438481,438507,434129
8731,4378,30,2,4393,438507,438537,434159
8734,4379,27,1,4383,438537,438564,434185
8736,4379,67,2,4387,438564,438631,434252
8733,4379,82,2,4388,438631,438713,434334
8735,4379,86,3,4391,438713,438799,434420
8737,4380,27,1,4382,438799,438826,434446
8738,4380,67,2,4397,438826,438893,434513
8741,4381,20,3,4384,438893,438913,434532
8740,4381,58,1,4384,438913,438971,434590
8739,4381,60,1,4401,438971,439031,434650
8742,4382,48,3,4393,439031,439079,434697
8743,4383,48,1,4400,439079,439127,434744
8744,4384,22,2,4393,439127,439149,434765
8745,4385,71,2,4396,439149,439220,434835
8747,4386,95,1,4401,439220,439315,434929
8746,4386,16,2,4405,439315,439331,434945
8748,4387,69,2,4389,439331,439400,435013
8749,4387,20,2,4390,439400,439420,435033
8751,4388,25,2,4395,439420,439445,435057
8750,4388,67,2,4403,439445,439512,435124
8754,4389,28,1,4392,439512,439540,435151
8753,4389,74,2,4398,439540,439614,435225
8755,4389,62,2,4401,439614,439676,435287
8752,4389,34,3,4408,439676,439710,435321
8756,4390,31,1,4400,439710,439741,435351
8757,4391,84,3,4404,439741,439825,435434
8758,4392,82,1,4402,439825,439907,435515
8759,4393,71,1,4397,439907,439978,435585
8760,4394,81,2,4403,439978,440059,435665
8762,4395,69,2,4397,440059,440128,435733
8761,4395,43,3,4405,440128,440171,435776
8763,4395,54,3,4412,440171,440225,435830
8764,4396,48,2,4412,440225,440273,435877
8765,4397,60,1,4403,440273,440333,435936
8766,4398,82,1,4410,440333,440415,436017
8768,4399,98,3,4404,440415,440513,436114
8767,4399,59,3,4405,440513,440572,436173
8769,4400,22,3,4413,440572,440594,436194
8771,4401,75,2,4406,440594,440669,436268
8770,4401,60,2,4407,440669,440729,436328
8772,4401,25,3,4417,440729,440754,436353
8776,4402,88,1,4404,440754,440842,436440
8775,4402,17,3,4406,440842,440859,436457
8777,4402,75,3,4406,440859,440934,436532
8774,4402,61,1,4416,440934,440995,436593
8779,4402,62,1,4418,440995,441057,436655
8773,4402,11,3,4421,441057,441068,436666
8778,4402,34,2,4422,441068,441102,436700
8782,4403,42,1,4404,441102,441144,436741
8781,4403,55,1,4411,441144,441199,436796
8780,4403,33,1,4422,441199,441232,436829
8784,4404,50,2,4417,441232,441282,436878
8785,4404,63,3,4420,441282,441345,436941
8783,4404,60,1,4423,441345,441405,437001
8786,4405,92,2,4419,441405,441497,437092
8787,4406,38,3,4417,441497,441535,437129
8788,4407,16,1,4412,441535,441551,437144
8790,4407,78,2,4417,441551,441629,437222
8789,4407,45,3,4422,441629,441674,437267
8792,4408,96,3,4416,441674,441770,437362
8793,4408,30,1,4424,441770,441800,437392
8791,4408,29,2,4425,441800,441829,437421
8796,4409,56,2,4410,441829,441885,437476
8795,4409,86,2,4414,441885,441971,437562
8794,4409,62,1,4417,441971,442033,437624
8797,4410,86,3,4424,442033,442119,437709
8798,4411,12,1,4427,442119,442131,437720
8799,4412,88,2,4416,442131,442219,437807
8800,4413,63,3,4422,442219,442282,437869
8805,4414,8,2,4420,442282,442290,437876
8803,4414,82,2,4424,442290,442372,437958
8804,4414,16,3,4432,442372,442388,437974
8802,4414,14,2,4433,442388,442402,437988
8801,4414,78,1,4433,442402,442480,438066
8806,4415,91,2,4418,442480,442571,438156
8807,4416,94,3,4436,442571,442665,438249
8808,4417,63,1,4429,442665,442728,438311
8809,4418,99,3,4431,442728,442827,438409
8810,4419,68,3,4420,442827,442895,438476
8811,4420,84,3,4435,442895,442979,438559
8812,4420,93,2,4435,442979,443072,438652
8814,4421,75,3,4423,443072,443147,438726
8813,4421,96,3,4425,443147,443243,438822
8815,4422,74,3,4429,443243,443317,438895
8817,4423,3,3,4440,443317,443320,438897
8818,4423,10,2,4443,443320,443330,438907
8816,4423,71,1,4443,443330,443401,438978
8820,4424,93,1,4433,443401,443494,439070
8819,4424,24,3,4440,443494,443518,439094
8821,4425,93,1,4443,443518,443611,439186
8822,4426,41,2,4432,443611,443652,439226
8823,4427,59,2,4428,443652,443711,439284
8828,4428,9,2,4430,443711,443720,439292
8825,4428,73,2,4430,443720,443793,439365
8829,4428,56,2,4436,443793,443849,439421
8824,4428,94,1,4437,443849,443943,439515
8827,4428,96,3,4442,443943,444039,439611
8826,4428,64,1,4446,444039,444103,439675
8832,4429,66,2,4432,444103,444169,439740
8830,4429,17,2,4439,444169,444186,439757
8831,4429,8,1,4446,444186,444194,439765
8833,4430,51,3,4434,444194,444245,439815
8834,4431,41,3,4432,444245,444286,439855
8835,4432,82,3,4438,444286,444368,439936
8837,4433,66,2,4435,444368,444434,440001
8836,4433,37,1,4439,444434,444471,440038
8839,4433,32,1,4443,444471,444503,440070
8838,4433,40,2,4451,444503,444543,440110
8841,4434,49,2,4436,444543,444592,440158
8840,4434,47,1,4451,444592,444639,440205
8842,4434,50,3,4451,444639,444689,440255
8843,4435,65,2,4439,444689,444754,440319
8845,4435,27,3,4440,444754,444781,440346
8844,4435,29,1,4452,444781,444810,440375
8846,4436,18,3,4445,444810,444828,440392
8847,4436,85,2,4452,444828,444913,440477
8848,4437,30,3,4443,444913,444943,440506
8850,4438,73,3,4442,444943,445016,440578
8849,4438,52,3,4456,445016,445068,440630
8851,4439,44,3,4450,445068,445112,440673
8852,4440,5,1,4442,445112,445117,440677
8853,4441,6,3,4450,445117,445123,440682
8854,4442,31,3,4444,445123,445154,440712
8855,4443,6,2,4450,445154,445160,440717
8856,4444,44,1,4463,445160,445204,440760
8857,4444,49,3,4464,445204,445253,440809
8858,4445,52,2,4449,445253,445305,440860
8859,4445,81,1,4460,445305,445386,440941
8860,4446,53,3,4459,445386,445439,440993
8861,4447,74,1,4462,445439,445513,441066
8862,4448,54,3,4453,445513,445567,441119
8863,4449,59,1,4452,445567,445626,441177
8864,4450,68,3,4468,445626,445694,441244
8866,4451,61,3,4461,445694,445755,441304
8865,4451,52,1,4470,445755,445807,441356
8867,4452,17,2,4456,445807,445824,441372
8868,4453,49,2,4463,445824,445873,441420
8870,4454,74,1,4458,445873,445947,441493
8869,4454,34,3,4463,445947,445981,441527
8872,4455,53,3,4456,445981,446034,441579
8871,4455,76,1,4469,446034,446110,441655
8873,4455,48,3,4471,446110,446158,441703
8875,4456,30,3,4460,446158,446188,441732
8874,4456,2,1,4473,446188,446190,441734
8876,4457,32,1,4466,446190,446222,441765
8877,4458,27,3,4470,446222,446249,441791
8878,4459,84,3,4460,446249,446333,441874
8879,4460,3,3,4475,446333,446336,441876
8880,4461,1,3,4462,446336,446337,441876
8882,4461,38,2,4466,446337,446375,441914
8881,4461,91,3,4466,446375,446466,442005
8883,4461,17,2,4477,446466,446483,442022
8884,4462,99,3,4468,446483,446582,442120
8885,4463,78,2,4480,446582,446660,442197
8886,4464,26,1,4481,446660,446686,442222
8890,4465,44,1,4467,446686,446730,442265
8892,4465,1,2,4473,446730,446731,442266
8891,4465,64,1,4474,446731,446795,442330
8887,4465,15,1,4475,446795,446810,442345
8889,4465,40,3,4479,446810,446850,442385
8888,4465,13,3,4482,446850,446863,442398
8893,4466,57,2,4472,446863,446920,442454
8895,4466,61,3,4484,446920,446981,442515
8894,4466,85,2,4485,446981,447066,442600
8896,4467,13,1,4472,447066,447079,442612
8897,4468,34,3,4475,447079,447113,442645
8898,4468,50,3,4483,447113,447163,442695
8901,4469,16,3,4470,447163,447179,442710
8900,4469,32,2,4483,447179,447211,442742
8899,4469,6,3,4485,447211,447217,442748
8902,4470,48,3,4478,447217,447265,442795
8904,4471,19,2,4473,447265,447284,442813
8903,4471,55,2,4473,447284,447339,442868
8906,4472,65,3,4484,447339,447404,442932
8905,4472,30,3,4486,447404,447434,442962
8909,4473,84,1,4475,447434,447518,443045
8907,4473,47,1,4485,447518,447565,443092
8908,4473,60,1,4488,447565,447625,443152
8910,4474,15,2,4491,447625,447640,443166
8911,4475,24,3,4484,447640,447664,443189
8916,4476,17,2,4481,447664,447681,443205
8912,4476,73,3,4481,447681,447754,443278
8915,4476,78,3,4482,447754,447832,443356
8917,4476,99,3,4484,447832,447931,443455
8914,4476,87,2,4495,447931,448018,443542
8913,4476,26,2,4496,448018,448044,443568
8918,4477,70,2,4490,448044,448114,443637
8919,4478,11,1,4479,448114,448125,443647
8920,4479,74,1,4494,448125,448199,443720
8921,4480,48,1,4491,448199,448247,443767
8922,4480,83,3,4492,448247,448330,443850
8923,4481,32,3,4492,448330,448362,443881
8924,4482,31,1,4500,448362,448393,443911
8925,4483,83,1,4494,448393,448476,443993
8926,4484,63,3,4503,448476,448539,444055
8927,4485,60,2,4491,448539,448599,444114
8928,4486,51,2,4492,448599,448650,444164
8932,4487,1,1,4488,448650,448651,444164
8929,4487,48,1,4492,448651,448699,444212
8931,4487,18,3,4502,448699,448717,444230
8930,4487,19,3,4502,448717,448736,444249
8933,4488,52,2,4507,448736,448788,444300
8935,4489,34,1,4494,448788,448822,444333
8934,4489,69,1,4494,448822,448891,444402
8936,4490,88,3,4506,448891,448979,444489
8937,4490,45,3,4509,448979,449024,444534
8938,4491,30,3,4493,449024,449054,444563
8940,4491,65,2,4498,449054,449119,444628
8941,4491,92,1,4499,449119,449211,444720
8942,4491,13,2,4504,449211,449224,444733
8939,4491,64,1,4506,449224,449288,444797
8943,4492,98,1,4495,449288,449386,444894
8944,4492,15,1,4505,449386,449401,444909
8945,4492,62,2,4508,449401,449463,444971
8946,4493,2,1,4508,449463,449465,444972
8947,4493,51,3,4510,449465,449516,445023
8948,4494,98,2,4501,449516,449614,445120
8949,4495,41,1,4503,449614,449655,445160
8950,4495,14,1,4508,449655,449669,445174
8951,4496,55,3,4508,449669,449724,445228
8952,4496,5,3,4513,449724,449729,445233
8953,4496,79,1,4515,449729,449808,445312
8955,4497,75,2,4501,449808,449883,445386
8954,4497,61,1,4505,449883,449944,445447
8956,4498,75,2,4503,449944,450019,445521
8957,4498,24,2,4515,450019,450043,445545
8959,4499,56,1,4511,450043,450099,445600
8958,4499,66,3,4516,450099,450165,445666
8960,4500,16,1,4507,450165,450181,445681
8961,4500,64,1,4517,450181,450245,445745
8962,4501,99,1,4519,450245,450344,445843
8966,4502,25,1,4506,450344,450369,445867
8963,4502,4,1,4508,450369,450373,445871
8964,4502,18,3,4519,450373,450391,445889
8965,4502,46,2,4519,450391,450437,445935
8967,4503,75,2,4509,450437,450512,446009
8968,4503,63,2,4515,450512,450575,446072
8969,4503,80,1,4522,450575,450655,446152
8970,4504,10,3,4516,450655,450665,446161
8971,4505,74,2,4519,450665,450739,446234
8972,4505,91,2,4523,450739,450830,446325
8973,4506,32,1,4511,450830,450862,446356
8974,4506,55,1,4512,450862,450917,446411
8975,4507,34,1,4514,450917,450951,446444
8976,4507,75,3,4516,450951,451026,446519
8977,4508,73,2,4509,451026,451099,446591
8979,4508,43,1,4510,451099,451142,446634
8980,4508,7,3,4519,451142,451149,446641
8978,4508,55,2,4521,451149,451204,446696
8982,4509,26,3,4513,451204,451230,446721
8981,4509,3,1,4514,451230,451233,446724
8983,4509,59,1,4519,451233,451292,446783
8985,4510,25,2,4518,451292,451317,446807
8984,4510,10,2,4527,451317,451327,446817
8986,4511,61,3,4530,451327,451388,446877
8987,4512,1,1,4520,451388,451389,446877
8989,4513,93,3,4520,451389,451482,446969
8988,4513,19,3,4523,451482,451501,446988
8990,4514,58,2,4516,451501,451559,447045
8991,4514,10,2,4534,451559,451569,447055
8993,4515,8,2,4523,451569,451577,447062
8992,4515,80,2,4529,451577,451657,447142
8994,4516,68,2,4532,451657,451725,447209
8995,4516,14,2,4534,451725,451739,447223
8996,4517,38,3,4537,451739,451777,447260
8999,4518,16,2,4524,451777,451793,447275
8998,4518,71,3,4532,451793,451864,447346
8997,4518,55,2,4535,451864,451919,447401
9000,4519,38,2,4538,451919,451957,447438
9001,4520,82,2,4522,451957,452039,447519
9002,4521,88,3,4539,452039,452127,447606
9003,4522,80,1,4534,452127,452207,447685
9004,4523,60,3,4535,452207,452267,447744
9005,4523,42,1,4536,452267,452309,447786
9006,4524,95,2,4541,452309,452404,447880
9007,4525,95,3,4544,452404,452499,447974
9008,4526,21,1,4540,452499,452520,447994
9009,4526,39,2,4541,452520,452559,448033
9010,4527,59,2,4536,452559,452618,448091
9011,4528,57,2,4534,452618,452675,448147
9013,4529,87,3,4530,452675,452762,448233
9014,4529,71,1,4531,452762,452833,448304
9015,4529,20,1,4535,452833,452853,448324
9016,4529,29,3,4536,452853,452882,448353
9012,4529,93,1,4544,452882,452975,448446
9020,4530,20,1,4532,452975,452995,448465
9019,4530,68,1,4534,452995,453063,448533
9018,4530,5,3,4537,453063,453068,448538
9017,4530,73,1,4542,453068,453141,448611
9024,4531,98,3,4533,453141,453239,448708
9023,4531,78,3,4541,453239,453317,448786
9022,4531,44,2,4543,453317,453361,448830
9021,4531,96,1,4548,453361,453457,448926
9026,4532,26,2,4533,453457,453483,448951
9025,4532,81,2,4550,453483,453564,449032
9027,4533,54,3,4544,453564,453618,449085
9028,4534,36,3,4536,453618,453654,449120
9029,4535,11,3,4551,453654,453665,449130
9030,4535,24,2,4555,453665,453689,449154
9031,4536,61,1,4552,453689,453750,449214
9032,4536,86,2,4555,453750,453836,449300
9033,4537,13,2,4542,453836,453849,449312
9034,4537,100,3,4555,453849,453949,449412
9035,4538,78,3,4539,453949,454027,449489
9036,4538,22,2,4551,454027,454049,449511
9037,4539,20,3,4558,454049,454069,449530
9044,4540,10,2,4542,454069,454079,449539
9039,4540,14,2,4543,454079,454093,449553
9043,4540,67,3,4553,454093,454160,449620
9041,4540,92,3,4555,454160,454252,449712
9042,4540,70,2,4556,454252,454322,449782
9038,4540,86,3,4556,454322,454408,449868
9040,4540,23,3,4559,454408,454431,449891
9045,4541,20,1,4550,454431,454451,449910
9046,4541,30,3,4560,454451,454481,449940
9047,4542,49,3,4552,454481,454530,449988
9048,4543,3,3,4562,454530,454533,449990
9050,4544,47,3,4547,454533,454580,450036
9049,4544,97,3,4564,454580,454677,450133
9051,4545,85,2,4547,454677,454762,450217
9052,4545,58,2,4561,454762,454820,450275
9053,4546,70,2,4553,454820,454890,450344
9054,4546,84,1,4562,454890,454974,450428
9058,4547,14,3,4548,454974,454988,450441
9055,4547,9,1,4551,454988,454997,450450
9057,4547,58,1,4557,454997,455055,450508
9056,4547,85,2,4560,455055,455140,450593
9059,4548,39,3,4562,455140,455179,450631
9061,4549,95,3,4552,455179,455274,450725
9060,4549,16,2,4558,455274,455290,450741
9064,4550,68,2,4557,455290,455358,450808
9063,4550,10,1,4558,455358,455368,450818
9062,4550,67,1,4567,455368,455435,450885
9065,4551,97,1,4557,455435,455532,450981
9067,4552,42,2,4558,455532,455574,451022
9066,4552,63,2,4559,455574,455637,451085
9068,4552,49,1,4561,455637,455686,451134
9069,4553,7,2,4558,455686,455693,451140
9070,4553,45,3,4572,455693,455738,451185
9072,4554,37,2,4557,455738,455775,451221
9071,4554,67,2,4568,455775,455842,451288
9073,4555,6,3,4566,455842,455848,451293
9074,4556,47,3,4561,455848,455895,451339
9075,4557,43,3,4568,455895,455938,451381
9076,4558,90,1,4569,455938,456028,451470
9077,4558,8,3,4571,456028,456036,451478
9078,4558,89,1,4572,456036,456125,451567
9079,4559,34,3,4566,456125,456159,451600
9081,4559,100,2,4568,456159,456259,451700
9080,4559,70,2,4576,456259,456329,451770
9082,4560,21,3,4564,456329,456350,451790
9084,4561,53,2,4564,456350,456403,451842
9086,4561,73,2,4568,456403,456476,451915
9085,4561,87,2,4574,456476,456563,452002
9083,4561,54,1,4575,456563,456617,452056
9087,4562,86,1,4570,456617,456703,452141
9088,4563,35,3,4578,456703,456738,452175
9089,4563,39,2,4578,456738,456777,452214
9090,4564,72,2,4571,456777,456849,452285
9091,4565,93,3,4575,456849,456942,452377
9092,4566,77,2,4577,456942,457019,452453
9094,4567,6,2,4568,457019,457025,452458
9095,4567,38,1,4573,457025,457063,452496
9093,4567,49,1,4575,457063,457112,452545
9096,4567,92,3,4578,457112,457204,452637
9098,4568,50,3,4579,457204,457254,452686
9097,4568,53,2,4586,457254,457307,452739
9099,4569,71,3,4570,457307,457378,452809
9100,4570,25,2,4572,457378,457403,452833
9101,4571,45,2,4574,457403,457448,452877
9106,4571,81,1,4575,457448,457529,452958
9102,4571,75,1,4576,457529,457604,453033
9104,4571,4,3,4578,457604,457608,453037
9103,4571,37,2,4582,457608,457645,453074
9105,4571,65,1,4590,457645,457710,453139
9108,4572,56,2,4580,457710,457766,453194
9107,4572,14,3,4582,457766,457780,453208
9109,4573,29,2,4577,457780,457809,453236
9110,4574,60,1,4575,457809,457869,453295
9111,4575,89,2,4594,457869,457958,453383
9114,4576,27,2,4578,457958,457985,453409
9113,4576,82,1,4591,457985,458067,453491
9112,4576,46,1,4596,458067,458113,453537
9115,4577,69,2,4592,458113,458182,453605
9117,4578,86,1,4581,458182,458268,453690
9118,4578,94,1,4582,458268,458362,453784
9116,4578,61,1,4595,458362,458423,453845
9119,4579,35,3,4588,458423,458458,453879
9121,4580,63,2,4594,458458,458521,453941
9120,4580,70,3,4597,458521,458591,454011
9122,4581,62,3,4587,458591,458653,454072
9123,4582,99,2,4585,458653,458752,454170
9125,4583,55,3,4587,458752,458807,454224
9126,4583,41,2,4590,458807,458848,454265
9127,4583,39,2,4594,458848,458887,454304
9124,4583,51,2,4603,458887,458938,454355
9128,4584,57,1,4600,458938,458995,454411
9129,4585,45,1,4602,458995,459040,454455
9132,4586,22,3,4592,459040,459062,454476
9130,4586,76,2,4600,459062,459138,454552
9131,4586,94,2,4601,459138,459232,454646
9133,4587,15,2,4602,459232,459247,454660
9134,4588,58,1,4593,459247,459305,454717
9135,4588,14,3,4597,459305,459319,454731
9136,4588,29,3,4598,459319,459348,454760
9140,4589,1,1,4593,459348,459349,454760
9137,4589,49,2,4595,459349,459398,454809
9139,4589,28,2,4597,459398,459426,454837
9138,4589,16,3,4601,459426,459442,454853
9141,4590,54,1,4599,459442,459496,454906
9142,4591,34,1,4593,459496,459530,454939
9143,4592,99,2,4594,459530,459629,455037
9145,4593,42,1,4604,459629,459671,455078
9144,4593,82,3,4609,459671,459753,455160
9148,4594,99,3,4596,459753,459852,455258
9146,4594,80,3,4600,459852,459932,455338
9150,4594,16,2,4605,459932,459948,455354
9147,4594,97,3,4610,459948,460045,455451
9149,4594,31,1,4613,460045,460076,455482
9151,4595,18,2,4610,460076,460094,455499
9152,4596,94,3,4597,460094,460188,455592
9153,4596,61,2,4600,460188,460249,455653
9154,4596,53,2,4605,460249,460302,455706
9155,4597,86,3,4601,460302,460388,455791
9158,4597,2,2,4602,460388,460390,455793
9159,4597,93,3,4602,460390,460483,455886
9156,4597,9,1,4609,460483,460492,455895
9157,4597,67,2,4616,460492,460559,455962
9161,4598,14,1,4600,460559,460573,455975
9162,4598,67,3,4600,460573,460640,456042
9163,4598,9,3,4606,460640,460649,456051
9160,4598,27,1,4618,460649,460676,456078
9164,4599,13,1,4602,460676,460689,456090
9166,4600,65,1,4610,460689,460754,456154
9165,4600,50,1,4613,460754,460804,456204
9167,4601,86,1,4609,460804,460890,456289
9168,4602,79,3,4607,460890,460969,456367
9169,4603,80,1,4609,460969,461049,456446
9170,4604,100,2,4605,461049,461149,456545
9171,4604,39,3,4622,461149,461188,456584
9172,4605,53,3,4610,461188,461241,456636
9173,4606,87,3,4623,461241,461328,456722
9174,4607,93,2,4609,461328,461421,456814
9175,4608,80,2,4617,461421,461501,456893
9177,4609,48,1,4613,461501,461549,456940
9176,4609,24,3,4626,461549,461573,456964
9178,4610,90,3,4628,461573,461663,457053
9179,4611,61,2,4625,461663,461724,457113
9180,4612,8,3,4630,461724,461732,457120
9181,4613,15,2,4632,461732,461747,457134
9182,4614,25,3,4620,461747,461772,457158
9185,4615,20,3,4624,461772,461792,457177
9183,4615,17,2,4625,461792,461809,457194
9184,4615,87,1,4632,461809,461896,457281
9186,4616,20,1,4629,461896,461916,457300
9187,4617,26,2,4626,461916,461942,457325
9189,4618,76,1,4628,461942,462018,457400
9188,4618,68,3,4636,462018,462086,457468
9190,4619,59,1,4632,462086,462145,457526
9191,4620,96,2,4624,462145,462241,457621
9192,4621,78,1,4622,462241,462319,457698
9194,4622,25,2,4629,462319,462344,457722
9193,4622,41,2,4640,462344,462385,457763
9196,4623,73,2,4632,462385,462458,457835
9195,4623,61,3,4643,462458,462519,457896
9197,4624,99,2,4626,462519,462618,457994
9198,4625,69,1,4628,462618,462687,458062
9200,4625,69,2,4631,462687,462756,458131
9199,4625,52,2,4632,462756,462808,458183
9202,4626,72,3,4630,462808,462880,458254
9201,4626,83,3,4630,462880,462963,458337
9203,4627,33,2,4628,462963,462996,458369
9204,4628,61,1,4643,462996,463057,458429
9206,4629,21,3,4633,463057,463078,458449
9205,4629,99,2,4634,463078,463177,458548
9207,4630,10,2,4646,463177,463187,458557
9208,4631,82,1,4643,463187,463269,458638
9209,4631,91,1,4644,463269,463360,458729
9210,4632,32,1,4651,463360,463392,458760
9211,4633,23,1,4649,463392,463415,458782
9214,4634,46,1,4645,463415,463461,458827
9212,4634,77,1,4648,463461,463538,458904
9213,4634,87,1,4649,463538,463625,458991
9216,4635,12,2,4640,463625,463637,459002
9215,4635,3,3,4654,463637,463640,459005
9217,4636,51,3,4643,463640,463691,459055
9219,4637,71,1,4643,463691,463762,459125
9218,4637,73,3,4643,463762,463835,459198
9220,4638,62,1,4648,463835,463897,459259
9221,4639,38,3,4645,463897,463935,459296
9223,4640,22,2,4643,463935,463957,459317
9222,4640,84,3,4644,463957,464041,459401
9224,4641,49,2,4653,464041,464090,459449
9226,4642,79,3,4651,464090,464169,459527
9225,4642,11,1,4658,464169,464180,459538
9227,4643,80,2,4655,464180,464260,459617
9228,4644,54,1,4657,464260,464314,459670
9229,4645,30,1,4655,464314,464344,459699
9230,4646,27,2,4651,464344,464371,459725
9231,4646,48,2,4652,464371,464419,459773
9232,4646,54,1,4656,464419,464473,459827
9233,4647,56,1,4648,464473,464529,459882
9237,4647,31,1,4652,464529,464560,459913
9235,4647,65,1,4653,464560,464625,459978
9234,4647,16,3,4655,464625,464641,459994
9236,4647,5,2,4663,464641,464646,459999
9238,4648,27,3,4658,464646,464673,460025
9239,4649,50,1,4650,464673,464723,460074
9240,4650,51,3,4653,464723,464774,460124
9241,4651,43,3,4660,464774,464817,460166
9242,4652,26,3,4653,464817,464843,460191
9244,4653,28,3,4659,464843,464871,460218
9243,4653,100,2,4659,464871,464971,460318
9245,4653,80,2,4660,464971,465051,460398
9247,4653,79,1,4663,465051,465130,460477
9246,4653,49,2,4666,465130,465179,460526
9248,4654,18,1,4656,465179,465197,460543
9250,4655,78,1,4661,465197,465275,460620
9249,4655,22,1,4665,465275,465297,460642
9252,4655,33,1,4667,465297,465330,460675
9251,4655,44,1,4669,465330,465374,460719
9253,4656,88,2,4658,465374,465462,460806
9256,4656,31,2,4659,465462,465493,460837
9257,4656,8,3,4665,465493,465501,460845
9255,4656,94,2,4668,465501,465595,460939
9254,4656,13,2,4670,465595,465608,460952
9258,4657,21,3,4667,465608,465629,460972
9259,4658,91,1,4660,465629,465720,461062
9260,4658,96,3,4661,465720,465816,461158
9263,4658,42,3,4667,465816,465858,461200
9261,4658,88,3,4670,465858,465946,461288
9264,4658,16,2,4671,465946,465962,461304
9262,4658,8,2,4677,465962,465970,461312
9266,4659,89,1,4663,465970,466059,461400
9265,4659,26,3,4678,466059,466085,461426
9267,4660,81,2,4661,466085,466166,461506
9271,4661,40,1,4664,466166,466206,461545
9268,4661,64,1,4669,466206,466270,461609
9270,4661,71,3,4673,466270,466341,461680
9269,4661,97,1,4681,466341,466438,461777
9272,4662,3,2,4676,466438,466441,461779
9273,4662,79,1,4682,466441,466520,461858
9274,4663,86,2,4668,466520,466606,461943
9276,4663,64,3,4670,466606,466670,462007
9275,4663,47,3,4680,466670,466717,462054
9279,4664,48,1,4667,466717,466765,462101
9277,4664,59,1,4670,466765,466824,462160
9278,4664,13,2,4671,466824,466837,462173
9281,4665,13,3,4679,466837,466850,462185
9280,4665,57,1,4685,466850,466907,462242
9284,4666,60,2,4668,466907,466967,462301
9283,4666,9,2,4672,466967,466976,462310
9282,4666,26,1,4677,466976,467002,462336
9285,4666,56,2,4681,467002,467058,462392
9286,4667,13,1,4672,467058,467071,462404
9287,4668,35,3,4673,467071,467106,462438
9289,4669,67,2,4678,467106,467173,462504
9290,4669,83,1,4683,467173,467256,462587
9288,4669,98,1,4684,467256,467354,462685
9291,4670,48,2,4672,467354,467402,462732
9292,4670,51,1,4675,467402,467453,462783
9293,4670,2,2,4678,467453,467455,462785
9294,4671,41,3,4672,467455,467496,462825
9295,4671,74,3,4672,467496,467570,462899
9296,4672,49,2,4673,467570,467619,462947
9297,4673,44,2,4686,467619,467663,462990
9298,4674,98,2,4680,467663,467761,463087
9299,4675,79,3,4694,467761,467840,463165
9300,4676,68,1,4685,467840,467908,463232
9301,4677,45,1,4686,467908,467953,463276
9302,4677,86,2,4690,467953,468039,463362
9303,4678,29,2,4688,468039,468068,463390
9304,4679,65,1,4685,468068,468133,463454
9305,4679,87,3,4689,468133,468220,463541
9307,4680,72,3,4685,468220,468292,463612
9306,4680,97,1,4698,468292,468389,463709
9308,4681,100,3,4686,468389,468489,463808
9309,4681,45,1,4694,468489,468534,463853
9310,4682,39,3,4688,468534,468573,463891
9311,4682,71,3,4696,468573,468644,463962
9312,4683,15,3,4684,468644,468659,463976
9314,4683,74,2,4687,468659,468733,464050
9315,4683,91,2,4696,468733,468824,464141
9313,4683,7,3,4698,468824,468831,464148
9316,4683,51,3,4700,468831,468882,464199
9317,4684,47,2,4690,468882,468929,464245
9319,4685,60,1,4692,468929,468989,464304
9318,4685,82,1,4704,468989,469071,464386
9320,4686,7,2,4688,469071,469078,464392
9323,4687,49,3,4688,469078,469127,464440
9322,4687,69,1,4696,469127,469196,464509
9321,4687,89,1,4703,469196,469285,464598
9327,4688,48,2,4690,469285,469333,464645
9324,4688,1,3,4696,469333,469334,464646
9326,4688,91,2,4702,469334,469425,464737
9328,4688,75,1,4703,469425,469500,464812
9325,4688,23,2,4705,469500,469523,464835
9329,4689,94,2,4695,469523,469617,464928
9331,4689,63,1,4701,469617,469680,464991
9332,4689,66,2,4703,469680,469746,465057
9330,4689,64,2,4706,469746,469810,465121
9333,4690,84,3,4692,469810,469894,465204
9334,4691,35,2,4701,469894,469929,465238
9335,4692,100,3,4705,469929,470029,465337
9336,4693,52,1,4705,470029,470081,465388
9337,4694,4,2,4705,470081,470085,465391
9340,4695,71,3,4696,470085,470156,465461
9339,4695,58,2,4704,470156,470214,465519
9338,4695,25,3,4709,470214,470239,465544
9341,4696,43,3,4711,470239,470282,465586
9342,4697,44,1,4701,470282,470326,465629
9346,4697,56,1,4706,470326,470382,465685
9345,4697,91,2,4711,470382,470473,465776
9344,4697,41,1,4715,470473,470514,465817
9343,4697,16,1,4716,470514,470530,465833
9347,4698,2,1,4706,470530,470532,465834
9348,4698,6,2,4707,470532,470538,465840
9350,4699,5,1,4701,470538,470543,465844
9349,4699,64,2,4714,470543,470607,465908
9351,4700,71,1,4708,470607,470678,465978
9352,4701,33,3,4712,470678,470711,466010
9354,4702,42,3,4716,470711,470753,466051
9353,4702,84,1,4719,470753,470837,466135
9355,4703,58,2,4711,470837,470895,466192
9357,4704,59,3,4707,470895,470954,466250
9356,4704,23,3,4714,470954,470977,466273
9358,4705,40,3,4724,470977,471017,466312
9360,4706,25,2,4713,471017,471042,466336
9361,4706,71,3,4720,471042,471113,466407
9359,4706,58,3,4723,471113,471171,466465
9362,4707,54,1,4727,471171,471225,466518
9363,4708,26,2,4715,471225,471251,466543
9366,4709,21,3,4720,471251,471272,466563
9368,4709,100,2,4720,471272,471372,466663
9364,4709,10,3,4723,471372,471382,466673
9365,4709,6,1,4725,471382,471388,466679
9367,4709,72,3,4725,471388,471460,466751
9369,4710,11,3,4722,471460,471471,466761
9370,4711,73,3,4713,471471,471544,466833
9372,4711,84,1,4723,471544,471628,466917
9371,4711,44,2,4729,471628,471672,466961
9379,4712,19,3,4714,471672,471691,466979
9373,4712,33,2,4715,471691,471724,467012
9374,4712,89,3,4720,471724,471813,467101
9378,4712,94,2,4720,471813,471907,467195
9375,4712,96,1,4720,471907,472003,467291
9377,4712,30,3,4722,472003,472033,467321
9376,4712,97,3,4724,472033,472130,467418
9382,4713,72,3,4718,472130,472202,467489
9380,4713,43,2,4721,472202,472245,467532
9381,4713,61,1,4724,472245,472306,467593
9384,4714,47,3,4718,472306,472353,467639
9385,4714,24,3,4720,472353,472377,467663
9383,4714,79,1,4720,472377,472456,467742
9387,4715,45,2,4725,472456,472501,467786
9386,4715,90,3,4734,472501,472591,467876
9388,4716,24,1,4736,472591,472615,467899
9391,4717,50,1,4723,472615,472665,467948
9389,4717,58,2,4729,472665,472723,468006
9390,4717,27,2,4736,472723,472750,468033
9392,4718,54,2,4727,472750,472804,468086
9393,4719,58,2,4726,472804,472862,468143
9395,4720,46,2,4726,472862,472908,468188
9396,4720,83,1,4731,472908,472991,468271
9394,4720,55,2,4732,472991,473046,468326
9399,4721,8,3,4726,473046,473054,468333
9398,4721,38,1,4726,473054,473092,468371
9397,4721,74,2,4730,473092,473166,468445
9400,4722,43,3,4723,473166,473209,468487
9401,4722,76,3,4727,473209,473285,468563
9402,4722,66,1,4737,473285,473351,468629
9406,4723,84,3,4725,473351,473435,468712
9404,4723,89,3,4738,473435,473524,468801
9403,4723,54,1,4739,473524,473578,468855
9405,4723,26,3,4741,473578,473604,468881
9409,4724,34,2,4728,473604,473638,468914
9407,4724,58,2,4740,473638,473696,468972
9408,4724,21,3,4744,473696,473717,468993
9410,4725,82,2,4745,473717,473799,469074
9412,4726,78,2,4729,473799,473877,469151
9411,4726,77,2,4735,473877,473954,469228
9414,4727,25,2,4734,473954,473979,469252
9413,4727,32,3,4741,473979,474011,469284
9415,4728,69,1,4731,474011,474080,469352
9416,4728,29,3,4738,474080,474109,469381
9419,4729,83,2,4732,474109,474192,469463
9417,4729,19,3,4733,474192,474211,469482
9418,4729,16,1,4743,474211,474227,469498
9420,4729,60,1,4743,474227,474287,469558
9421,4730,43,2,4732,474287,474330,469600
9423,4730,72,1,4733,474330,474402,469672
9422,4730,82,2,4737,474402,474484,469754
9427,4730,77,2,4742,474484,474561,469831
9426,4730,79,2,4742,474561,474640,469910
9424,4730,61,3,4744,474640,474701,469971
9425,4730,33,1,4745,474701,474734,470004
9428,4731,38,2,4744,474734,474772,470041
9429,4731,6,3,4748,474772,474778,470047
9430,4732,7,2,4743,474778,474785,470053
9431,4732,62,3,4751,474785,474847,470115
9434,4733,9,3,4741,474847,474856,470123
9432,4733,74,3,4742,474856,474930,470197
9433,4733,19,2,4748,474930,474949,470216
9435,4734,8,2,4737,474949,474957,470223
9436,4735,6,3,4749,474957,474963,470228
9437,4736,74,2,4756,474963,475037,470301
9440,4737,14,3,4741,475037,475051,470314
9438,4737,2,1,4754,475051,475053,470316
9439,4737,24,1,4757,475053,475077,470340
9441,4738,18,1,4758,475077,475095,470357
9442,4739,94,1,4743,475095,475189,470450
9443,4740,53,1,4753,475189,475242,470502
9444,4740,48,3,4758,475242,475290,470550
9445,4741,48,1,4746,475290,475338,470597
9446,4741,98,2,4757,475338,475436,470695
9449,4742,17,2,4748,475436,475453,470711
9447,4742,13,3,4758,475453,475466,470724
9448,4742,91,3,4760,475466,475557,470815
9450,4743,39,3,4751,475557,475596,470853
9451,4743,96,2,4753,475596,475692,470949
9452,4744,86,2,4745,475692,475778,471034
9454,4745,89,2,4753,475778,475867,471122
9453,4745,63,2,4754,475867,475930,471185
9455,4746,79,2,4757,475930,476009,471263
9457,4747,23,2,4749,476009,476032,471285
9456,4747,95,1,4756,476032,476127,471380
9458,4748,92,1,4749,476127,476219,471471
9459,4749,21,1,4754,476219,476240,471491
9460,4749,63,2,4756,476240,476303,471554
9461,4750,37,2,4758,476303,476340,471590
9462,4751,15,1,4755,476340,476355,471604
9464,4751,32,2,4758,476355,476387,471636
9463,4751,28,3,4763,476387,476415,471664
9465,4751,87,3,4770,476415,476502,471751
9466,4752,37,1,4753,476502,476539,471787
9469,4753,21,1,4755,476539,476560,471807
9470,4753,48,1,4755,476560,476608,471855
9467,4753,15,2,4761,476608,476623,471870
9468,4753,2,2,4762,476623,476625,471872
9471,4753,59,2,4767,476625,476684,471931
9472,4754,80,1,4758,476684,476764,472010
9474,4754,5,3,4760,476764,476769,472015
9473,4754,18,1,4773,476769,476787,472033
9475,4755,96,3,4769,476787,476883,472128
9476,4756,21,2,4767,476883,476904,472148
9478,4757,63,1,4758,476904,476967,472210
9477,4757,65,3,4758,476967,477032,472275
9481,4758,69,2,4760,477032,477101,472343
9479,4758,63,1,4761,477101,477164,472406
9480,4758,66,1,4774,477164,477230,472472
9483,4759,38,1,4764,477230,477268,472509
9482,4759,48,3,4768,477268,477316,472557
9485,4760,33,1,4761,477316,477349,472589
9487,4760,99,3,4764,477349,477448,472688
9486,4760,40,1,4765,477448,477488,472728
9484,4760,25,3,4772,477488,477513,472753
9488,4760,86,1,4776,477513,477599,472839
9489,4761,59,3,4770,477599,477658,472897
9490,4762,4,2,4779,477658,477662,472900
9493,4763,27,2,4767,477662,477689,472926
9492,4763,95,3,4772,477689,477784,473021
9491,4763,46,1,4777,477784,477830,473067
9496,4764,5,2,4772,477830,477835,473071
9497,4764,2,2,4775,477835,477837,473073
9495,4764,78,1,4777,477837,477915,473151
9494,4764,38,2,4782,477915,477953,473189
9498,4765,4,2,4773,477953,477957,473192
9499,4765,90,1,4781,477957,478047,473282
9500,4766,84,3,4784,478047,478131,473365
9502,4767,83,2,4768,478131,478214,473447
9501,4767,8,3,4779,478214,478222,473455
9503,4768,52,1,4774,478222,478274,473506
9504,4769,35,2,4783,478274,478309,473540
9506,4770,79,1,4778,478309,478388,473618
9507,4770,34,2,4779,478388,478422,473652
9505,4770,81,1,4780,478422,478503,473733
9508,4770,93,2,4790,478503,478596,473826
9509,4771,58,3,4778,478596,478654,473883
9510,4772,35,2,4788,478654,478689,473917
9511,4772,34,1,4792,478689,478723,473951
9512,4773,5,2,4776,478723,478728,473955
9513,4774,3,2,4786,478728,478731,473957
9514,4774,41,2,4790,478731,478772,473998
9516,4775,93,3,4782,478772,478865,474090
9517,4775,96,1,4784,478865,478961,474186
9515,4775,100,3,4794,478961,479061,474286
9518,4776,19,2,4792,479061,479080,474304
9521,4777,79,3,4780,479080,479159,474382
9522,4777,2,2,4783,479159,479161,474384
9520,4777,85,2,4785,479161,479246,474469
9524,4777,31,2,4786,479246,479277,474500
9525,4777,67,1,4787,479277,479344,474567
9519,4777,18,2,4789,479344,479362,474585
9523,4777,42,2,4795,479362,479404,474627
9526,4778,42,1,4779,479404,479446,474668
9530,4779,15,2,4783,479446,479461,474682
9529,4779,96,2,4783,479461,479557,474778
9528,4779,91,1,4789,479557,479648,474869
9527,4779,36,2,4794,479648,479684,474905
9531,4780,45,1,4783,479684,479729,474949
9532,4781,24,2,4786,479729,479753,474972
9534,4782,77,1,4790,479753,479830,475048
9533,4782,89,1,4796,479830,479919,475137
9535,4783,33,1,4787,479919,479952,475169
9536,4784,39,1,4798,479952,479991,475207
9537,4785,30,1,4795,479991,480021,475236
9538,4785,5,2,4797,480021,480026,475241
9541,4786,1,3,4790,480026,480027,475241
9540,4786,29,3,4795,480027,480056,475270
9539,4786,83,2,4795,480056,480139,475353
9542,4787,4,2,4790,480139,480143,475356
9543,4788,91,1,4805,480143,480234,475446
9544,4789,84,3,4798,480234,480318,475529
9545,4790,28,3,4798,480318,480346,475556
9546,4791,71,1,4804,480346,480417,475626
9547,4791,6,1,4810,480417,480423,475632
9548,4792,7,1,4810,480423,480430,475638
9549,4793,53,1,4810,480430,480483,475690
9550,4794,70,3,4805,480483,480553,475759
9552,4795,72,2,4796,480553,480625,475830
9553,4795,39,2,4802,480625,480664,475869
9551,4795,94,3,4806,480664,480758,475963
9554,4796,12,2,4797,480758,480770,475974
9556,4796,10,2,4798,480770,480780,475984
9555,4796,37,1,4809,480780,480817,476021
9557,4797,30,3,4801,480817,480847,476050
9558,4798,69,3,4802,480847,480916,476118
9559,4799,7,1,4811,480916,480923,476124
9560,4800,80,3,4805,480923,481003,476203
9561,4801,92,1,4818,481003,481095,476294
9564,4802,25,3,4805,481095,481120,476318
9563,4802,25,2,4806,481120,481145,476343
9562,4802,75,2,4813,481145,481220,476418
9565,4802,15,3,4820,481220,481235,476433
9566,4803,78,2,4815,481235,481313,476510
9567,4804,7,2,4808,481313,481320,476516
9568,4805,48,2,4811,481320,481368,476563
9569,4806,14,1,4814,481368,481382,476576
9571,4807,4,2,4809,481382,481386,476579
9572,4807,86,2,4814,481386,481472,476665
9575,4807,50,3,4815,481472,481522,476715
9570,4807,75,2,4816,481522,481597,476790
9573,4807,6,1,4818,481597,481603,476796
9574,4807,7,1,4827,481603,481610,476803
9576,4808,68,3,4811,481610,481678,476870
9578,4809,53,2,4815,481678,481731,476922
9577,4809,40,1,4823,481731,481771,476962
9579,4809,29,1,4826,481771,481800,476991
9580,4810,65,2,4819,481800,481865,477055
9582,4811,77,1,4823,481865,481942,477131
9581,4811,50,3,4828,481942,481992,477181
9583,4812,12,2,4826,481992,482004,477192
9588,4813,17,1,4815,482004,482021,477208
9589,4813,71,1,4818,482021,482092,477279
9584,4813,17,1,4820,482092,482109,477296
9590,4813,23,2,4821,482109,482132,477319
9587,4813,11,3,4826,482132,482143,477330
9585,4813,32,1,4828,482143,482175,477362
9586,4813,17,3,4831,482175,482192,477379
9591,4814,72,2,4819,482192,482264,477450
9593,4814,71,2,4825,482264,482335,477521
9592,4814,45,3,4831,482335,482380,477566
9595,4815,46,2,4817,482380,482426,477611
9594,4815,56,3,4832,482426,482482,477667
9596,4816,35,1,4825,482482,482517,477701
9598,4817,59,3,4821,482517,482576,477759
9597,4817,12,3,4834,482576,482588,477771
9599,4818,43,2,4831,482588,482631,477813
9600,4819,42,2,4830,482631,482673,477854
9601,4820,8,3,4822,482673,482681,477861
9602,4820,78,1,4824,482681,482759,477939
9603,4820,25,3,4836,482759,482784,477964
9604,4821,78,2,4823,482784,482862,478041
9605,4821,39,1,4832,482862,482901,478080
9606,4821,70,3,4832,482901,482971,478150
9607,4822,8,3,4837,482971,482979,478157
9609,4823,17,2,4828,482979,482996,478173
9608,4823,14,2,4831,482996,483010,478187
9610,4824,19,3,4838,483010,483029,478205
9611,4825,31,3,4829,483029,483060,478235
9613,4825,69,1,4839,483060,483129,478304
9612,4825,9,1,4840,483129,483138,478313
9614,4825,89,1,4844,483138,483227,478402
9618,4826,88,1,4832,483227,483315,478489
9615,4826,77,3,4833,483315,483392,478566
9616,4826,85,2,4836,483392,483477,478651
9617,4826,36,3,4837,483477,483513,478687
9619,4827,81,2,4835,483513,483594,478767
9620,4827,49,3,4836,483594,483643,478816
9621,4827,100,3,4840,483643,483743,478916
9622,4828,33,2,4837,483743,483776,478948
9624,4828,64,1,4838,483776,483840,479012
9623,4828,19,1,4846,483840,483859,479031
9625,4829,35,3,4837,483859,483894,479065
9627,4830,24,1,4837,483894,483918,479088
9626,4830,98,1,4840,483918,484016,479186
9628,4831,4,1,4834,484016,484020,479189
9629,4831,60,2,4848,484020,484080,479249
9631,4832,50,1,4833,484080,484130,479298
9634,4832,13,2,4834,484130,484143,479311
9630,4832,4,1,4839,484143,484147,479315
9632,4832,67,2,4840,484147,484214,479382
9633,4832,94,2,4840,484214,484308,479476
9636,4833,4,2,4844,484308,484312,479479
9635,4833,66,2,4844,484312,484378,479545
9638,4834,71,2,4849,484378,484449,479615
9637,4834,81,2,4852,484449,484530,479696
9640,4835,61,1,4838,484530,484591,479756
9639,4835,55,2,4845,484591,484646,479811
9641,4836,11,1,4838,484646,484657,479821
9642,4836,72,3,4852,484657,484729,479893
9643,4837,97,3,4857,484729,484826,479989
9645,4838,13,1,4843,484826,484839,480001
9644,4838,43,1,4846,484839,484882,480044
9647,4838,44,1,4857,484882,484926,480088
9646,4838,89,2,4858,484926,485015,480177
9649,4839,19,1,4842,485015,485034,480195
9648,4839,99,3,4847,485034,485133,480294
9650,4840,9,1,4853,485133,485142,480302
9652,4841,62,2,4844,485142,485204,480363
9656,4841,92,3,4846,485204,485296,480455
9654,4841,89,3,4847,485296,485385,480544
9653,4841,94,2,4854,485385,485479,480638
9655,4841,43,2,4855,485479,485522,480681
9651,4841,26,1,4861,485522,485548,480707
9657,4842,53,2,4855,485548,485601,480759
9658,4843,34,3,4848,485601,485635,480792
9660,4843,14,3,4857,485635,485649,480806
9659,4843,61,1,4858,485649,485710,480867
9661,4843,9,3,4860,485710,485719,480876
9662,4844,79,1,4861,485719,485798,480954
9663,4845,14,1,4852,485798,485812,480967
9664,4845,97,2,4855,485812,485909,481064
9666,4846,91,1,4857,485909,486000,481154
9665,4846,8,2,4866,486000,486008,481162
9667,4847,13,2,4865,486008,486021,481174
9668,4848,77,3,4859,486021,486098,481250
9670,4849,61,1,4857,486098,486159,481310
9669,4849,89,3,4864,486159,486248,481399
9671,4850,88,3,4859,486248,486336,481486
9673,4851,19,3,4852,486336,486355,481504
9672,4851,91,2,4856,486355,486446,481595
9674,4851,77,1,4865,486446,486523,481672
9676,4852,73,2,4863,486523,486596,481744
9675,4852,54,3,4872,486596,486650,481798
9678,4853,60,2,4860,486650,486710,481857
9677,4853,91,3,4860,486710,486801,481948
9679,4854,82,2,4861,486801,486883,482029
9681,4855,4,1,4868,486883,486887,482032
9680,4855,23,3,4869,486887,486910,482055
9682,4856,52,2,4867,486910,486962,482106
9683,4857,85,1,4859,486962,487047,482190
9686,4858,4,1,4860,487047,487051,482193
9684,4858,1,1,4861,487051,487052,482194
9685,4858,64,3,4866,487052,487116,482258
9687,4859,24,1,4879,487116,487140,482281
9688,4860,47,1,4864,487140,487187,482327
9689,4860,83,2,4879,487187,487270,482410
9691,4861,41,2,4866,487270,487311,482450
9690,4861,38,2,4880,487311,487349,482488
9692,4862,69,3,4865,487349,487418,482556
9695,4863,5,2,4867,487418,487423,482560
9693,4863,52,1,4867,487423,487475,482612
9694,4863,20,1,4880,487475,487495,482632
9696,4864,8,1,4867,487495,487503,482639
9699,4864,24,2,4868,487503,487527,482663
9700,4864,70,2,4872,487527,487597,482733
9698,4864,21,3,4877,487597,487618,482754
9697,4864,18,3,4878,487618,487636,482772
9701,4865,82,2,4875,487636,487718,482853
9702,4865,86,1,4878,487718,487804,482939
9703,4866,22,2,4882,487804,487826,482960
9707,4867,100,2,4869,487826,487926,483059
9706,4867,34,2,4881,487926,487960,483093
9704,4867,55,1,4881,487960,488015,483148
9705,4867,95,1,4883,488015,488110,483243
9708,4868,1,1,4878,488110,488111,483243
9710,4869,16,1,4870,488111,488127,483258
9713,4869,79,1,4880,488127,488206,483337
9711,4869,44,2,4881,488206,488250,483381
9712,4869,72,3,4886,488250,488322,483453
9709,4869,99,3,4888,488322,488421,483552
9714,4870,53,1,4876,488421,488474,483604
9715,4871,82,3,4877,488474,488556,483685
9718,4871,11,3,4881,488556,488567,483696
9716,4871,52,1,4883,488567,488619,483748
9717,4871,1,3,4888,488619,488620,483749
9719,4872,57,2,4877,488620,488677,483805
9720,4873,19,3,4874,488677,488696,483823
9721,4874,95,1,4888,488696,488791,483917
9722,4874,43,3,4890,488791,488834,483960
9723,4875,61,3,4878,488834,488895,484020
9724,4876,56,3,4887,488895,488951,484075
9725,4877,52,3,4897,488951,489003,484126
9726,4878,17,2,4886,489003,489020,484142
9727,4879,8,2,4880,489020,489028,484149
9729,4879,12,3,4881,489028,489040,484161
9728,4879,1,2,4895,489040,489041,484162
9730,4880,59,2,4888,489041,489100,484220
9731,4881,39,1,4889,489100,489139,484258
9735,4882,15,2,4884,489139,489154,484272
9733,4882,1,3,4891,489154,489155,484273
9734,4882,90,2,4900,489155,489245,484363
9732,4882,50,2,4902,489245,489295,484413
9740,4883,9,2,4885,489295,489304,484421
9737,4883,97,3,4885,489304,489401,484518
9736,4883,20,2,4898,489401,489421,484538
9739,4883,84,3,4900,489421,489505,484622
9738,4883,43,2,4902,489505,489548,484665
9741,4884,54,2,4901,489548,489602,484718
9742,4885,15,1,4898,489602,489617,484732
9743,4886,49,3,4887,489617,489666,484780
9744,4886,93,1,4903,489666,489759,484873
9747,4887,99,3,4891,489759,489858,484971
9746,4887,51,2,4899,489858,489909,485022
9745,4887,98,3,4900,489909,490007,485120
9748,4888,46,3,4899,490007,490053,485165
9749,4889,32,2,4896,490053,490085,485196
9751,4889,68,3,4898,490085,490153,485264
9752,4889,53,3,4903,490153,490206,485317
9750,4889,43,3,4906,490206,490249,485360
9753,4890,2,1,4894,490249,490251,485361
9754,4891,26,1,4911,490251,490277,485386
9757,4892,26,3,4896,490277,490303,485411
9755,4892,3,3,4897,490303,490306,485414
9758,4892,82,1,4899,490306,490388,485496
9756,4892,46,2,4907,490388,490434,485542
9760,4893,85,2,4897,490434,490519,485626
9759,4893,85,1,4901,490519,490604,485711
9761,4894,94,2,4903,490604,490698,485804
9763,4895,82,2,4907,490698,490780,485885
9762,4895,66,3,4912,490780,490846,485951
9765,4896,65,2,4900,490846,490911,486015
9767,4896,43,1,4901,490911,490954,486058
9766,4896,61,2,4912,490954,491015,486119
9764,4896,14,3,4913,491015,491029,486133
9768,4897,93,3,4901,491029,491122,486225
9769,4898,27,3,4916,491122,491149,486251
9770,4899,21,1,4903,491149,491170,486271
9771,4900,32,1,4910,491170,491202,486302
9772,4900,73,2,4918,491202,491275,486375
9774,4901,22,3,4903,491275,491297,486396
9773,4901,88,1,4903,491297,491385,486484
9777,4902,62,1,4910,491385,491447,486545
9776,4902,14,3,4912,491447,491461,486559
9775,4902,85,1,4918,491461,491546,486644
9778,4903,35,3,4910,491546,491581,486678
9779,4903,68,2,4916,491581,491649,486746
9780,4904,40,1,4922,491649,491689,486785
9781,4905,45,3,4916,491689,491734,486829
9782,4906,52,2,4913,491734,491786,486880
9783,4907,92,3,4926,491786,491878,486971
9784,4908,48,2,4914,491878,491926,487018
9785,4908,62,1,4922,491926,491988,487080
9786,4909,18,1,4925,491988,492006,487097
9787,4910,16,1,4925,492006,492022,487112
9788,4910,89,3,4926,492022,492111,487201
9790,4911,85,2,4912,492111,492196,487285
9792,4911,38,1,4915,492196,492234,487323
9791,4911,94,1,4916,492234,492328,487417
9789,4911,53,3,4917,492328,492381,487470
9793,4912,20,3,4920,492381,492401,487489
9795,4913,48,1,4915,492401,492449,487536
9796,4913,59,1,4926,492449,492508,487595
9794,4913,33,1,4932,492508,492541,487628
9797,4914,62,2,4930,492541,492603,487689
9798,4915,47,1,4921,492603,492650,487735
9801,4916,69,2,4921,492650,492719,487803
9799,4916,12,3,4933,492719,492731,487815
9800,4916,49,1,4936,492731,492780,487864
9802,4917,66,2,4929,492780,492846,487929
9805,4918,30,3,4921,492846,492876,487958
9804,4918,92,1,4923,492876,492968,488050
9803,4918,31,3,4933,492968,492999,488081
9807,4919,36,3,4923,492999,493035,488116
9806,4919,93,1,4930,493035,493128,488209
9808,4920,92,3,4931,493128,493220,488300
9810,4921,28,2,4938,493220,493248,488327
9809,4921,11,2,4941,493248,493259,488338
9811,4922,70,3,4924,493259,493329,488407
9812,4922,96,1,4937,493329,493425,488503
9813,4923,91,2,4924,493425,493516,488593
9814,4924,18,1,4938,493516,493534,488610
9815,4925,24,3,4927,493534,493558,488633
9816,4925,89,1,4927,493558,493647,488722
9817,4925,68,2,4930,493647,493715,488790
9819,4925,47,2,4932,493715,493762,488837
9818,4925,69,3,4945,493762,493831,488906
9820,4926,77,3,4940,493831,493908,488982
9822,4927,33,3,4938,493908,493941,489014
9821,4927,45,1,4939,493941,493986,489059
9823,4927,76,2,4939,493986,494062,489135
9825,4928,66,3,4941,494062,494128,489200
9824,4928,48,3,4948,494128,494176,489248
9827,4929,28,2,4930,494176,494204,489275
9829,4929,55,3,4932,494204,494259,489330
9826,4929,82,3,4938,494259,494341,489412
9828,4929,9,1,4948,494341,494350,489421
9833,4930,100,3,4935,494350,494450,489520
9830,4930,22,1,4936,494450,494472,489542
9831,4930,76,3,4939,494472,494548,489618
9832,4930,78,1,4942,494548,494626,489696
9834,4931,5,3,4944,494626,494631,489700
9835,4932,4,1,4938,494631,494635,489703
9838,4933,6,1,4936,494635,494641,489708
9836,4933,66,2,4941,494641,494707,489774
9837,4933,6,2,4947,494707,494713,489780
9839,4934,18,2,4936,494713,494731,489797
9840,4935,61,3,4945,494731,494792,489857
9841,4936,91,1,4940,494792,494883,489947
9844,4936,92,3,4942,494883,494975,490039
9843,4936,57,3,4950,494975,495032,490096
9842,4936,62,1,4950,495032,495094,490158
9845,4936,21,1,4956,495094,495115,490179
9846,4937,77,2,4956,495115,495192,490255
9847,4938,52,1,4957,495192,495244,490306
9848,4939,86,2,4941,495244,495330,490391
9849,4939,15,2,4943,495330,495345,490406
9850,4939,84,3,4949,495345,495429,490490
9851,4939,67,2,4954,495429,495496,490557
9852,4940,78,3,4944,495496,495574,490634
9853,4940,7,1,4949,495574,495581,490641
9854,4941,8,2,4961,495581,495589,490648
9855,4942,94,2,4945,495589,495683,490741
9856,4943,19,3,4963,495683,495702,490759
9858,4944,39,2,4962,495702,495741,490797
9857,4944,94,1,4964,495741,495835,490891
9859,4945,81,1,4962,495835,495916,490971
9860,4946,22,3,4953,495916,495938,490992
9861,4947,99,1,4948,495938,496037,491090
9862,4948,24,1,4954,496037,496061,491113
9863,4948,82,1,4964,496061,496143,491195
9864,4948,77,1,4965,496143,496220,491272
9865,4949,46,2,4962,496220,496266,491317
9867,4950,21,2,4958,496266,496287,491337
9866,4950,84,1,4960,496287,496371,491421
9868,4951,51,1,4956,496371,496422,491471
9869,4951,8,3,4962,496422,496430,491479
9871,4952,16,2,4962,496430,496446,491494
9870,4952,68,2,4968,496446,496514,491562
9872,4953,77,3,4964,496514,496591,491638
9873,4954,82,2,4965,496591,496673,491719
9874,4955,3,3,4966,496673,496676,491721
9877,4956,85,1,4960,496676,496761,491805
9875,4956,9,2,4968,496761,496770,491814
9876,4956,18,2,4968,496770,496788,491832
9878,4957,84,1,4963,496788,496872,491915
9879,4958,71,3,4960,496872,496943,491985
9881,4959,36,3,4968,496943,496979,492020
9880,4959,87,1,4968,496979,497066,492107
9882,4960,23,2,4961,497066,497089,492129
9883,4960,40,3,4978,497089,497129,492169
9886,4961,9,1,4962,497129,497138,492177
9884,4961,49,3,4968,497138,497187,492226
9885,4961,29,1,4981,497187,497216,492255
9887,4962,64,3,4966,497216,497280,492318
9888,4963,5,1,4976,497280,497285,492322
9890,4964,42,2,4968,497285,497327,492363
9889,4964,51,3,4982,497327,497378,492414
9893,4965,35,3,4972,497378,497413,492448
9892,4965,86,2,4975,497413,497499,492534
9891,4965,44,3,4980,497499,497543,492578
9895,4966,48,1,4967,497543,497591,492625
9894,4966,22,3,4968,497591,497613,492647
9896,4966,31,1,4972,497613,497644,492678
9897,4966,66,2,4979,497644,497710,492744
9898,4966,100,2,4986,497710,497810,492844
9899,4967,68,3,4985,497810,497878,492911
9900,4968,72,1,4981,497878,497950,492982
9901,4969,6,2,4976,497950,497956,492987
9903,4969,98,3,4976,497956,498054,493085
9902,4969,58,3,4988,498054,498112,493143
9904,4970,81,2,4971,498112,498193,493223
9905,4971,39,2,4980,498193,498232,493261
9906,4971,45,1,4980,498232,498277,493306
9907,4971,61,1,4989,498277,498338,493367
9908,4971,86,3,4989,498338,498424,493453
9909,4971,33,1,4991,498424,498457,493486
9910,4972,47,1,4992,498457,498504,493532
9911,4973,47,3,4988,498504,498551,493578
9912,4974,95,2,4981,498551,498646,493672
9913,4974,87,1,4987,498646,498733,493759
9914,4975,79,1,4988,498733,498812,493837
9915,4976,96,3,4979,498812,498908,493932
9920,4977,82,3,4980,498908,498990,494013
9917,4977,54,2,4984,498990,499044,494067
9916,4977,70,2,4986,499044,499114,494137
9919,4977,58,3,4989,499114,499172,494195
9918,4977,42,3,4990,499172,499214,494237
9921,4977,4,3,4992,499214,499218,494241
9923,4978,59,1,4988,499218,499277,494299
9924,4978,88,2,4989,499277,499365,494387
9922,4978,39,2,4996,499365,499404,494426
9925,4979,44,3,4980,499404,499448,494469
9926,4979,76,1,4991,499448,499524,494545
9927,4980,62,1,4991,499524,499586,494606
9928,4980,66,2,4995,499586,499652,494672
9933,4981,8,1,4984,499652,499660,494679
9931,4981,27,3,4993,499660,499687,494706
9932,4981,12,1,4997,499687,499699,494718
9930,4981,6,1,5000,499699,499705,494724
9929,4981,93,1,5000,499705,499798,494817
9937,4982,7,1,4985,499798,499805,494823
9936,4982,28,2,4989,499805,499833,494851
9935,4982,44,1,4989,499833,499877,494895
9934,4982,31,1,4990,499877,499908,494926
9938,4983,82,2,4990,499908,499990,495007
9940,4983,85,3,4992,499990,500075,495092
9939,4983,94,2,4994,500075,500169,495186
9945,4984,61,3,4985,500169,500230,495246
9941,4984,99,1,4987,500230,500329,495345
9943,4984,36,2,4994,500329,500365,495381
9942,4984,56,1,4999,500365,500421,495437
9944,4984,33,2,5004,500421,500454,495470
9947,4985,60,2,4994,500454,500514,495529
9946,4985,73,1,4997,500514,500587,495602
9948,4986,2,3,4999,500587,500589,495603
9949,4987,76,3,4990,500589,500665,495678
9951,4987,38,3,4994,500665,500703,495716
9950,4987,10,1,4997,500703,500713,495726
9952,4987,44,3,4999,500713,500757,495770
9953,4988,13,3,4999,500757,500770,495782
9954,4989,1,2,4999,500770,500771,495782
9955,4990,56,3,5007,500771,500827,495837
9959,4991,66,1,4997,500827,500893,495902
9960,4991,25,1,4998,500893,500918,495927
9957,4991,54,3,5007,500918,500972,495981
9956,4991,70,1,5009,500972,501042,496051
9958,4991,53,3,5011,501042,501095,496104
9961,4992,40,2,5001,501095,501135,496143
9962,4992,58,3,5002,501135,501193,496201
9963,4993,71,3,4995,501193,501264,496271
9964,4994,29,1,5000,501264,501293,496299
9965,4995,62,3,4997,501293,501355,496360
9968,4996,23,2,5000,501355,501378,496382
9967,4996,57,3,5003,501378,501435,496439
9966,4996,99,2,5004,501435,501534,496538
9969,4996,46,3,5007,501534,501580,496584
9970,4997,48,3,5011,501580,501628,496631
9971,4997,19,1,5017,501628,501647,496650
9972,4998,100,3,5016,501647,501747,496749
9976,4999,61,3,5009,501747,501808,496809
9974,4999,15,2,5013,501808,501823,496824
9975,4999,92,3,5017,501823,501915,496916
9973,4999,86,2,5018,501915,502001,497002
9979,5000,51,2,5008,502001,502052,497052
9977,5000,10,3,5012,502052,502062,497062
9978,5000,20,1,5013,502062,502082,497082
9980,5001,83,1,5010,502082,502165,497164
9981,5001,59,3,5012,502165,502224,497223
9982,5002,45,3,5020,502224,502269,497267
9983,5003,18,3,5010,502269,502287,497284
9984,5004,71,1,5016,502287,502358,497354
9985,5004,91,2,5020,502358,502449,497445
9988,5005,28,1,5008,502449,502477,497472
9989,5005,84,2,5014,502477,502561,497556
9986,5005,4,3,5024,502561,502565,497560
9987,5005,45,1,5025,502565,502610,497605
9991,5006,55,3,5011,502610,502665,497659
9990,5006,66,3,5012,502665,502731,497725
9992,5007,41,2,5022,502731,502772,497765
9993,5008,40,2,5013,502772,502812,497804
9998,5009,39,3,5013,502812,502851,497842
9995,5009,98,3,5015,502851,502949,497940
9994,5009,97,1,5016,502949,503046,498037
9996,5009,68,2,5023,503046,503114,498105
9999,5009,42,1,5024,503114,503156,498147
9997,5009,21,1,5028,503156,503177,498168
Average turn around time,249490.0578,,,,,
