Job ID,Arrival,Burst,Priority,Start,End,Turn Around
0,0,33,2,0,33,33
1,1,97,3,33,130,129
2,2,70,3,130,200,198
3,2,13,1,200,213,211
4,3,69,3,213,282,279
5,4,32,3,282,314,310
6,5,93,1,314,407,402
7,5,81,3,407,488,483
8,5,41,1,488,529,524
9,5,43,3,529,572,567
10,6,23,3,572,595,589
11,6,89,2,595,684,678
12,6,96,3,684,780,774
13,6,80,1,780,860,854
14,6,29,1,860,889,883
15,6,83,3,889,972,966
16,6,100,3,972,1072,1066
17,7,70,3,1072,1142,1135
18,8,73,3,1142,1215,1207
19,9,86,2,1215,1301,1292
20,10,15,3,1301,1316,1306
21,10,17,1,1316,1333,1323
22,11,8,3,1333,1341,1330
23,11,5,1,1341,1346,1335
24,11,9,1,1346,1355,1344
25,12,66,2,1355,1421,1409
26,13,40,3,1421,1461,1448
27,14,90,3,1461,1551,1537
28,14,33,2,1551,1584,1570
29,15,98,1,1584,1682,1667
30,16,0,2,1682,1682,1666
31,17,4,3,1682,1686,1669
32,18,42,3,1686,1728,1710
33,18,71,3,1728,1799,1781
34,18,56,3,1799,1855,1837
35,18,48,3,1855,1903,1885
36,19,25,1,1903,1928,1909
37,19,1,3,1928,1929,1910
38,20,18,1,1929,1947,1927
39,20,34,1,1947,1981,1961
40,20,19,1,1981,2000,1980
41,21,75,1,2000,2075,2054
42,22,24,2,2075,2099,2077
43,22,99,3,2099,2198,2176
44,23,5,3,2198,2203,2180
45,23,55,1,2203,2258,2235
46,23,0,2,2258,2258,2235
47,24,99,2,2258,2357,2333
48,25,77,1,2357,2434,2409
49,26,81,2,2434,2515,2489
50,27,38,1,2515,2553,2526
51,28,5,1,2553,2558,2530
52,28,59,2,2558,2617,2589
53,28,46,2,2617,2663,2635
54,28,99,1,2663,2762,2734
55,28,75,1,2762,2837,2809
56,28,71,1,2837,2908,2880
57,28,75,3,2908,2983,2955
58,28,33,3,2983,3016,2988
59,28,16,3,3016,3032,3004
60,29,60,2,3032,3092,3063
61,29,53,2,3092,3145,3116
62,30,97,3,3145,3242,3212
63,31,7,1,3242,3249,3218
64,32,78,1,3249,3327,3295
65,33,36,3,3327,3363,3330
66,33,92,3,3363,3455,3422
67,33,44,3,3455,3499,3466
68,33,21,1,3499,3520,3487
69,34,71,3,3520,3591,3557
70,34,0,1,3591,3591,3557
71,34,50,3,3591,3641,3607
72,34,87,1,3641,3728,3694
73,34,88,3,3728,3816,3782
74,35,46,2,3816,3862,3827
75,36,51,2,3862,3913,3877
76,36,63,1,3913,3976,3940
77,37,43,2,3976,4019,3982
78,38,82,1,4019,4101,4063
79,38,8,3,4101,4109,4071
80,38,9,1,4109,4118,4080
81,39,2,2,4118,4120,4081
82,40,74,1,4120,4194,4154
83,41,23,2,4194,4217,4176
84,42,77,1,4217,4294,4252
85,42,92,3,4294,4386,4344
86,43,2,3,4386,4388,4345
87,43,85,3,4388,4473,4430
88,44,49,1,4473,4522,4478
89,45,69,1,4522,4591,4546
90,46,93,1,4591,4684,4638
91,46,39,3,4684,4723,4677
92,46,96,3,4723,4819,4773
93,46,6,2,4819,4825,4779
94,46,6,1,4825,4831,4785
95,47,60,2,4831,4891,4844
96,47,73,3,4891,4964,4917
97,47,26,2,4964,4990,4943
98,47,80,1,4990,5070,5023
99,47,37,1,5070,5107,5060
100,48,26,1,5107,5133,5085
101,48,41,1,5133,5174,5126
102,49,47,2,5174,5221,5172
103,50,28,3,5221,5249,5199
104,51,77,1,5249,5326,5275
105,52,10,3,5326,5336,5284
106,52,56,3,5336,5392,5340
107,53,43,1,5392,5435,5382
108,53,85,1,5435,5520,5467
109,54,38,2,5520,5558,5504
110,55,31,1,5558,5589,5534
111,55,81,3,5589,5670,5615
112,55,74,3,5670,5744,5689
113,56,80,2,5744,5824,5768
114,56,10,2,5824,5834,5778
115,56,21,2,5834,5855,5799
116,57,49,1,5855,5904,5847
117,58,72,2,5904,5976,5918
118,58,1,2,5976,5977,5919
119,58,50,2,5977,6027,5969
120,59,95,2,6027,6122,6063
121,59,57,3,6122,6179,6120
122,60,43,3,6179,6222,6162
123,60,73,3,6222,6295,6235
124,60,31,2,6295,6326,6266
125,61,95,3,6326,6421,6360
126,61,56,3,6421,6477,6416
127,62,65,2,6477,6542,6480
128,63,64,3,6542,6606,6543
129,64,93,3,6606,6699,6635
130,65,69,1,6699,6768,6703
131,65,89,2,6768,6857,6792
132,65,37,1,6857,6894,6829
133,66,26,2,6894,6920,6854
134,66,10,2,6920,6930,6864
135,66,97,2,6930,7027,6961
136,67,51,3,7027,7078,7011
137,68,60,2,7078,7138,7070
138,69,77,3,7138,7215,7146
139,69,60,1,7215,7275,7206
140,69,67,3,7275,7342,7273
141,69,72,2,7342,7414,7345
142,70,59,2,7414,7473,7403
143,71,81,3,7473,7554,7483
144,71,73,1,7554,7627,7556
145,71,64,3,7627,7691,7620
146,71,39,1,7691,7730,7659
147,71,69,1,7730,7799,7728
148,72,62,2,7799,7861,7789
149,72,84,2,7861,7945,7873
150,73,20,2,7945,7965,7892
151,73,80,2,7965,8045,7972
152,73,26,2,8045,8071,7998
153,74,73,1,8071,8144,8070
154,75,80,3,8144,8224,8149
155,75,75,3,8224,8299,8224
156,76,19,3,8299,8318,8242
157,76,68,3,8318,8386,8310
158,76,37,2,8386,8423,8347
159,77,87,2,8423,8510,8433
160,78,63,3,8510,8573,8495
161,78,14,2,8573,8587,8509
162,78,5,2,8587,8592,8514
163,78,24,3,8592,8616,8538
164,78,56,1,8616,8672,8594
165,79,70,2,8672,8742,8663
166,80,20,1,8742,8762,8682
167,80,60,1,8762,8822,8742
168,81,83,1,8822,8905,8824
169,81,95,2,8905,9000,8919
170,81,12,2,9000,9012,8931
171,81,37,1,9012,9049,8968
172,82,47,3,9049,9096,9014
173,83,86,3,9096,9182,9099
174,83,38,3,9182,9220,9137
175,83,85,2,9220,9305,9222
176,84,40,1,9305,9345,9261
177,85,14,2,9345,9359,9274
178,86,47,3,9359,9406,9320
179,87,71,1,9406,9477,9390
180,88,17,3,9477,9494,9406
181,89,56,2,9494,9550,9461
182,90,5,2,9550,9555,9465
183,91,39,2,9555,9594,9503
184,92,32,3,9594,9626,9534
185,93,4,2,9626,9630,9537
186,93,55,2,9630,9685,9592
187,93,51,1,9685,9736,9643
188,93,12,1,9736,9748,9655
189,94,42,2,9748,9790,9696
190,94,82,1,9790,9872,9778
191,94,50,3,9872,9922,9828
192,95,62,2,9922,9984,9889
193,96,10,1,9984,9994,9898
194,96,40,1,9994,10034,9938
195,96,55,1,10034,10089,9993
196,97,66,1,10089,10155,10058
197,97,61,1,10155,10216,10119
198,97,32,2,10216,10248,10151
199,98,25,3,10248,10273,10175
200,98,56,3,10273,10329,10231
201,98,53,2,10329,10382,10284
202,98,67,3,10382,10449,10351
203,99,95,3,10449,10544,10445
204,100,5,1,10544,10549,10449
205,100,59,1,10549,10608,10508
206,100,70,2,10608,10678,10578
207,100,6,2,10678,10684,10584
208,100,60,3,10684,10744,10644
209,100,1,1,10744,10745,10645
210,101,20,2,10745,10765,10664
211,102,14,1,10765,10779,10677
212,103,81,2,10779,10860,10757
213,103,36,1,10860,10896,10793
214,104,31,3,10896,10927,10823
215,104,13,1,10927,10940,10836
216,104,3,1,10940,10943,10839
217,104,16,3,10943,10959,10855
218,104,43,3,10959,11002,10898
219,105,98,3,11002,11100,10995
220,106,51,2,11100,11151,11045
221,106,34,1,11151,11185,11079
222,106,43,3,11185,11228,11122
223,106,83,1,11228,11311,11205
224,107,93,3,11311,11404,11297
225,107,29,2,11404,11433,11326
226,107,76,3,11433,11509,11402
227,108,88,3,11509,11597,11489
228,109,25,3,11597,11622,11513
229,110,1,1,11622,11623,11513
230,111,13,2,11623,11636,11525
231,111,60,1,11636,11696,11585
232,111,33,1,11696,11729,11618
233,111,82,3,11729,11811,11700
234,112,55,2,11811,11866,11754
235,113,64,2,11866,11930,11817
236,114,17,1,11930,11947,11833
237,115,14,3,11947,11961,11846
238,115,50,3,11961,12011,11896
239,116,37,2,12011,12048,11932
240,116,80,3,12048,12128,12012
241,117,15,2,12128,12143,12026
242,117,91,1,12143,12234,12117
243,118,21,3,12234,12255,12137
244,119,67,2,12255,12322,12203
245,120,19,1,12322,12341,12221
246,120,92,1,12341,12433,12313
247,121,45,2,12433,12478,12357
248,121,69,2,12478,12547,12426
249,121,57,1,12547,12604,12483
250,122,67,2,12604,12671,12549
251,122,35,3,12671,12706,12584
252,123,44,1,12706,12750,12627
253,123,26,3,12750,12776,12653
254,123,92,3,12776,12868,12745
255,123,49,3,12868,12917,12794
256,124,62,2,12917,12979,12855
257,125,87,1,12979,13066,12941
258,125,69,1,13066,13135,13010
259,125,53,2,13135,13188,13063
260,125,75,1,13188,13263,13138
261,126,21,3,13263,13284,13158
262,127,56,1,13284,13340,13213
263,128,90,1,13340,13430,13302
264,129,85,2,13430,13515,13386
265,130,78,2,13515,13593,13463
266,130,53,2,13593,13646,13516
267,130,57,2,13646,13703,13573
268,131,24,3,13703,13727,13596
269,131,37,3,13727,13764,13633
270,132,91,3,13764,13855,13723
271,132,56,1,13855,13911,13779
272,133,86,3,13911,13997,13864
273,134,67,2,13997,14064,13930
274,135,91,1,14064,14155,14020
275,136,52,2,14155,14207,14071
276,137,31,1,14207,14238,14101
277,138,10,3,14238,14248,14110
278,139,57,1,14248,14305,14166
279,139,25,1,14305,14330,14191
280,139,1,2,14330,14331,14192
281,139,4,2,14331,14335,14196
282,140,39,3,14335,14374,14234
283,140,42,2,14374,14416,14276
284,140,83,2,14416,14499,14359
285,140,20,2,14499,14519,14379
286,141,61,3,14519,14580,14439
287,142,65,1,14580,14645,14503
288,142,6,3,14645,14651,14509
289,143,1,2,14651,14652,14509
290,144,72,1,14652,14724,14580
291,144,3,3,14724,14727,14583
292,145,51,1,14727,14778,14633
293,145,98,1,14778,14876,14731
294,146,78,3,14876,14954,14808
295,146,60,3,14954,15014,14868
296,147,26,1,15014,15040,14893
297,147,54,1,15040,15094,14947
298,147,47,2,15094,15141,14994
299,147,46,2,15141,15187,15040
300,147,65,2,15187,15252,15105
301,147,38,1,15252,15290,15143
302,148,94,1,15290,15384,15236
303,149,50,1,15384,15434,15285
304,149,62,1,15434,15496,15347
305,149,42,3,15496,15538,15389
306,149,99,3,15538,15637,15488
307,150,14,1,15637,15651,15501
308,150,30,1,15651,15681,15531
309,150,41,2,15681,15722,15572
310,151,79,3,15722,15801,15650
311,151,53,2,15801,15854,15703
312,151,70,2,15854,15924,15773
313,151,64,1,15924,15988,15837
314,152,17,1,15988,16005,15853
315,152,78,2,16005,16083,15931
316,153,100,1,16083,16183,16030
317,154,80,1,16183,16263,16109
318,154,58,2,16263,16321,16167
319,154,8,3,16321,16329,16175
320,154,20,2,16329,16349,16195
321,155,37,3,16349,16386,16231
322,156,12,2,16386,16398,16242
323,156,26,1,16398,16424,16268
324,157,86,1,16424,16510,16353
325,157,8,3,16510,16518,16361
326,158,19,2,16518,16537,16379
327,158,42,1,16537,16579,16421
328,159,77,3,16579,16656,16497
329,159,7,3,16656,16663,16504
330,159,81,2,16663,16744,16585
331,159,11,1,16744,16755,16596
332,160,11,1,16755,16766,16606
333,160,87,2,16766,16853,16693
334,160,66,1,16853,16919,16759
335,161,17,2,16919,16936,16775
336,162,1,2,16936,16937,16775
337,163,77,2,16937,17014,16851
338,163,54,2,17014,17068,16905
339,163,63,1,17068,17131,16968
340,164,52,2,17131,17183,17019
341,165,72,1,17183,17255,17090
342,166,25,1,17255,17280,17114
343,166,63,1,17280,17343,17177
344,166,31,1,17343,17374,17208
345,167,18,1,17374,17392,17225
346,167,18,2,17392,17410,17243
347,168,16,2,17410,17426,17258
348,168,73,1,17426,17499,17331
349,168,34,1,17499,17533,17365
350,169,76,3,17533,17609,17440
351,169,40,3,17609,17649,17480
352,170,89,3,17649,17738,17568
353,170,58,2,17738,17796,17626
354,170,81,3,17796,17877,17707
355,171,45,2,17877,17922,17751
356,172,73,2,17922,17995,17823
357,172,41,1,17995,18036,17864
358,172,92,2,18036,18128,17956
359,172,84,2,18128,18212,18040
360,173,3,2,18212,18215,18042
361,173,62,2,18215,18277,18104
362,174,99,3,18277,18376,18202
363,174,46,3,18376,18422,18248
364,175,83,2,18422,18505,18330
365,175,93,3,18505,18598,18423
366,176,77,1,18598,18675,18499
367,177,19,2,18675,18694,18517
368,178,47,2,18694,18741,18563
369,178,32,1,18741,18773,18595
370,178,5,2,18773,18778,18600
371,179,83,3,18778,18861,18682
372,179,78,3,18861,18939,18760
373,180,74,3,18939,19013,18833
374,181,78,3,19013,19091,18910
375,182,48,3,19091,19139,18957
376,183,17,3,19139,19156,18973
377,183,96,2,19156,19252,19069
378,183,71,3,19252,19323,19140
379,183,36,1,19323,19359,19176
380,183,72,2,19359,19431,19248
381,184,19,3,19431,19450,19266
382,184,46,3,19450,19496,19312
383,185,78,2,19496,19574,19389
384,185,79,1,19574,19653,19468
385,186,1,1,19653,19654,19468
386,187,18,1,19654,19672,19485
387,188,28,3,19672,19700,19512
388,189,68,2,19700,19768,19579
389,189,73,2,19768,19841,19652
390,190,54,2,19841,19895,19705
391,191,34,3,19895,19929,19738
392,191,70,1,19929,19999,19808
393,192,96,3,19999,20095,19903
394,193,92,1,20095,20187,19994
395,193,58,2,20187,20245,20052
396,194,99,3,20245,20344,20150
397,194,4,2,20344,20348,20154
398,195,34,1,20348,20382,20187
399,195,25,2,20382,20407,20212
400,196,6,2,20407,20413,20217
401,196,35,3,20413,20448,20252
402,197,7,3,20448,20455,20258
403,198,85,2,20455,20540,20342
404,199,4,3,20540,20544,20345
405,200,71,2,20544,20615,20415
406,201,53,2,20615,20668,20467
407,202,33,3,20668,20701,20499
408,202,39,3,20701,20740,20538
409,202,10,1,20740,20750,20548
410,202,85,2,20750,20835,20633
411,202,78,1,20835,20913,20711
412,203,61,3,20913,20974,20771
413,204,26,1,20974,21000,20796
414,204,86,3,21000,21086,20882
415,204,47,1,21086,21133,20929
416,204,80,1,21133,21213,21009
417,204,74,1,21213,21287,21083
418,204,91,1,21287,21378,21174
419,205,12,2,21378,21390,21185
420,205,52,1,21390,21442,21237
421,206,4,3,21442,21446,21240
422,206,81,1,21446,21527,21321
423,207,64,3,21527,21591,21384
424,207,71,3,21591,21662,21455
425,207,41,3,21662,21703,21496
426,207,57,1,21703,21760,21553
427,208,72,1,21760,21832,21624
428,208,63,3,21832,21895,21687
429,209,41,2,21895,21936,21727
430,210,98,1,21936,22034,21824
431,210,41,2,22034,22075,21865
432,211,0,1,22075,22075,21864
433,211,84,2,22075,22159,21948
434,211,44,1,22159,22203,21992
435,212,63,3,22203,22266,22054
436,212,30,2,22266,22296,22084
437,213,56,1,22296,22352,22139
438,214,11,2,22352,22363,22149
439,215,69,2,22363,22432,22217
440,216,70,1,22432,22502,22286
441,216,29,3,22502,22531,22315
442,217,62,3,22531,22593,22376
443,217,31,2,22593,22624,22407
444,218,90,3,22624,22714,22496
445,218,50,3,22714,22764,22546
446,219,31,1,22764,22795,22576
447,219,80,1,22795,22875,22656
448,220,44,3,22875,22919,22699
449,221,25,1,22919,22944,22723
450,221,50,2,22944,22994,22773
451,222,21,3,22994,23015,22793
452,223,48,1,23015,23063,22840
453,223,26,2,23063,23089,22866
454,223,55,3,23089,23144,22921
455,224,15,3,23144,23159,22935
456,224,46,2,23159,23205,22981
457,225,13,2,23205,23218,22993
458,226,3,3,23218,23221,22995
459,227,65,1,23221,23286,23059
460,227,70,1,23286,23356,23129
461,227,66,2,23356,23422,23195
462,227,75,1,23422,23497,23270
463,227,54,2,23497,23551,23324
464,227,47,3,23551,23598,23371
465,227,43,1,23598,23641,23414
466,228,25,2,23641,23666,23438
467,229,23,2,23666,23689,23460
468,229,34,1,23689,23723,23494
469,229,62,1,23723,23785,23556
470,229,87,2,23785,23872,23643
471,229,22,1,23872,23894,23665
472,230,7,1,23894,23901,23671
473,230,23,1,23901,23924,23694
474,231,93,1,23924,24017,23786
475,231,22,1,24017,24039,23808
476,231,53,2,24039,24092,23861
477,231,38,3,24092,24130,23899
478,231,77,2,24130,24207,23976
479,231,87,2,24207,24294,24063
480,231,91,3,24294,24385,24154
481,232,2,1,24385,24387,24155
482,232,52,1,24387,24439,24207
483,233,9,2,24439,24448,24215
484,233,5,1,24448,24453,24220
485,233,15,3,24453,24468,24235
486,234,22,2,24468,24490,24256
487,235,71,2,24490,24561,24326
488,236,11,1,24561,24572,24336
489,236,15,2,24572,24587,24351
490,236,18,2,24587,24605,24369
491,237,71,1,24605,24676,24439
492,237,29,3,24676,24705,24468
493,238,96,3,24705,24801,24563
494,239,83,1,24801,24884,24645
495,240,8,1,24884,24892,24652
496,240,17,1,24892,24909,24669
497,241,52,1,24909,24961,24720
498,242,6,3,24961,24967,24725
499,242,28,3,24967,24995,24753
500,242,71,3,24995,25066,24824
501,242,0,1,25066,25066,24824
502,243,28,1,25066,25094,24851
503,243,38,1,25094,25132,24889
504,243,11,1,25132,25143,24900
505,244,9,1,25143,25152,24908
506,245,46,2,25152,25198,24953
507,245,48,3,25198,25246,25001
508,246,32,1,25246,25278,25032
509,247,100,2,25278,25378,25131
510,247,54,2,25378,25432,25185
511,247,40,1,25432,25472,25225
512,247,91,3,25472,25563,25316
513,247,7,3,25563,25570,25323
514,247,94,1,25570,25664,25417
515,248,67,2,25664,25731,25483
516,248,90,1,25731,25821,25573
517,248,24,2,25821,25845,25597
518,248,67,3,25845,25912,25664
519,249,25,3,25912,25937,25688
520,249,27,2,25937,25964,25715
521,249,18,2,25964,25982,25733
522,250,18,2,25982,26000,25750
523,251,100,1,26000,26100,25849
524,252,59,1,26100,26159,25907
525,252,28,2,26159,26187,25935
526,252,21,1,26187,26208,25956
527,253,96,1,26208,26304,26051
528,254,70,2,26304,26374,26120
529,254,43,3,26374,26417,26163
530,254,73,3,26417,26490,26236
531,254,86,2,26490,26576,26322
532,255,37,3,26576,26613,26358
533,255,38,3,26613,26651,26396
534,255,49,2,26651,26700,26445
535,256,29,1,26700,26729,26473
536,256,70,1,26729,26799,26543
537,256,4,1,26799,26803,26547
538,256,67,1,26803,26870,26614
539,257,62,2,26870,26932,26675
540,258,39,2,26932,26971,26713
541,259,14,2,26971,26985,26726
542,260,72,2,26985,27057,26797
543,261,92,1,27057,27149,26888
544,262,96,1,27149,27245,26983
545,263,100,1,27245,27345,27082
546,263,24,3,27345,27369,27106
547,264,46,3,27369,27415,27151
548,265,22,1,27415,27437,27172
549,265,20,2,27437,27457,27192
550,266,34,2,27457,27491,27225
551,267,76,2,27491,27567,27300
552,268,27,2,27567,27594,27326
553,269,22,3,27594,27616,27347
554,269,68,3,27616,27684,27415
555,270,88,3,27684,27772,27502
556,271,56,3,27772,27828,27557
557,271,26,3,27828,27854,27583
558,271,97,2,27854,27951,27680
559,271,95,1,27951,28046,27775
560,271,63,1,28046,28109,27838
561,271,91,1,28109,28200,27929
562,272,18,2,28200,28218,27946
563,273,27,1,28218,28245,27972
564,273,92,2,28245,28337,28064
565,274,43,3,28337,28380,28106
566,274,42,2,28380,28422,28148
567,275,10,2,28422,28432,28157
568,275,22,2,28432,28454,28179
569,276,69,1,28454,28523,28247
570,277,69,3,28523,28592,28315
571,277,22,2,28592,28614,28337
572,278,6,3,28614,28620,28342
573,279,60,3,28620,28680,28401
574,279,81,2,28680,28761,28482
575,280,23,2,28761,28784,28504
576,280,97,2,28784,28881,28601
577,281,34,2,28881,28915,28634
578,282,17,3,28915,28932,28650
579,283,40,3,28932,28972,28689
580,284,34,2,28972,29006,28722
581,284,77,3,29006,29083,28799
582,284,90,3,29083,29173,28889
583,285,6,2,29173,29179,28894
584,285,21,1,29179,29200,28915
585,285,8,2,29200,29208,28923
586,286,11,3,29208,29219,28933
587,287,77,1,29219,29296,29009
588,287,95,1,29296,29391,29104
589,287,12,3,29391,29403,29116
590,287,80,1,29403,29483,29196
591,288,15,1,29483,29498,29210
592,288,54,1,29498,29552,29264
593,288,100,1,29552,29652,29364
594,288,7,2,29652,29659,29371
595,288,18,2,29659,29677,29389
596,289,17,1,29677,29694,29405
597,290,47,3,29694,29741,29451
598,291,61,2,29741,29802,29511
599,292,31,2,29802,29833,29541
600,292,48,2,29833,29881,29589
601,293,41,2,29881,29922,29629
602,294,76,1,29922,29998,29704
603,295,8,3,29998,30006,29711
604,295,75,3,30006,30081,29786
605,295,34,3,30081,30115,29820
606,295,73,1,30115,30188,29893
607,296,4,3,30188,30192,29896
608,297,43,2,30192,30235,29938
609,297,79,3,30235,30314,30017
610,297,84,2,30314,30398,30101
611,297,80,2,30398,30478,30181
612,297,25,1,30478,30503,30206
613,297,7,2,30503,30510,30213
614,297,19,1,30510,30529,30232
615,297,54,1,30529,30583,30286
616,297,12,2,30583,30595,30298
617,297,45,2,30595,30640,30343
618,297,63,2,30640,30703,30406
619,298,84,1,30703,30787,30489
620,298,96,2,30787,30883,30585
621,299,90,3,30883,30973,30674
622,300,8,1,30973,30981,30681
623,301,51,2,30981,31032,30731
624,301,64,1,31032,31096,30795
625,301,80,3,31096,31176,30875
626,302,47,1,31176,31223,30921
627,303,41,3,31223,31264,30961
628,303,50,2,31264,31314,31011
629,304,49,1,31314,31363,31059
630,304,94,2,31363,31457,31153
631,304,46,2,31457,31503,31199
632,304,88,1,31503,31591,31287
633,305,47,2,31591,31638,31333
634,306,81,2,31638,31719,31413
635,307,94,1,31719,31813,31506
636,307,87,2,31813,31900,31593
637,308,52,3,31900,31952,31644
638,308,19,3,31952,31971,31663
639,309,58,1,31971,32029,31720
640,309,34,2,32029,32063,31754
641,310,31,2,32063,32094,31784
642,310,49,1,32094,32143,31833
643,311,19,2,32143,32162,31851
644,312,46,3,32162,32208,31896
645,312,44,2,32208,32252,31940
646,313,8,1,32252,32260,31947
647,314,44,3,32260,32304,31990
648,315,72,2,32304,32376,32061
649,316,42,1,32376,32418,32102
650,317,98,3,32418,32516,32199
651,317,85,1,32516,32601,32284
652,317,99,1,32601,32700,32383
653,317,66,3,32700,32766,32449
654,317,67,2,32766,32833,32516
655,317,27,3,32833,32860,32543
656,317,100,2,32860,32960,32643
657,318,16,1,32960,32976,32658
658,318,28,3,32976,33004,32686
659,319,35,2,33004,33039,32720
660,320,75,1,33039,33114,32794
661,321,14,3,33114,33128,32807
662,322,46,3,33128,33174,32852
663,322,77,3,33174,33251,32929
664,322,15,2,33251,33266,32944
665,322,33,3,33266,33299,32977
666,323,70,2,33299,33369,33046
667,323,62,1,33369,33431,33108
668,323,80,1,33431,33511,33188
669,323,8,3,33511,33519,33196
670,324,98,1,33519,33617,33293
671,325,64,3,33617,33681,33356
672,326,47,1,33681,33728,33402
673,327,51,3,33728,33779,33452
674,328,74,3,33779,33853,33525
675,329,52,1,33853,33905,33576
676,329,84,3,33905,33989,33660
677,329,46,1,33989,34035,33706
678,330,16,2,34035,34051,33721
679,331,15,2,34051,34066,33735
680,332,13,1,34066,34079,33747
681,333,23,1,34079,34102,33769
682,334,19,1,34102,34121,33787
683,335,80,3,34121,34201,33866
684,335,69,3,34201,34270,33935
685,335,16,3,34270,34286,33951
686,336,70,1,34286,34356,34020
687,337,95,1,34356,34451,34114
688,337,41,3,34451,34492,34155
689,338,44,3,34492,34536,34198
690,338,14,1,34536,34550,34212
691,339,66,1,34550,34616,34277
692,340,25,3,34616,34641,34301
693,341,55,2,34641,34696,34355
694,341,64,1,34696,34760,34419
695,342,55,1,34760,34815,34473
696,342,58,2,34815,34873,34531
697,343,59,2,34873,34932,34589
698,343,36,1,34932,34968,34625
699,343,27,3,34968,34995,34652
700,343,22,3,34995,35017,34674
701,343,86,3,35017,35103,34760
702,343,21,2,35103,35124,34781
703,343,24,3,35124,35148,34805
704,343,64,2,35148,35212,34869
705,343,62,3,35212,35274,34931
706,344,2,3,35274,35276,34932
707,345,68,2,35276,35344,34999
708,346,41,1,35344,35385,35039
709,347,34,2,35385,35419,35072
710,347,18,1,35419,35437,35090
711,347,24,1,35437,35461,35114
712,347,91,1,35461,35552,35205
713,347,59,3,35552,35611,35264
714,348,83,3,35611,35694,35346
715,349,28,2,35694,35722,35373
716,349,100,3,35722,35822,35473
717,350,73,1,35822,35895,35545
718,350,88,3,35895,35983,35633
719,351,46,2,35983,36029,35678
720,351,48,3,36029,36077,35726
721,351,24,3,36077,36101,35750
722,351,33,2,36101,36134,35783
723,351,68,2,36134,36202,35851
724,351,40,1,36202,36242,35891
725,352,56,2,36242,36298,35946
726,352,39,1,36298,36337,35985
727,352,2,1,36337,36339,35987
728,352,87,3,36339,36426,36074
729,352,88,2,36426,36514,36162
730,352,73,3,36514,36587,36235
731,353,94,1,36587,36681,36328
732,353,20,3,36681,36701,36348
733,353,94,2,36701,36795,36442
734,354,0,2,36795,36795,36441
735,354,31,1,36795,36826,36472
736,355,81,2,36826,36907,36552
737,356,15,2,36907,36922,36566
738,357,16,3,36922,36938,36581
739,357,60,1,36938,36998,36641
740,358,69,1,36998,37067,36709
741,359,15,1,37067,37082,36723
742,360,24,2,37082,37106,36746
743,361,13,1,37106,37119,36758
744,361,38,1,37119,37157,36796
745,362,58,1,37157,37215,36853
746,362,74,1,37215,37289,36927
747,362,28,3,37289,37317,36955
748,362,51,1,37317,37368,37006
749,362,36,1,37368,37404,37042
750,362,92,3,37404,37496,37134
751,363,50,2,37496,37546,37183
752,364,86,2,37546,37632,37268
753,364,97,2,37632,37729,37365
754,364,97,2,37729,37826,37462
755,365,16,3,37826,37842,37477
756,366,38,3,37842,37880,37514
757,367,24,1,37880,37904,37537
758,368,31,2,37904,37935,37567
759,368,12,2,37935,37947,37579
760,369,17,1,37947,37964,37595
761,369,74,2,37964,38038,37669
762,370,52,2,38038,38090,37720
763,371,78,1,38090,38168,37797
764,371,42,1,38168,38210,37839
765,372,7,2,38210,38217,37845
766,372,55,2,38217,38272,37900
767,373,7,3,38272,38279,37906
768,373,98,2,38279,38377,38004
769,373,12,3,38377,38389,38016
770,374,52,2,38389,38441,38067
771,374,22,2,38441,38463,38089
772,374,49,1,38463,38512,38138
773,374,52,1,38512,38564,38190
774,375,70,1,38564,38634,38259
775,375,17,2,38634,38651,38276
776,376,91,1,38651,38742,38366
777,376,4,1,38742,38746,38370
778,376,3,1,38746,38749,38373
779,377,94,1,38749,38843,38466
780,378,33,1,38843,38876,38498
781,378,47,3,38876,38923,38545
782,379,16,2,38923,38939,38560
783,379,89,3,38939,39028,38649
784,380,35,1,39028,39063,38683
785,381,38,2,39063,39101,38720
786,381,43,1,39101,39144,38763
787,381,44,3,39144,39188,38807
788,381,86,1,39188,39274,38893
789,381,84,1,39274,39358,38977
790,382,65,1,39358,39423,39041
791,382,49,3,39423,39472,39090
792,382,42,3,39472,39514,39132
793,383,74,3,39514,39588,39205
794,384,1,3,39588,39589,39205
795,384,88,2,39589,39677,39293
796,385,36,3,39677,39713,39328
797,385,8,2,39713,39721,39336
798,385,31,2,39721,39752,39367
799,385,94,1,39752,39846,39461
800,386,70,2,39846,39916,39530
801,386,6,1,39916,39922,39536
802,386,20,2,39922,39942,39556
803,386,12,1,39942,39954,39568
804,386,57,2,39954,40011,39625
805,386,78,1,40011,40089,39703
806,387,0,1,40089,40089,39702
807,387,29,1,40089,40118,39731
808,387,21,3,40118,40139,39752
809,388,88,2,40139,40227,39839
810,388,21,1,40227,40248,39860
811,388,57,2,40248,40305,39917
812,388,51,1,40305,40356,39968
813,388,92,2,40356,40448,40060
814,388,79,2,40448,40527,40139
815,389,32,3,40527,40559,40170
816,389,32,2,40559,40591,40202
817,390,0,3,40591,40591,40201
818,390,51,1,40591,40642,40252
819,391,7,3,40642,40649,40258
820,392,99,1,40649,40748,40356
821,393,28,3,40748,40776,40383
822,394,7,1,40776,40783,40389
823,394,51,3,40783,40834,40440
824,395,44,2,40834,40878,40483
825,395,21,3,40878,40899,40504
826,396,98,2,40899,40997,40601
827,396,59,3,40997,41056,40660
828,397,0,1,41056,41056,40659
829,397,6,3,41056,41062,40665
830,397,15,2,41062,41077,40680
831,398,90,1,41077,41167,40769
832,398,80,2,41167,41247,40849
833,399,82,2,41247,41329,40930
834,399,37,2,41329,41366,40967
835,400,18,2,41366,41384,40984
836,401,98,2,41384,41482,41081
837,402,19,2,41482,41501,41099
838,403,83,2,41501,41584,41181
839,404,48,3,41584,41632,41228
840,405,27,3,41632,41659,41254
841,405,5,2,41659,41664,41259
842,406,95,2,41664,41759,41353
843,407,89,3,41759,41848,41441
844,407,36,2,41848,41884,41477
845,407,60,1,41884,41944,41537
846,407,82,3,41944,42026,41619
847,408,17,1,42026,42043,41635
848,409,44,2,42043,42087,41678
849,409,55,3,42087,42142,41733
850,410,57,2,42142,42199,41789
851,410,41,1,42199,42240,41830
852,411,93,2,42240,42333,41922
853,412,78,1,42333,42411,41999
854,413,13,3,42411,42424,42011
855,413,15,2,42424,42439,42026
856,414,87,3,42439,42526,42112
857,414,23,2,42526,42549,42135
858,414,63,2,42549,42612,42198
859,415,50,3,42612,42662,42247
860,415,2,3,42662,42664,42249
861,415,96,3,42664,42760,42345
862,416,62,1,42760,42822,42406
863,416,50,1,42822,42872,42456
864,417,92,3,42872,42964,42547
865,418,61,1,42964,43025,42607
866,419,10,1,43025,43035,42616
867,420,92,3,43035,43127,42707
868,421,80,1,43127,43207,42786
869,422,74,3,43207,43281,42859
870,423,44,3,43281,43325,42902
871,424,83,2,43325,43408,42984
872,424,47,1,43408,43455,43031
873,424,70,3,43455,43525,43101
874,424,92,1,43525,43617,43193
875,424,88,2,43617,43705,43281
876,425,69,2,43705,43774,43349
877,425,69,2,43774,43843,43418
878,425,10,2,43843,43853,43428
879,426,22,3,43853,43875,43449
880,427,39,1,43875,43914,43487
881,427,48,3,43914,43962,43535
882,427,31,1,43962,43993,43566
883,428,45,2,43993,44038,43610
884,428,92,1,44038,44130,43702
885,429,18,1,44130,44148,43719
886,430,23,1,44148,44171,43741
887,431,78,2,44171,44249,43818
888,431,46,3,44249,44295,43864
889,431,89,1,44295,44384,43953
890,431,22,2,44384,44406,43975
891,431,60,3,44406,44466,44035
892,432,0,2,44466,44466,44034
893,432,9,1,44466,44475,44043
894,432,58,3,44475,44533,44101
895,433,56,1,44533,44589,44156
896,433,93,3,44589,44682,44249
897,434,45,2,44682,44727,44293
898,434,88,1,44727,44815,44381
899,434,99,3,44815,44914,44480
900,434,91,2,44914,45005,44571
901,434,28,3,45005,45033,44599
902,435,66,2,45033,45099,44664
903,435,97,2,45099,45196,44761
904,435,63,3,45196,45259,44824
905,435,29,3,45259,45288,44853
906,435,53,2,45288,45341,44906
907,436,54,1,45341,45395,44959
908,437,25,2,45395,45420,44983
909,437,87,1,45420,45507,45070
910,437,34,2,45507,45541,45104
911,437,44,3,45541,45585,45148
912,438,83,2,45585,45668,45230
913,438,5,3,45668,45673,45235
914,439,3,3,45673,45676,45237
915,439,57,2,45676,45733,45294
916,440,17,3,45733,45750,45310
917,441,39,2,45750,45789,45348
918,442,13,3,45789,45802,45360
919,443,57,1,45802,45859,45416
920,444,47,3,45859,45906,45462
921,444,5,2,45906,45911,45467
922,444,35,1,45911,45946,45502
923,445,32,1,45946,45978,45533
924,446,82,1,45978,46060,45614
925,446,62,1,46060,46122,45676
926,447,95,2,46122,46217,45770
927,448,32,2,46217,46249,45801
928,448,35,3,46249,46284,45836
929,449,12,2,46284,46296,45847
930,449,58,2,46296,46354,45905
931,450,77,1,46354,46431,45981
932,451,50,1,46431,46481,46030
933,451,85,3,46481,46566,46115
934,451,43,1,46566,46609,46158
935,452,92,1,46609,46701,46249
936,453,70,2,46701,46771,46318
937,454,78,3,46771,46849,46395
938,454,9,3,46849,46858,46404
939,454,21,2,46858,46879,46425
940,455,94,2,46879,46973,46518
941,456,57,2,46973,47030,46574
942,456,49,1,47030,47079,46623
943,456,51,2,47079,47130,46674
944,457,39,2,47130,47169,46712
945,457,59,3,47169,47228,46771
946,458,32,3,47228,47260,46802
947,459,26,3,47260,47286,46827
948,460,33,1,47286,47319,46859
949,461,77,1,47319,47396,46935
950,461,60,2,47396,47456,46995
951,461,84,1,47456,47540,47079
952,461,83,2,47540,47623,47162
953,461,59,3,47623,47682,47221
954,462,49,2,47682,47731,47269
955,462,46,2,47731,47777,47315
956,463,80,3,47777,47857,47394
957,463,4,3,47857,47861,47398
958,463,10,1,47861,47871,47408
959,463,69,2,47871,47940,47477
960,464,74,3,47940,48014,47550
961,465,20,1,48014,48034,47569
962,465,96,2,48034,48130,47665
963,465,50,3,48130,48180,47715
964,465,16,1,48180,48196,47731
965,465,83,1,48196,48279,47814
966,466,55,1,48279,48334,47868
967,466,27,1,48334,48361,47895
968,466,7,2,48361,48368,47902
969,466,21,1,48368,48389,47923
970,466,57,1,48389,48446,47980
971,467,42,2,48446,48488,48021
972,468,61,3,48488,48549,48081
973,469,76,3,48549,48625,48156
974,469,9,3,48625,48634,48165
975,469,63,1,48634,48697,48228
976,469,99,1,48697,48796,48327
977,470,30,3,48796,48826,48356
978,470,22,2,48826,48848,48378
979,470,15,3,48848,48863,48393
980,471,78,3,48863,48941,48470
981,471,47,2,48941,48988,48517
982,471,42,3,48988,49030,48559
983,471,56,2,49030,49086,48615
984,472,13,3,49086,49099,48627
985,473,7,2,49099,49106,48633
986,474,10,2,49106,49116,48642
987,474,90,3,49116,49206,48732
988,475,77,2,49206,49283,48808
989,476,71,1,49283,49354,48878
990,477,60,1,49354,49414,48937
991,477,53,2,49414,49467,48990
992,477,6,2,49467,49473,48996
993,477,55,1,49473,49528,49051
994,478,4,3,49528,49532,49054
995,479,92,1,49532,49624,49145
996,479,90,1,49624,49714,49235
997,479,50,3,49714,49764,49285
998,480,62,3,49764,49826,49346
999,481,39,3,49826,49865,49384
1000,482,54,1,49865,49919,49437
1001,483,42,3,49919,49961,49478
1002,483,79,3,49961,50040,49557
1003,483,40,1,50040,50080,49597
1004,484,1,2,50080,50081,49597
1005,485,65,3,50081,50146,49661
1006,486,58,2,50146,50204,49718
1007,487,99,1,50204,50303,49816
1008,488,66,3,50303,50369,49881
1009,489,27,1,50369,50396,49907
1010,490,98,3,50396,50494,50004
1011,490,25,1,50494,50519,50029
1012,491,41,1,50519,50560,50069
1013,491,35,3,50560,50595,50104
1014,492,44,3,50595,50639,50147
1015,492,90,2,50639,50729,50237
1016,492,32,3,50729,50761,50269
1017,493,46,2,50761,50807,50314
1018,494,16,3,50807,50823,50329
1019,495,64,1,50823,50887,50392
1020,495,84,2,50887,50971,50476
1021,496,83,3,50971,51054,50558
1022,497,16,2,51054,51070,50573
1023,497,69,2,51070,51139,50642
1024,498,86,2,51139,51225,50727
1025,498,10,1,51225,51235,50737
1026,498,32,3,51235,51267,50769
1027,498,53,1,51267,51320,50822
1028,499,51,1,51320,51371,50872
1029,499,89,3,51371,51460,50961
1030,499,22,3,51460,51482,50983
1031,500,29,1,51482,51511,51011
1032,501,64,1,51511,51575,51074
1033,501,54,2,51575,51629,51128
1034,501,23,3,51629,51652,51151
1035,501,76,3,51652,51728,51227
1036,501,53,1,51728,51781,51280
1037,501,14,3,51781,51795,51294
1038,502,43,3,51795,51838,51336
1039,502,69,3,51838,51907,51405
1040,503,87,3,51907,51994,51491
1041,504,26,2,51994,52020,51516
1042,505,64,2,52020,52084,51579
1043,506,43,1,52084,52127,51621
1044,506,91,2,52127,52218,51712
1045,507,83,3,52218,52301,51794
1046,507,48,3,52301,52349,51842
1047,508,88,3,52349,52437,51929
1048,508,32,3,52437,52469,51961
1049,508,64,3,52469,52533,52025
1050,508,52,2,52533,52585,52077
1051,509,26,1,52585,52611,52102
1052,509,41,3,52611,52652,52143
1053,510,38,1,52652,52690,52180
1054,510,40,1,52690,52730,52220
1055,510,59,2,52730,52789,52279
1056,510,52,3,52789,52841,52331
1057,511,41,1,52841,52882,52371
1058,511,3,3,52882,52885,52374
1059,511,100,1,52885,52985,52474
1060,511,74,3,52985,53059,52548
1061,512,96,3,53059,53155,52643
1062,512,43,1,53155,53198,52686
1063,513,35,3,53198,53233,52720
1064,513,77,3,53233,53310,52797
1065,513,56,2,53310,53366,52853
1066,514,52,1,53366,53418,52904
1067,515,48,2,53418,53466,52951
1068,516,57,1,53466,53523,53007
1069,517,9,3,53523,53532,53015
1070,517,36,1,53532,53568,53051
1071,517,28,1,53568,53596,53079
1072,518,22,2,53596,53618,53100
1073,519,67,2,53618,53685,53166
1074,519,8,2,53685,53693,53174
1075,519,43,3,53693,53736,53217
1076,520,99,3,53736,53835,53315
1077,521,22,3,53835,53857,53336
1078,521,97,3,53857,53954,53433
1079,521,3,2,53954,53957,53436
1080,521,27,1,53957,53984,53463
1081,521,43,2,53984,54027,53506
1082,522,24,1,54027,54051,53529
1083,523,67,3,54051,54118,53595
1084,524,16,1,54118,54134,53610
1085,525,35,1,54134,54169,53644
1086,525,14,3,54169,54183,53658
1087,526,15,1,54183,54198,53672
1088,526,3,3,54198,54201,53675
1089,526,94,1,54201,54295,53769
1090,527,64,3,54295,54359,53832
1091,527,50,2,54359,54409,53882
1092,527,39,2,54409,54448,53921
1093,528,15,3,54448,54463,53935
1094,529,39,3,54463,54502,53973
1095,530,35,3,54502,54537,54007
1096,530,93,1,54537,54630,54100
1097,530,92,3,54630,54722,54192
1098,531,15,2,54722,54737,54206
1099,531,32,1,54737,54769,54238
1100,531,45,1,54769,54814,54283
1101,532,95,1,54814,54909,54377
1102,532,82,2,54909,54991,54459
1103,532,87,1,54991,55078,54546
1104,533,47,1,55078,55125,54592
1105,533,60,1,55125,55185,54652
1106,533,21,1,55185,55206,54673
1107,533,51,3,55206,55257,54724
1108,533,1,1,55257,55258,54725
1109,534,57,1,55258,55315,54781
1110,535,26,3,55315,55341,54806
1111,535,37,2,55341,55378,54843
1112,536,6,3,55378,55384,54848
1113,537,24,3,55384,55408,54871
1114,537,10,3,55408,55418,54881
1115,538,20,3,55418,55438,54900
1116,538,42,3,55438,55480,54942
1117,538,51,3,55480,55531,54993
1118,539,2,1,55531,55533,54994
1119,540,36,3,55533,55569,55029
1120,541,38,1,55569,55607,55066
1121,542,62,3,55607,55669,55127
1122,543,6,2,55669,55675,55132
1123,543,65,3,55675,55740,55197
1124,544,87,1,55740,55827,55283
1125,544,0,3,55827,55827,55283
1126,544,59,2,55827,55886,55342
1127,545,19,1,55886,55905,55360
1128,546,43,1,55905,55948,55402
1129,546,34,2,55948,55982,55436
1130,546,68,3,55982,56050,55504
1131,547,3,3,56050,56053,55506
1132,547,55,2,56053,56108,55561
1133,548,18,2,56108,56126,55578
1134,548,78,2,56126,56204,55656
1135,548,54,2,56204,56258,55710
1136,548,12,3,56258,56270,55722
1137,548,11,2,56270,56281,55733
1138,549,9,3,56281,56290,55741
1139,549,100,3,56290,56390,55841
1140,550,58,1,56390,56448,55898
1141,550,87,3,56448,56535,55985
1142,551,26,2,56535,56561,56010
1143,552,50,3,56561,56611,56059
1144,552,91,1,56611,56702,56150
1145,553,42,1,56702,56744,56191
1146,553,90,3,56744,56834,56281
1147,553,40,1,56834,56874,56321
1148,553,35,1,56874,56909,56356
1149,553,73,1,56909,56982,56429
1150,554,52,1,56982,57034,56480
1151,555,82,2,57034,57116,56561
1152,556,39,1,57116,57155,56599
1153,556,49,3,57155,57204,56648
1154,556,95,1,57204,57299,56743
1155,557,53,1,57299,57352,56795
1156,557,46,1,57352,57398,56841
1157,558,45,1,57398,57443,56885
1158,559,25,2,57443,57468,56909
1159,560,36,3,57468,57504,56944
1160,560,80,1,57504,57584,57024
1161,560,64,2,57584,57648,57088
1162,561,76,1,57648,57724,57163
1163,561,64,2,57724,57788,57227
1164,562,35,1,57788,57823,57261
1165,562,100,2,57823,57923,57361
1166,563,32,1,57923,57955,57392
1167,563,97,3,57955,58052,57489
1168,563,20,3,58052,58072,57509
1169,564,30,2,58072,58102,57538
1170,565,54,2,58102,58156,57591
1171,565,21,3,58156,58177,57612
1172,565,25,2,58177,58202,57637
1173,566,84,3,58202,58286,57720
1174,567,2,3,58286,58288,57721
1175,567,8,2,58288,58296,57729
1176,568,94,2,58296,58390,57822
1177,569,53,3,58390,58443,57874
1178,569,92,3,58443,58535,57966
1179,569,99,3,58535,58634,58065
1180,569,99,1,58634,58733,58164
1181,570,52,3,58733,58785,58215
1182,571,59,1,58785,58844,58273
1183,572,30,1,58844,58874,58302
1184,573,56,2,58874,58930,58357
1185,573,20,2,58930,58950,58377
1186,574,50,1,58950,59000,58426
1187,575,34,3,59000,59034,58459
1188,575,79,3,59034,59113,58538
1189,576,62,1,59113,59175,58599
1190,577,33,3,59175,59208,58631
1191,578,96,3,59208,59304,58726
1192,578,59,1,59304,59363,58785
1193,579,96,1,59363,59459,58880
1194,579,20,2,59459,59479,58900
1195,580,10,1,59479,59489,58909
1196,580,27,2,59489,59516,58936
1197,580,2,1,59516,59518,58938
1198,580,50,1,59518,59568,58988
1199,580,2,2,59568,59570,58990
1200,581,76,2,59570,59646,59065
1201,582,35,2,59646,59681,59099
1202,582,18,1,59681,59699,59117
1203,583,29,2,59699,59728,59145
1204,583,27,2,59728,59755,59172
1205,584,66,1,59755,59821,59237
1206,584,15,2,59821,59836,59252
1207,584,53,1,59836,59889,59305
1208,584,80,3,59889,59969,59385
1209,585,49,2,59969,60018,59433
1210,586,63,2,60018,60081,59495
1211,586,14,2,60081,60095,59509
1212,587,34,1,60095,60129,59542
1213,588,54,1,60129,60183,59595
1214,588,58,1,60183,60241,59653
1215,588,34,3,60241,60275,59687
1216,589,91,1,60275,60366,59777
1217,589,80,3,60366,60446,59857
1218,590,87,2,60446,60533,59943
1219,591,35,3,60533,60568,59977
1220,591,78,1,60568,60646,60055
1221,591,95,1,60646,60741,60150
1222,592,8,1,60741,60749,60157
1223,592,28,3,60749,60777,60185
1224,592,27,2,60777,60804,60212
1225,592,39,1,60804,60843,60251
1226,593,42,1,60843,60885,60292
1227,594,23,2,60885,60908,60314
1228,594,82,2,60908,60990,60396
1229,594,88,1,60990,61078,60484
1230,594,47,2,61078,61125,60531
1231,595,71,1,61125,61196,60601
1232,595,92,3,61196,61288,60693
1233,595,7,3,61288,61295,60700
1234,595,99,3,61295,61394,60799
1235,596,58,1,61394,61452,60856
1236,596,29,1,61452,61481,60885
1237,597,43,1,61481,61524,60927
1238,598,12,2,61524,61536,60938
1239,599,22,1,61536,61558,60959
1240,600,5,3,61558,61563,60963
1241,601,33,2,61563,61596,60995
1242,602,75,2,61596,61671,61069
1243,602,80,2,61671,61751,61149
1244,603,62,2,61751,61813,61210
1245,603,0,2,61813,61813,61210
1246,603,95,3,61813,61908,61305
1247,604,82,3,61908,61990,61386
1248,604,60,3,61990,62050,61446
1249,605,71,3,62050,62121,61516
1250,606,47,3,62121,62168,61562
1251,606,92,2,62168,62260,61654
1252,607,88,3,62260,62348,61741
1253,608,39,2,62348,62387,61779
1254,609,74,3,62387,62461,61852
1255,610,34,1,62461,62495,61885
1256,611,43,3,62495,62538,61927
1257,611,93,3,62538,62631,62020
1258,612,12,2,62631,62643,62031
1259,613,51,2,62643,62694,62081
1260,614,28,3,62694,62722,62108
1261,615,98,1,62722,62820,62205
1262,615,31,3,62820,62851,62236
1263,615,39,3,62851,62890,62275
1264,616,8,2,62890,62898,62282
1265,617,5,1,62898,62903,62286
1266,618,1,3,62903,62904,62286
1267,618,63,3,62904,62967,62349
1268,619,46,3,62967,63013,62394
1269,619,8,2,63013,63021,62402
1270,620,46,2,63021,63067,62447
1271,620,51,2,63067,63118,62498
1272,620,77,2,63118,63195,62575
1273,621,8,3,63195,63203,62582
1274,622,83,2,63203,63286,62664
1275,622,55,1,63286,63341,62719
1276,622,81,3,63341,63422,62800
1277,623,63,3,63422,63485,62862
1278,623,24,2,63485,63509,62886
1279,623,48,3,63509,63557,62934
1280,624,23,2,63557,63580,62956
1281,625,83,3,63580,63663,63038
1282,626,55,2,63663,63718,63092
1283,627,84,2,63718,63802,63175
1284,627,58,1,63802,63860,63233
1285,627,3,2,63860,63863,63236
1286,627,72,3,63863,63935,63308
1287,628,100,1,63935,64035,63407
1288,628,31,1,64035,64066,63438
1289,629,72,2,64066,64138,63509
1290,629,81,2,64138,64219,63590
1291,629,44,3,64219,64263,63634
1292,629,18,2,64263,64281,63652
1293,629,61,2,64281,64342,63713
1294,630,73,3,64342,64415,63785
1295,630,80,3,64415,64495,63865
1296,630,63,2,64495,64558,63928
1297,631,38,3,64558,64596,63965
1298,632,61,2,64596,64657,64025
1299,632,22,3,64657,64679,64047
1300,633,28,1,64679,64707,64074
1301,634,55,1,64707,64762,64128
1302,634,39,1,64762,64801,64167
1303,634,7,1,64801,64808,64174
1304,634,67,2,64808,64875,64241
1305,634,87,2,64875,64962,64328
1306,635,87,1,64962,65049,64414
1307,635,48,1,65049,65097,64462
1308,636,3,3,65097,65100,64464
1309,636,23,1,65100,65123,64487
1310,636,87,3,65123,65210,64574
1311,636,29,1,65210,65239,64603
1312,637,11,2,65239,65250,64613
1313,638,38,1,65250,65288,64650
1314,638,66,3,65288,65354,64716
1315,639,67,3,65354,65421,64782
1316,640,39,2,65421,65460,64820
1317,641,2,1,65460,65462,64821
1318,642,33,2,65462,65495,64853
1319,642,6,1,65495,65501,64859
1320,642,5,2,65501,65506,64864
1321,642,78,3,65506,65584,64942
1322,643,48,3,65584,65632,64989
1323,644,96,1,65632,65728,65084
1324,645,78,3,65728,65806,65161
1325,645,81,1,65806,65887,65242
1326,645,93,1,65887,65980,65335
1327,646,16,3,65980,65996,65350
1328,646,8,2,65996,66004,65358
1329,646,78,3,66004,66082,65436
1330,647,44,2,66082,66126,65479
1331,647,91,3,66126,66217,65570
1332,648,13,2,66217,66230,65582
1333,649,27,1,66230,66257,65608
1334,650,50,1,66257,66307,65657
1335,651,58,2,66307,66365,65714
1336,652,34,2,66365,66399,65747
1337,652,94,1,66399,66493,65841
1338,653,66,1,66493,66559,65906
1339,653,0,1,66559,66559,65906
1340,653,61,3,66559,66620,65967
1341,653,78,1,66620,66698,66045
1342,653,81,1,66698,66779,66126
1343,653,1,3,66779,66780,66127
1344,654,99,3,66780,66879,66225
1345,654,99,3,66879,66978,66324
1346,655,89,1,66978,67067,66412
1347,656,44,1,67067,67111,66455
1348,657,5,2,67111,67116,66459
1349,657,98,1,67116,67214,66557
1350,658,58,1,67214,67272,66614
1351,659,70,1,67272,67342,66683
1352,659,96,1,67342,67438,66779
1353,659,80,3,67438,67518,66859
1354,660,54,3,67518,67572,66912
1355,660,46,2,67572,67618,66958
1356,661,27,2,67618,67645,66984
1357,661,95,1,67645,67740,67079
1358,661,89,1,67740,67829,67168
1359,661,46,2,67829,67875,67214
1360,661,97,3,67875,67972,67311
1361,662,28,2,67972,68000,67338
1362,662,14,2,68000,68014,67352
1363,663,65,1,68014,68079,67416
1364,664,5,2,68079,68084,67420
1365,665,8,2,68084,68092,67427
1366,666,43,3,68092,68135,67469
1367,666,79,1,68135,68214,67548
1368,667,0,2,68214,68214,67547
1369,668,74,2,68214,68288,67620
1370,669,34,3,68288,68322,67653
1371,670,7,3,68322,68329,67659
1372,670,45,3,68329,68374,67704
1373,670,60,1,68374,68434,67764
1374,670,75,3,68434,68509,67839
1375,670,65,1,68509,68574,67904
1376,670,94,2,68574,68668,67998
1377,671,72,2,68668,68740,68069
1378,672,2,1,68740,68742,68070
1379,673,55,3,68742,68797,68124
1380,674,45,1,68797,68842,68168
1381,674,12,3,68842,68854,68180
1382,674,22,3,68854,68876,68202
1383,675,15,2,68876,68891,68216
1384,676,92,2,68891,68983,68307
1385,676,51,2,68983,69034,68358
1386,677,20,3,69034,69054,68377
1387,677,62,2,69054,69116,68439
1388,677,95,3,69116,69211,68534
1389,677,85,2,69211,69296,68619
1390,678,13,1,69296,69309,68631
1391,679,79,2,69309,69388,68709
1392,679,3,1,69388,69391,68712
1393,680,55,2,69391,69446,68766
1394,680,24,1,69446,69470,68790
1395,680,97,2,69470,69567,68887
1396,680,74,2,69567,69641,68961
1397,680,70,1,69641,69711,69031
1398,680,58,3,69711,69769,69089
1399,680,96,1,69769,69865,69185
1400,681,10,3,69865,69875,69194
1401,682,82,1,69875,69957,69275
1402,682,10,2,69957,69967,69285
1403,683,96,3,69967,70063,69380
1404,684,22,2,70063,70085,69401
1405,685,22,1,70085,70107,69422
1406,686,45,1,70107,70152,69466
1407,687,24,3,70152,70176,69489
1408,687,27,2,70176,70203,69516
1409,687,4,2,70203,70207,69520
1410,688,73,1,70207,70280,69592
1411,688,71,3,70280,70351,69663
1412,689,59,1,70351,70410,69721
1413,689,94,3,70410,70504,69815
1414,690,45,1,70504,70549,69859
1415,691,13,2,70549,70562,69871
1416,691,72,1,70562,70634,69943
1417,692,36,3,70634,70670,69978
1418,692,22,3,70670,70692,70000
1419,692,58,2,70692,70750,70058
1420,692,91,3,70750,70841,70149
1421,693,55,2,70841,70896,70203
1422,693,48,2,70896,70944,70251
1423,693,44,1,70944,70988,70295
1424,693,92,2,70988,71080,70387
1425,694,53,1,71080,71133,70439
1426,695,27,3,71133,71160,70465
1427,696,39,3,71160,71199,70503
1428,696,0,1,71199,71199,70503
1429,696,87,1,71199,71286,70590
1430,697,68,1,71286,71354,70657
1431,698,1,3,71354,71355,70657
1432,698,53,3,71355,71408,70710
1433,698,95,2,71408,71503,70805
1434,699,100,2,71503,71603,70904
1435,700,71,2,71603,71674,70974
1436,700,35,1,71674,71709,71009
1437,701,72,3,71709,71781,71080
1438,701,3,3,71781,71784,71083
1439,701,64,2,71784,71848,71147
1440,701,16,2,71848,71864,71163
1441,702,17,2,71864,71881,71179
1442,703,46,3,71881,71927,71224
1443,703,82,1,71927,72009,71306
1444,703,67,3,72009,72076,71373
1445,704,70,2,72076,72146,71442
1446,704,11,1,72146,72157,71453
1447,704,86,1,72157,72243,71539
1448,704,55,1,72243,72298,71594
1449,705,31,3,72298,72329,71624
1450,705,20,1,72329,72349,71644
1451,705,95,3,72349,72444,71739
1452,705,57,3,72444,72501,71796
1453,705,3,3,72501,72504,71799
1454,705,65,1,72504,72569,71864
1455,706,2,3,72569,72571,71865
1456,706,59,2,72571,72630,71924
1457,707,25,1,72630,72655,71948
1458,708,64,1,72655,72719,72011
1459,709,43,1,72719,72762,72053
1460,709,49,3,72762,72811,72102
1461,709,49,3,72811,72860,72151
1462,709,10,1,72860,72870,72161
1463,710,88,2,72870,72958,72248
1464,710,62,1,72958,73020,72310
1465,710,9,1,73020,73029,72319
1466,711,3,1,73029,73032,72321
1467,712,55,1,73032,73087,72375
1468,712,50,3,73087,73137,72425
1469,713,27,1,73137,73164,72451
1470,714,10,3,73164,73174,72460
1471,714,17,3,73174,73191,72477
1472,715,95,3,73191,73286,72571
1473,716,52,2,73286,73338,72622
1474,716,22,2,73338,73360,72644
1475,717,26,3,73360,73386,72669
1476,717,44,3,73386,73430,72713
1477,717,45,2,73430,73475,72758
1478,718,82,3,73475,73557,72839
1479,719,39,3,73557,73596,72877
1480,720,35,1,73596,73631,72911
1481,720,33,1,73631,73664,72944
1482,721,73,3,73664,73737,73016
1483,721,20,3,73737,73757,73036
1484,721,72,1,73757,73829,73108
1485,721,60,2,73829,73889,73168
1486,722,10,3,73889,73899,73177
1487,723,16,2,73899,73915,73192
1488,723,95,2,73915,74010,73287
1489,724,82,1,74010,74092,73368
1490,725,52,1,74092,74144,73419
1491,725,51,2,74144,74195,73470
1492,726,86,2,74195,74281,73555
1493,726,98,1,74281,74379,73653
1494,726,98,1,74379,74477,73751
1495,727,47,2,74477,74524,73797
1496,727,56,2,74524,74580,73853
1497,728,72,2,74580,74652,73924
1498,729,97,2,74652,74749,74020
1499,729,25,3,74749,74774,74045
1500,730,43,3,74774,74817,74087
1501,731,25,1,74817,74842,74111
1502,732,20,2,74842,74862,74130
1503,733,72,1,74862,74934,74201
1504,734,24,2,74934,74958,74224
1505,735,31,3,74958,74989,74254
1506,736,74,1,74989,75063,74327
1507,736,70,1,75063,75133,74397
1508,737,30,2,75133,75163,74426
1509,738,24,1,75163,75187,74449
1510,739,67,2,75187,75254,74515
1511,739,79,1,75254,75333,74594
1512,739,92,2,75333,75425,74686
1513,740,82,2,75425,75507,74767
1514,741,39,2,75507,75546,74805
1515,742,15,1,75546,75561,74819
1516,743,18,1,75561,75579,74836
1517,744,87,3,75579,75666,74922
1518,745,52,3,75666,75718,74973
1519,746,73,2,75718,75791,75045
1520,746,73,3,75791,75864,75118
1521,746,12,1,75864,75876,75130
1522,747,84,3,75876,75960,75213
1523,748,43,2,75960,76003,75255
1524,749,78,3,76003,76081,75332
1525,749,4,3,76081,76085,75336
1526,750,38,3,76085,76123,75373
1527,751,32,1,76123,76155,75404
1528,751,41,3,76155,76196,75445
1529,752,56,2,76196,76252,75500
1530,752,61,2,76252,76313,75561
1531,753,64,3,76313,76377,75624
1532,753,60,3,76377,76437,75684
1533,753,44,3,76437,76481,75728
1534,753,19,2,76481,76500,75747
1535,753,76,2,76500,76576,75823
1536,754,39,1,76576,76615,75861
1537,754,78,3,76615,76693,75939
1538,755,55,3,76693,76748,75993
1539,755,84,1,76748,76832,76077
1540,756,22,1,76832,76854,76098
1541,756,30,3,76854,76884,76128
1542,757,84,3,76884,76968,76211
1543,758,28,3,76968,76996,76238
1544,759,62,1,76996,77058,76299
1545,760,96,2,77058,77154,76394
1546,761,79,1,77154,77233,76472
1547,761,67,3,77233,77300,76539
1548,762,38,1,77300,77338,76576
1549,763,62,3,77338,77400,76637
1550,764,82,3,77400,77482,76718
1551,764,47,3,77482,77529,76765
1552,764,78,2,77529,77607,76843
1553,765,53,3,77607,77660,76895
1554,765,95,2,77660,77755,76990
1555,766,57,2,77755,77812,77046
1556,766,62,2,77812,77874,77108
1557,767,60,2,77874,77934,77167
1558,768,34,3,77934,77968,77200
1559,768,28,2,77968,77996,77228
1560,769,14,1,77996,78010,77241
1561,770,84,2,78010,78094,77324
1562,771,22,1,78094,78116,77345
1563,771,74,1,78116,78190,77419
1564,772,9,3,78190,78199,77427
1565,773,52,2,78199,78251,77478
1566,774,78,3,78251,78329,77555
1567,775,32,2,78329,78361,77586
1568,775,60,3,78361,78421,77646
1569,775,27,2,78421,78448,77673
1570,776,20,2,78448,78468,77692
1571,777,60,1,78468,78528,77751
1572,778,95,2,78528,78623,77845
1573,778,23,3,78623,78646,77868
1574,779,75,2,78646,78721,77942
1575,779,48,2,78721,78769,77990
1576,780,37,2,78769,78806,78026
1577,781,45,1,78806,78851,78070
1578,781,98,1,78851,78949,78168
1579,782,11,3,78949,78960,78178
1580,783,40,1,78960,79000,78217
1581,784,28,3,79000,79028,78244
1582,785,76,2,79028,79104,78319
1583,785,82,3,79104,79186,78401
1584,786,37,1,79186,79223,78437
1585,787,3,3,79223,79226,78439
1586,788,19,2,79226,79245,78457
1587,788,67,3,79245,79312,78524
1588,789,88,1,79312,79400,78611
1589,789,32,2,79400,79432,78643
1590,790,80,3,79432,79512,78722
1591,791,29,2,79512,79541,78750
1592,792,84,2,79541,79625,78833
1593,792,60,2,79625,79685,78893
1594,792,27,2,79685,79712,78920
1595,792,9,3,79712,79721,78929
1596,793,85,2,79721,79806,79013
1597,794,30,3,79806,79836,79042
1598,794,25,2,79836,79861,79067
1599,794,99,3,79861,79960,79166
1600,795,75,1,79960,80035,79240
1601,795,54,2,80035,80089,79294
1602,796,90,3,80089,80179,79383
1603,797,95,1,80179,80274,79477
1604,798,33,2,80274,80307,79509
1605,799,72,1,80307,80379,79580
1606,799,39,1,80379,80418,79619
1607,799,82,3,80418,80500,79701
1608,800,76,3,80500,80576,79776
1609,801,81,3,80576,80657,79856
1610,802,3,1,80657,80660,79858
1611,803,45,2,80660,80705,79902
1612,804,43,2,80705,80748,79944
1613,804,96,2,80748,80844,80040
1614,804,68,3,80844,80912,80108
1615,805,57,3,80912,80969,80164
1616,806,91,1,80969,81060,80254
1617,806,59,2,81060,81119,80313
1618,807,100,1,81119,81219,80412
1619,807,10,3,81219,81229,80422
1620,808,96,2,81229,81325,80517
1621,808,22,1,81325,81347,80539
1622,809,59,2,81347,81406,80597
1623,809,14,2,81406,81420,80611
1624,809,90,2,81420,81510,80701
1625,809,5,3,81510,81515,80706
1626,809,58,3,81515,81573,80764
1627,809,63,3,81573,81636,80827
1628,810,11,1,81636,81647,80837
1629,811,11,1,81647,81658,80847
1630,811,47,2,81658,81705,80894
1631,811,9,3,81705,81714,80903
1632,811,75,3,81714,81789,80978
1633,811,38,3,81789,81827,81016
1634,812,83,3,81827,81910,81098
1635,812,76,3,81910,81986,81174
1636,812,94,1,81986,82080,81268
1637,812,92,1,82080,82172,81360
1638,812,1,1,82172,82173,81361
1639,813,42,3,82173,82215,81402
1640,814,97,1,82215,82312,81498
1641,814,28,3,82312,82340,81526
1642,814,20,2,82340,82360,81546
1643,815,6,3,82360,82366,81551
1644,816,72,3,82366,82438,81622
1645,816,87,1,82438,82525,81709
1646,817,35,3,82525,82560,81743
1647,818,51,1,82560,82611,81793
1648,819,29,3,82611,82640,81821
1649,819,15,2,82640,82655,81836
1650,819,100,2,82655,82755,81936
1651,819,63,1,82755,82818,81999
1652,819,55,2,82818,82873,82054
1653,819,53,2,82873,82926,82107
1654,819,27,2,82926,82953,82134
1655,819,4,3,82953,82957,82138
1656,820,5,1,82957,82962,82142
1657,820,64,3,82962,83026,82206
1658,821,41,2,83026,83067,82246
1659,821,91,2,83067,83158,82337
1660,822,58,1,83158,83216,82394
1661,823,69,3,83216,83285,82462
1662,824,61,3,83285,83346,82522
1663,824,100,1,83346,83446,82622
1664,825,48,1,83446,83494,82669
1665,826,78,3,83494,83572,82746
1666,826,76,2,83572,83648,82822
1667,826,3,2,83648,83651,82825
1668,827,73,3,83651,83724,82897
1669,827,29,2,83724,83753,82926
1670,827,16,1,83753,83769,82942
1671,828,53,3,83769,83822,82994
1672,829,7,3,83822,83829,83000
1673,830,75,3,83829,83904,83074
1674,830,39,3,83904,83943,83113
1675,831,64,2,83943,84007,83176
1676,831,12,3,84007,84019,83188
1677,832,14,1,84019,84033,83201
1678,833,27,2,84033,84060,83227
1679,834,46,3,84060,84106,83272
1680,835,78,3,84106,84184,83349
1681,835,3,3,84184,84187,83352
1682,835,32,1,84187,84219,83384
1683,835,18,3,84219,84237,83402
1684,836,81,3,84237,84318,83482
1685,837,90,3,84318,84408,83571
1686,838,64,1,84408,84472,83634
1687,839,79,2,84472,84551,83712
1688,840,90,3,84551,84641,83801
1689,840,33,3,84641,84674,83834
1690,840,33,1,84674,84707,83867
1691,841,39,2,84707,84746,83905
1692,842,48,2,84746,84794,83952
1693,843,8,3,84794,84802,83959
1694,844,40,1,84802,84842,83998
1695,845,82,2,84842,84924,84079
1696,846,76,1,84924,85000,84154
1697,846,86,1,85000,85086,84240
1698,846,62,2,85086,85148,84302
1699,846,42,1,85148,85190,84344
1700,847,26,3,85190,85216,84369
1701,847,37,3,85216,85253,84406
1702,848,80,3,85253,85333,84485
1703,848,63,1,85333,85396,84548
1704,849,87,2,85396,85483,84634
1705,850,53,1,85483,85536,84686
1706,850,50,2,85536,85586,84736
1707,850,52,2,85586,85638,84788
1708,851,19,2,85638,85657,84806
1709,851,13,2,85657,85670,84819
1710,852,31,3,85670,85701,84849
1711,853,51,2,85701,85752,84899
1712,854,48,1,85752,85800,84946
1713,854,58,1,85800,85858,85004
1714,855,89,3,85858,85947,85092
1715,855,91,2,85947,86038,85183
1716,855,66,3,86038,86104,85249
1717,856,85,2,86104,86189,85333
1718,857,6,3,86189,86195,85338
1719,857,93,1,86195,86288,85431
1720,857,55,1,86288,86343,85486
1721,858,27,1,86343,86370,85512
1722,859,80,1,86370,86450,85591
1723,859,6,1,86450,86456,85597
1724,859,27,2,86456,86483,85624
1725,860,25,3,86483,86508,85648
1726,860,7,3,86508,86515,85655
1727,861,73,1,86515,86588,85727
1728,862,97,2,86588,86685,85823
1729,863,43,3,86685,86728,85865
1730,863,76,3,86728,86804,85941
1731,863,2,3,86804,86806,85943
1732,864,5,3,86806,86811,85947
1733,865,62,2,86811,86873,86008
1734,865,13,1,86873,86886,86021
1735,866,83,3,86886,86969,86103
1736,867,73,2,86969,87042,86175
1737,867,46,3,87042,87088,86221
1738,867,85,1,87088,87173,86306
1739,867,19,3,87173,87192,86325
1740,868,55,1,87192,87247,86379
1741,868,13,2,87247,87260,86392
1742,868,95,3,87260,87355,86487
1743,869,23,2,87355,87378,86509
1744,870,93,2,87378,87471,86601
1745,871,4,2,87471,87475,86604
1746,872,87,2,87475,87562,86690
1747,872,70,3,87562,87632,86760
1748,873,40,1,87632,87672,86799
1749,874,13,1,87672,87685,86811
1750,875,86,1,87685,87771,86896
1751,876,51,2,87771,87822,86946
1752,877,81,3,87822,87903,87026
1753,878,84,2,87903,87987,87109
1754,878,40,3,87987,88027,87149
1755,879,47,2,88027,88074,87195
1756,880,72,1,88074,88146,87266
1757,880,30,2,88146,88176,87296
1758,880,96,1,88176,88272,87392
1759,880,12,2,88272,88284,87404
1760,880,90,3,88284,88374,87494
1761,881,32,3,88374,88406,87525
1762,881,4,1,88406,88410,87529
1763,882,89,3,88410,88499,87617
1764,883,50,1,88499,88549,87666
1765,884,55,2,88549,88604,87720
1766,884,79,3,88604,88683,87799
1767,884,81,2,88683,88764,87880
1768,884,0,3,88764,88764,87880
1769,884,2,1,88764,88766,87882
1770,885,6,3,88766,88772,87887
1771,886,52,2,88772,88824,87938
1772,886,13,3,88824,88837,87951
1773,887,19,2,88837,88856,87969
1774,887,57,2,88856,88913,88026
1775,887,55,3,88913,88968,88081
1776,887,57,3,88968,89025,88138
1777,888,90,3,89025,89115,88227
1778,888,40,3,89115,89155,88267
1779,888,45,3,89155,89200,88312
1780,888,97,1,89200,89297,88409
1781,888,38,3,89297,89335,88447
1782,889,51,2,89335,89386,88497
1783,890,73,2,89386,89459,88569
1784,891,5,3,89459,89464,88573
1785,891,41,1,89464,89505,88614
1786,892,75,1,89505,89580,88688
1787,893,45,3,89580,89625,88732
1788,894,26,3,89625,89651,88757
1789,895,32,1,89651,89683,88788
1790,895,7,1,89683,89690,88795
1791,896,23,3,89690,89713,88817
1792,896,27,2,89713,89740,88844
1793,897,58,3,89740,89798,88901
1794,897,16,2,89798,89814,88917
1795,898,16,2,89814,89830,88932
1796,899,87,1,89830,89917,89018
1797,899,87,3,89917,90004,89105
1798,900,90,3,90004,90094,89194
1799,900,52,1,90094,90146,89246
1800,901,64,3,90146,90210,89309
1801,902,31,3,90210,90241,89339
1802,902,88,2,90241,90329,89427
1803,903,29,2,90329,90358,89455
1804,903,44,3,90358,90402,89499
1805,903,84,1,90402,90486,89583
1806,904,35,3,90486,90521,89617
1807,904,84,1,90521,90605,89701
1808,905,44,3,90605,90649,89744
1809,905,37,3,90649,90686,89781
1810,906,76,3,90686,90762,89856
1811,907,64,1,90762,90826,89919
1812,908,32,3,90826,90858,89950
1813,908,32,2,90858,90890,89982
1814,909,5,1,90890,90895,89986
1815,910,5,2,90895,90900,89990
1816,910,91,3,90900,90991,90081
1817,910,35,1,90991,91026,90116
1818,911,65,3,91026,91091,90180
1819,911,84,1,91091,91175,90264
1820,911,9,3,91175,91184,90273
1821,911,4,2,91184,91188,90277
1822,912,1,2,91188,91189,90277
1823,913,54,3,91189,91243,90330
1824,913,0,1,91243,91243,90330
1825,913,66,2,91243,91309,90396
1826,914,49,1,91309,91358,90444
1827,915,97,1,91358,91455,90540
1828,915,12,1,91455,91467,90552
1829,916,71,2,91467,91538,90622
1830,917,13,2,91538,91551,90634
1831,918,92,1,91551,91643,90725
1832,918,3,1,91643,91646,90728
1833,919,6,3,91646,91652,90733
1834,919,22,2,91652,91674,90755
1835,920,87,2,91674,91761,90841
1836,920,29,3,91761,91790,90870
1837,920,0,3,91790,91790,90870
1838,921,49,1,91790,91839,90918
1839,921,71,2,91839,91910,90989
1840,922,94,1,91910,92004,91082
1841,923,4,3,92004,92008,91085
1842,923,14,2,92008,92022,91099
1843,923,100,3,92022,92122,91199
1844,923,79,3,92122,92201,91278
1845,924,74,2,92201,92275,91351
1846,924,75,1,92275,92350,91426
1847,924,98,1,92350,92448,91524
1848,924,26,1,92448,92474,91550
1849,924,16,3,92474,92490,91566
1850,925,74,1,92490,92564,91639
1851,925,92,1,92564,92656,91731
1852,926,3,2,92656,92659,91733
1853,926,20,2,92659,92679,91753
1854,927,34,2,92679,92713,91786
1855,927,73,1,92713,92786,91859
1856,927,5,3,92786,92791,91864
1857,928,66,3,92791,92857,91929
1858,928,73,1,92857,92930,92002
1859,928,78,2,92930,93008,92080
1860,928,14,1,93008,93022,92094
1861,929,70,1,93022,93092,92163
1862,929,67,2,93092,93159,92230
1863,930,68,2,93159,93227,92297
1864,931,11,2,93227,93238,92307
1865,932,59,3,93238,93297,92365
1866,933,32,3,93297,93329,92396
1867,933,44,1,93329,93373,92440
1868,934,52,1,93373,93425,92491
1869,935,80,1,93425,93505,92570
1870,935,12,1,93505,93517,92582
1871,936,98,3,93517,93615,92679
1872,937,33,2,93615,93648,92711
1873,937,38,1,93648,93686,92749
1874,938,46,3,93686,93732,92794
1875,938,64,1,93732,93796,92858
1876,938,47,3,93796,93843,92905
1877,939,64,3,93843,93907,92968
1878,939,16,1,93907,93923,92984
1879,939,61,2,93923,93984,93045
1880,940,38,2,93984,94022,93082
1881,941,13,1,94022,94035,93094
1882,941,7,2,94035,94042,93101
1883,941,18,3,94042,94060,93119
1884,942,33,1,94060,94093,93151
1885,942,34,2,94093,94127,93185
1886,942,40,3,94127,94167,93225
1887,943,27,2,94167,94194,93251
1888,943,22,1,94194,94216,93273
1889,943,99,3,94216,94315,93372
1890,943,3,2,94315,94318,93375
1891,943,77,1,94318,94395,93452
1892,944,76,1,94395,94471,93527
1893,944,96,1,94471,94567,93623
1894,945,57,2,94567,94624,93679
1895,945,30,2,94624,94654,93709
1896,945,41,1,94654,94695,93750
1897,945,23,1,94695,94718,93773
1898,945,65,1,94718,94783,93838
1899,946,2,1,94783,94785,93839
1900,946,39,1,94785,94824,93878
1901,946,9,1,94824,94833,93887
1902,947,80,1,94833,94913,93966
1903,948,5,2,94913,94918,93970
1904,948,71,3,94918,94989,94041
1905,949,2,1,94989,94991,94042
1906,950,2,3,94991,94993,94043
1907,951,58,1,94993,95051,94100
1908,952,57,3,95051,95108,94156
1909,952,75,3,95108,95183,94231
1910,952,56,2,95183,95239,94287
1911,953,64,2,95239,95303,94350
1912,954,15,3,95303,95318,94364
1913,954,17,1,95318,95335,94381
1914,955,54,1,95335,95389,94434
1915,956,56,1,95389,95445,94489
1916,957,45,3,95445,95490,94533
1917,957,75,3,95490,95565,94608
1918,957,86,2,95565,95651,94694
1919,957,93,2,95651,95744,94787
1920,958,86,2,95744,95830,94872
1921,958,70,3,95830,95900,94942
1922,959,76,1,95900,95976,95017
1923,959,59,1,95976,96035,95076
1924,960,82,2,96035,96117,95157
1925,961,39,2,96117,96156,95195
1926,962,25,1,96156,96181,95219
1927,963,14,1,96181,96195,95232
1928,964,54,3,96195,96249,95285
1929,965,17,3,96249,96266,95301
1930,965,0,3,96266,96266,95301
1931,966,90,3,96266,96356,95390
1932,966,84,2,96356,96440,95474
1933,966,86,1,96440,96526,95560
1934,966,26,1,96526,96552,95586
1935,966,77,3,96552,96629,95663
1936,967,9,2,96629,96638,95671
1937,967,17,3,96638,96655,95688
1938,967,95,2,96655,96750,95783
1939,968,26,3,96750,96776,95808
1940,969,70,2,96776,96846,95877
1941,969,49,1,96846,96895,95926
1942,970,66,3,96895,96961,95991
1943,971,55,2,96961,97016,96045
1944,972,51,1,97016,97067,96095
1945,972,6,1,97067,97073,96101
1946,972,64,1,97073,97137,96165
1947,972,3,2,97137,97140,96168
1948,972,11,3,97140,97151,96179
1949,972,100,2,97151,97251,96279
1950,973,78,1,97251,97329,96356
1951,974,69,3,97329,97398,96424
1952,974,9,3,97398,97407,96433
1953,974,11,3,97407,97418,96444
1954,974,96,3,97418,97514,96540
1955,974,71,1,97514,97585,96611
1956,975,52,3,97585,97637,96662
1957,976,67,1,97637,97704,96728
1958,977,99,1,97704,97803,96826
1959,977,18,3,97803,97821,96844
1960,978,71,2,97821,97892,96914
1961,979,88,3,97892,97980,97001
1962,979,82,3,97980,98062,97083
1963,979,65,2,98062,98127,97148
1964,979,83,3,98127,98210,97231
1965,979,2,2,98210,98212,97233
1966,980,1,3,98212,98213,97233
1967,980,84,3,98213,98297,97317
1968,980,81,1,98297,98378,97398
1969,981,74,1,98378,98452,97471
1970,981,21,1,98452,98473,97492
1971,981,79,3,98473,98552,97571
1972,981,56,3,98552,98608,97627
1973,982,63,1,98608,98671,97689
1974,982,3,3,98671,98674,97692
1975,982,11,2,98674,98685,97703
1976,982,58,1,98685,98743,97761
1977,982,49,3,98743,98792,97810
1978,982,13,3,98792,98805,97823
1979,983,52,2,98805,98857,97874
1980,984,5,3,98857,98862,97878
1981,984,22,3,98862,98884,97900
1982,985,98,3,98884,98982,97997
1983,986,10,1,98982,98992,98006
1984,986,98,3,98992,99090,98104
1985,987,46,1,99090,99136,98149
1986,987,39,2,99136,99175,98188
1987,987,42,2,99175,99217,98230
1988,988,88,2,99217,99305,98317
1989,988,13,3,99305,99318,98330
1990,988,39,2,99318,99357,98369
1991,989,41,3,99357,99398,98409
1992,990,68,3,99398,99466,98476
1993,990,67,2,99466,99533,98543
1994,991,49,2,99533,99582,98591
1995,991,56,1,99582,99638,98647
1996,992,68,1,99638,99706,98714
1997,993,75,2,99706,99781,98788
1998,994,36,2,99781,99817,98823
1999,994,64,1,99817,99881,98887
2000,994,93,1,99881,99974,98980
2001,994,15,2,99974,99989,98995
2002,994,12,1,99989,100001,99007
2003,994,11,2,100001,100012,99018
2004,994,52,2,100012,100064,99070
2005,995,100,1,100064,100164,99169
2006,996,9,3,100164,100173,99177
2007,997,25,2,100173,100198,99201
2008,998,64,2,100198,100262,99264
2009,998,30,1,100262,100292,99294
2010,998,87,1,100292,100379,99381
2011,998,83,3,100379,100462,99464
2012,999,25,3,100462,100487,99488
2013,999,74,3,100487,100561,99562
2014,1000,67,3,100561,100628,99628
2015,1001,66,2,100628,100694,99693
2016,1001,63,2,100694,100757,99756
2017,1001,12,1,100757,100769,99768
2018,1002,80,3,100769,100849,99847
2019,1002,88,1,100849,100937,99935
2020,1003,99,3,100937,101036,100033
2021,1004,46,1,101036,101082,100078
2022,1004,63,2,101082,101145,100141
2023,1004,64,3,101145,101209,100205
2024,1005,58,1,101209,101267,100262
2025,1006,56,1,101267,101323,100317
2026,1006,89,2,101323,101412,100406
2027,1007,82,3,101412,101494,100487
2028,1007,77,3,101494,101571,100564
2029,1007,64,3,101571,101635,100628
2030,1007,16,2,101635,101651,100644
2031,1007,20,1,101651,101671,100664
2032,1008,44,1,101671,101715,100707
2033,1009,68,2,101715,101783,100774
2034,1010,89,3,101783,101872,100862
2035,1011,97,1,101872,101969,100958
2036,1012,68,3,101969,102037,101025
2037,1013,52,2,102037,102089,101076
2038,1014,96,2,102089,102185,101171
2039,1015,46,2,102185,102231,101216
2040,1015,90,3,102231,102321,101306
2041,1016,100,1,102321,102421,101405
2042,1017,63,2,102421,102484,101467
2043,1017,73,3,102484,102557,101540
2044,1018,36,1,102557,102593,101575
2045,1018,11,2,102593,102604,101586
2046,1019,49,3,102604,102653,101634
2047,1020,24,2,102653,102677,101657
2048,1021,55,3,102677,102732,101711
2049,1022,100,1,102732,102832,101810
2050,1023,59,2,102832,102891,101868
2051,1023,0,2,102891,102891,101868
2052,1024,58,1,102891,102949,101925
2053,1024,56,2,102949,103005,101981
2054,1024,1,3,103005,103006,101982
2055,1024,92,2,103006,103098,102074
2056,1024,49,1,103098,103147,102123
2057,1024,9,3,103147,103156,102132
2058,1024,25,2,103156,103181,102157
2059,1024,14,1,103181,103195,102171
2060,1025,95,3,103195,103290,102265
2061,1025,32,1,103290,103322,102297
2062,1026,1,2,103322,103323,102297
2063,1026,88,2,103323,103411,102385
2064,1026,91,3,103411,103502,102476
2065,1027,43,3,103502,103545,102518
2066,1028,25,1,103545,103570,102542
2067,1029,77,2,103570,103647,102618
2068,1030,6,2,103647,103653,102623
2069,1031,2,1,103653,103655,102624
2070,1032,34,2,103655,103689,102657
2071,1032,55,3,103689,103744,102712
2072,1033,14,2,103744,103758,102725
2073,1034,2,1,103758,103760,102726
2074,1035,97,1,103760,103857,102822
2075,1036,93,1,103857,103950,102914
2076,1036,30,2,103950,103980,102944
2077,1036,85,1,103980,104065,103029
2078,1037,42,3,104065,104107,103070
2079,1037,72,2,104107,104179,103142
2080,1037,82,3,104179,104261,103224
2081,1037,81,3,104261,104342,103305
2082,1038,67,2,104342,104409,103371
2083,1039,50,2,104409,104459,103420
2084,1040,0,3,104459,104459,103419
2085,1041,15,1,104459,104474,103433
2086,1041,0,3,104474,104474,103433
2087,1042,27,3,104474,104501,103459
2088,1043,85,3,104501,104586,103543
2089,1043,81,3,104586,104667,103624
2090,1043,97,2,104667,104764,103721
2091,1043,66,3,104764,104830,103787
2092,1044,28,1,104830,104858,103814
2093,1045,49,3,104858,104907,103862
2094,1046,76,1,104907,104983,103937
2095,1046,9,2,104983,104992,103946
2096,1047,81,2,104992,105073,104026
2097,1047,58,3,105073,105131,104084
2098,1047,8,1,105131,105139,104092
2099,1048,93,3,105139,105232,104184
2100,1048,83,1,105232,105315,104267
2101,1048,52,3,105315,105367,104319
2102,1048,47,3,105367,105414,104366
2103,1049,15,3,105414,105429,104380
2104,1049,99,1,105429,105528,104479
2105,1049,3,2,105528,105531,104482
2106,1049,90,3,105531,105621,104572
2107,1050,50,3,105621,105671,104621
2108,1050,33,1,105671,105704,104654
2109,1051,53,2,105704,105757,104706
2110,1051,41,1,105757,105798,104747
2111,1052,72,1,105798,105870,104818
2112,1052,38,1,105870,105908,104856
2113,1052,94,1,105908,106002,104950
2114,1053,13,1,106002,106015,104962
2115,1053,13,2,106015,106028,104975
2116,1054,90,2,106028,106118,105064
2117,1054,23,2,106118,106141,105087
2118,1055,2,1,106141,106143,105088
2119,1056,24,3,106143,106167,105111
2120,1057,70,1,106167,106237,105180
2121,1057,24,3,106237,106261,105204
2122,1058,7,1,106261,106268,105210
2123,1059,13,1,106268,106281,105222
2124,1059,78,3,106281,106359,105300
2125,1059,43,3,106359,106402,105343
2126,1060,67,2,106402,106469,105409
2127,1060,79,2,106469,106548,105488
2128,1060,27,2,106548,106575,105515
2129,1061,14,3,106575,106589,105528
2130,1062,59,1,106589,106648,105586
2131,1063,61,3,106648,106709,105646
2132,1064,27,3,106709,106736,105672
2133,1065,56,3,106736,106792,105727
2134,1066,41,2,106792,106833,105767
2135,1066,70,3,106833,106903,105837
2136,1067,84,2,106903,106987,105920
2137,1068,55,3,106987,107042,105974
2138,1068,4,1,107042,107046,105978
2139,1068,97,2,107046,107143,106075
2140,1068,15,1,107143,107158,106090
2141,1068,72,3,107158,107230,106162
2142,1069,93,3,107230,107323,106254
2143,1069,7,1,107323,107330,106261
2144,1069,53,3,107330,107383,106314
2145,1069,2,2,107383,107385,106316
2146,1069,21,2,107385,107406,106337
2147,1070,51,2,107406,107457,106387
2148,1070,86,1,107457,107543,106473
2149,1071,76,2,107543,107619,106548
2150,1071,54,2,107619,107673,106602
2151,1071,86,2,107673,107759,106688
2152,1072,6,2,107759,107765,106693
2153,1072,25,2,107765,107790,106718
2154,1073,15,2,107790,107805,106732
2155,1073,63,3,107805,107868,106795
2156,1074,0,2,107868,107868,106794
2157,1074,29,2,107868,107897,106823
2158,1074,65,3,107897,107962,106888
2159,1074,84,3,107962,108046,106972
2160,1075,67,3,108046,108113,107038
2161,1076,98,3,108113,108211,107135
2162,1077,35,2,108211,108246,107169
2163,1077,94,3,108246,108340,107263
2164,1078,33,3,108340,108373,107295
2165,1078,25,1,108373,108398,107320
2166,1078,80,1,108398,108478,107400
2167,1079,28,1,108478,108506,107427
2168,1079,63,1,108506,108569,107490
2169,1079,81,2,108569,108650,107571
2170,1079,22,3,108650,108672,107593
2171,1080,25,1,108672,108697,107617
2172,1080,86,3,108697,108783,107703
2173,1081,47,2,108783,108830,107749
2174,1081,20,2,108830,108850,107769
2175,1081,46,2,108850,108896,107815
2176,1082,9,2,108896,108905,107823
2177,1082,75,1,108905,108980,107898
2178,1082,64,2,108980,109044,107962
2179,1083,46,3,109044,109090,108007
2180,1083,15,2,109090,109105,108022
2181,1083,79,1,109105,109184,108101
2182,1084,21,2,109184,109205,108121
2183,1085,47,2,109205,109252,108167
2184,1085,75,2,109252,109327,108242
2185,1085,15,2,109327,109342,108257
2186,1086,11,2,109342,109353,108267
2187,1086,72,2,109353,109425,108339
2188,1086,18,2,109425,109443,108357
2189,1087,5,1,109443,109448,108361
2190,1088,83,3,109448,109531,108443
2191,1089,82,1,109531,109613,108524
2192,1090,90,3,109613,109703,108613
2193,1091,48,1,109703,109751,108660
2194,1092,68,1,109751,109819,108727
2195,1092,54,2,109819,109873,108781
2196,1092,46,3,109873,109919,108827
2197,1093,94,2,109919,110013,108920
2198,1094,39,2,110013,110052,108958
2199,1094,87,2,110052,110139,109045
2200,1095,51,3,110139,110190,109095
2201,1095,44,1,110190,110234,109139
2202,1095,55,3,110234,110289,109194
2203,1096,60,3,110289,110349,109253
2204,1096,94,3,110349,110443,109347
2205,1097,77,1,110443,110520,109423
2206,1098,51,3,110520,110571,109473
2207,1099,1,3,110571,110572,109473
2208,1100,6,1,110572,110578,109478
2209,1100,13,2,110578,110591,109491
2210,1100,41,2,110591,110632,109532
2211,1100,45,1,110632,110677,109577
2212,1100,49,3,110677,110726,109626
2213,1100,60,3,110726,110786,109686
2214,1100,71,1,110786,110857,109757
2215,1101,13,2,110857,110870,109769
2216,1101,2,3,110870,110872,109771
2217,1101,76,1,110872,110948,109847
2218,1101,22,3,110948,110970,109869
2219,1101,3,3,110970,110973,109872
2220,1102,30,3,110973,111003,109901
2221,1103,23,1,111003,111026,109923
2222,1104,78,1,111026,111104,110000
2223,1104,94,2,111104,111198,110094
2224,1105,74,1,111198,111272,110167
2225,1106,85,3,111272,111357,110251
2226,1107,0,3,111357,111357,110250
2227,1107,73,3,111357,111430,110323
2228,1108,19,1,111430,111449,110341
2229,1109,91,3,111449,111540,110431
2230,1109,0,1,111540,111540,110431
2231,1110,65,2,111540,111605,110495
2232,1111,42,1,111605,111647,110536
2233,1111,61,3,111647,111708,110597
2234,1112,71,2,111708,111779,110667
2235,1113,40,3,111779,111819,110706
2236,1113,5,1,111819,111824,110711
2237,1113,26,3,111824,111850,110737
2238,1114,55,2,111850,111905,110791
2239,1114,40,3,111905,111945,110831
2240,1115,54,1,111945,111999,110884
2241,1115,8,2,111999,112007,110892
2242,1116,100,2,112007,112107,110991
2243,1116,8,2,112107,112115,110999
2244,1117,90,2,112115,112205,111088
2245,1117,52,2,112205,112257,111140
2246,1118,52,2,112257,112309,111191
2247,1119,33,3,112309,112342,111223
2248,1119,11,2,112342,112353,111234
2249,1119,79,3,112353,112432,111313
2250,1119,71,1,112432,112503,111384
2251,1119,67,3,112503,112570,111451
2252,1120,43,1,112570,112613,111493
2253,1121,16,2,112613,112629,111508
2254,1122,100,2,112629,112729,111607
2255,1122,5,2,112729,112734,111612
2256,1123,15,3,112734,112749,111626
2257,1124,67,1,112749,112816,111692
2258,1125,97,1,112816,112913,111788
2259,1125,54,1,112913,112967,111842
2260,1125,65,2,112967,113032,111907
2261,1126,3,1,113032,113035,111909
2262,1126,8,2,113035,113043,111917
2263,1127,8,3,113043,113051,111924
2264,1128,85,3,113051,113136,112008
2265,1128,35,3,113136,113171,112043
2266,1129,53,3,113171,113224,112095
2267,1129,83,3,113224,113307,112178
2268,1130,68,1,113307,113375,112245
2269,1130,98,2,113375,113473,112343
2270,1131,88,3,113473,113561,112430
2271,1132,31,1,113561,113592,112460
2272,1133,57,2,113592,113649,112516
2273,1134,3,1,113649,113652,112518
2274,1135,93,3,113652,113745,112610
2275,1136,32,1,113745,113777,112641
2276,1137,27,2,113777,113804,112667
2277,1138,15,2,113804,113819,112681
2278,1138,18,1,113819,113837,112699
2279,1139,90,1,113837,113927,112788
2280,1139,52,3,113927,113979,112840
2281,1140,28,3,113979,114007,112867
2282,1140,58,2,114007,114065,112925
2283,1140,12,2,114065,114077,112937
2284,1140,20,2,114077,114097,112957
2285,1141,48,1,114097,114145,113004
2286,1141,97,3,114145,114242,113101
2287,1141,1,3,114242,114243,113102
2288,1141,43,2,114243,114286,113145
2289,1142,65,3,114286,114351,113209
2290,1142,50,2,114351,114401,113259
2291,1143,53,1,114401,114454,113311
2292,1144,48,2,114454,114502,113358
2293,1144,49,1,114502,114551,113407
2294,1145,0,3,114551,114551,113406
2295,1145,13,1,114551,114564,113419
2296,1145,67,2,114564,114631,113486
2297,1146,74,2,114631,114705,113559
2298,1146,42,1,114705,114747,113601
2299,1147,33,1,114747,114780,113633
2300,1147,62,2,114780,114842,113695
2301,1148,58,2,114842,114900,113752
2302,1149,26,3,114900,114926,113777
2303,1149,20,2,114926,114946,113797
2304,1149,100,1,114946,115046,113897
2305,1149,80,1,115046,115126,113977
2306,1149,92,2,115126,115218,114069
2307,1150,43,1,115218,115261,114111
2308,1151,19,3,115261,115280,114129
2309,1151,66,3,115280,115346,114195
2310,1152,1,3,115346,115347,114195
2311,1153,81,1,115347,115428,114275
2312,1153,52,2,115428,115480,114327
2313,1154,19,2,115480,115499,114345
2314,1154,6,3,115499,115505,114351
2315,1155,69,1,115505,115574,114419
2316,1155,54,1,115574,115628,114473
2317,1156,17,2,115628,115645,114489
2318,1157,25,3,115645,115670,114513
2319,1157,48,2,115670,115718,114561
2320,1157,22,2,115718,115740,114583
2321,1158,75,2,115740,115815,114657
2322,1158,81,1,115815,115896,114738
2323,1158,29,2,115896,115925,114767
2324,1158,17,2,115925,115942,114784
2325,1158,58,1,115942,116000,114842
2326,1158,8,3,116000,116008,114850
2327,1159,14,2,116008,116022,114863
2328,1160,25,1,116022,116047,114887
2329,1161,6,1,116047,116053,114892
2330,1162,27,1,116053,116080,114918
2331,1163,6,3,116080,116086,114923
2332,1163,68,3,116086,116154,114991
2333,1164,51,2,116154,116205,115041
2334,1165,43,2,116205,116248,115083
2335,1165,30,1,116248,116278,115113
2336,1166,11,3,116278,116289,115123
2337,1167,49,1,116289,116338,115171
2338,1167,43,3,116338,116381,115214
2339,1167,71,2,116381,116452,115285
2340,1167,84,1,116452,116536,115369
2341,1168,96,2,116536,116632,115464
2342,1168,70,1,116632,116702,115534
2343,1169,35,1,116702,116737,115568
2344,1169,80,3,116737,116817,115648
2345,1170,88,3,116817,116905,115735
2346,1170,74,1,116905,116979,115809
2347,1170,52,3,116979,117031,115861
2348,1171,83,3,117031,117114,115943
2349,1171,21,1,117114,117135,115964
2350,1171,81,1,117135,117216,116045
2351,1171,72,2,117216,117288,116117
2352,1171,85,3,117288,117373,116202
2353,1171,53,2,117373,117426,116255
2354,1171,82,2,117426,117508,116337
2355,1171,38,2,117508,117546,116375
2356,1172,44,1,117546,117590,116418
2357,1172,3,2,117590,117593,116421
2358,1173,3,1,117593,117596,116423
2359,1174,46,3,117596,117642,116468
2360,1174,29,1,117642,117671,116497
2361,1175,85,3,117671,117756,116581
2362,1176,62,2,117756,117818,116642
2363,1176,58,3,117818,117876,116700
2364,1177,96,2,117876,117972,116795
2365,1177,37,3,117972,118009,116832
2366,1177,92,2,118009,118101,116924
2367,1177,98,2,118101,118199,117022
2368,1178,71,3,118199,118270,117092
2369,1179,48,1,118270,118318,117139
2370,1179,97,1,118318,118415,117236
2371,1179,23,1,118415,118438,117259
2372,1180,7,2,118438,118445,117265
2373,1180,33,2,118445,118478,117298
2374,1181,55,3,118478,118533,117352
2375,1182,36,3,118533,118569,117387
2376,1183,57,2,118569,118626,117443
2377,1183,17,1,118626,118643,117460
2378,1184,67,1,118643,118710,117526
2379,1185,60,1,118710,118770,117585
2380,1185,79,2,118770,118849,117664
2381,1186,45,3,118849,118894,117708
2382,1186,23,1,118894,118917,117731
2383,1187,24,2,118917,118941,117754
2384,1187,52,1,118941,118993,117806
2385,1187,2,2,118993,118995,117808
2386,1188,53,2,118995,119048,117860
2387,1188,37,3,119048,119085,117897
2388,1189,36,2,119085,119121,117932
2389,1190,76,1,119121,119197,118007
2390,1190,93,1,119197,119290,118100
2391,1191,3,2,119290,119293,118102
2392,1192,25,1,119293,119318,118126
2393,1193,76,1,119318,119394,118201
2394,1194,22,2,119394,119416,118222
2395,1195,0,3,119416,119416,118221
2396,1196,10,2,119416,119426,118230
2397,1196,60,3,119426,119486,118290
2398,1196,0,3,119486,119486,118290
2399,1197,42,2,119486,119528,118331
2400,1197,49,1,119528,119577,118380
2401,1198,90,1,119577,119667,118469
2402,1198,88,1,119667,119755,118557
2403,1199,32,1,119755,119787,118588
2404,1199,4,1,119787,119791,118592
2405,1200,41,3,119791,119832,118632
2406,1200,94,3,119832,119926,118726
2407,1200,6,3,119926,119932,118732
2408,1200,55,1,119932,119987,118787
2409,1200,34,2,119987,120021,118821
2410,1200,7,3,120021,120028,118828
2411,1201,48,1,120028,120076,118875
2412,1202,72,3,120076,120148,118946
2413,1202,78,1,120148,120226,119024
2414,1202,80,1,120226,120306,119104
2415,1203,95,1,120306,120401,119198
2416,1204,41,2,120401,120442,119238
2417,1205,48,1,120442,120490,119285
2418,1206,90,2,120490,120580,119374
2419,1207,59,3,120580,120639,119432
2420,1208,44,2,120639,120683,119475
2421,1208,67,1,120683,120750,119542
2422,1208,90,1,120750,120840,119632
2423,1209,2,1,120840,120842,119633
2424,1210,27,2,120842,120869,119659
2425,1211,46,2,120869,120915,119704
2426,1211,95,3,120915,121010,119799
2427,1212,24,1,121010,121034,119822
2428,1213,94,3,121034,121128,119915
2429,1213,28,3,121128,121156,119943
2430,1214,27,1,121156,121183,119969
2431,1215,69,2,121183,121252,120037
2432,1215,17,2,121252,121269,120054
2433,1215,65,1,121269,121334,120119
2434,1215,78,1,121334,121412,120197
2435,1216,13,2,121412,121425,120209
2436,1216,58,1,121425,121483,120267
2437,1217,21,1,121483,121504,120287
2438,1218,87,2,121504,121591,120373
2439,1218,84,3,121591,121675,120457
2440,1219,28,2,121675,121703,120484
2441,1219,42,1,121703,121745,120526
2442,1220,29,3,121745,121774,120554
2443,1221,83,2,121774,121857,120636
2444,1222,88,1,121857,121945,120723
2445,1223,74,3,121945,122019,120796
2446,1223,57,1,122019,122076,120853
2447,1223,66,2,122076,122142,120919
2448,1223,45,1,122142,122187,120964
2449,1223,45,3,122187,122232,121009
2450,1224,77,2,122232,122309,121085
2451,1225,9,1,122309,122318,121093
2452,1226,6,3,122318,122324,121098
2453,1226,69,3,122324,122393,121167
2454,1226,11,3,122393,122404,121178
2455,1227,90,3,122404,122494,121267
2456,1227,91,3,122494,122585,121358
2457,1227,56,2,122585,122641,121414
2458,1227,53,1,122641,122694,121467
2459,1228,38,1,122694,122732,121504
2460,1229,68,2,122732,122800,121571
2461,1229,12,2,122800,122812,121583
2462,1230,16,3,122812,122828,121598
2463,1230,16,1,122828,122844,121614
2464,1230,99,3,122844,122943,121713
2465,1231,97,3,122943,123040,121809
2466,1231,10,2,123040,123050,121819
2467,1232,92,1,123050,123142,121910
2468,1232,26,3,123142,123168,121936
2469,1232,19,3,123168,123187,121955
2470,1233,27,3,123187,123214,121981
2471,1233,61,2,123214,123275,122042
2472,1233,13,2,123275,123288,122055
2473,1233,86,2,123288,123374,122141
2474,1234,13,1,123374,123387,122153
2475,1235,98,3,123387,123485,122250
2476,1236,76,2,123485,123561,122325
2477,1237,16,1,123561,123577,122340
2478,1238,48,2,123577,123625,122387
2479,1239,24,2,123625,123649,122410
2480,1240,61,3,123649,123710,122470
2481,1241,26,2,123710,123736,122495
2482,1242,54,1,123736,123790,122548
2483,1243,30,2,123790,123820,122577
2484,1244,21,2,123820,123841,122597
2485,1244,97,3,123841,123938,122694
2486,1244,53,2,123938,123991,122747
2487,1245,46,3,123991,124037,122792
2488,1246,47,2,124037,124084,122838
2489,1246,53,2,124084,124137,122891
2490,1246,37,2,124137,124174,122928
2491,1247,84,3,124174,124258,123011
2492,1247,97,2,124258,124355,123108
2493,1248,3,1,124355,124358,123110
2494,1249,15,3,124358,124373,123124
2495,1249,13,2,124373,124386,123137
2496,1250,88,1,124386,124474,123224
2497,1250,51,3,124474,124525,123275
2498,1251,44,2,124525,124569,123318
2499,1251,65,1,124569,124634,123383
2500,1251,80,3,124634,124714,123463
2501,1252,73,1,124714,124787,123535
2502,1253,80,3,124787,124867,123614
2503,1253,81,2,124867,124948,123695
2504,1253,27,3,124948,124975,123722
2505,1254,0,3,124975,124975,123721
2506,1255,92,3,124975,125067,123812
2507,1255,33,3,125067,125100,123845
2508,1256,46,1,125100,125146,123890
2509,1257,21,3,125146,125167,123910
2510,1258,34,3,125167,125201,123943
2511,1259,82,1,125201,125283,124024
2512,1260,13,2,125283,125296,124036
2513,1261,66,1,125296,125362,124101
2514,1261,19,2,125362,125381,124120
2515,1262,19,1,125381,125400,124138
2516,1263,4,3,125400,125404,124141
2517,1264,27,1,125404,125431,124167
2518,1264,31,1,125431,125462,124198
2519,1265,94,2,125462,125556,124291
2520,1266,33,1,125556,125589,124323
2521,1267,12,3,125589,125601,124334
2522,1267,82,1,125601,125683,124416
2523,1268,21,3,125683,125704,124436
2524,1268,47,3,125704,125751,124483
2525,1269,39,3,125751,125790,124521
2526,1269,55,1,125790,125845,124576
2527,1269,39,3,125845,125884,124615
2528,1269,81,1,125884,125965,124696
2529,1269,7,1,125965,125972,124703
2530,1270,3,3,125972,125975,124705
2531,1271,69,1,125975,126044,124773
2532,1271,52,1,126044,126096,124825
2533,1271,41,3,126096,126137,124866
2534,1271,59,3,126137,126196,124925
2535,1271,27,3,126196,126223,124952
2536,1271,38,1,126223,126261,124990
2537,1272,87,3,126261,126348,125076
2538,1272,34,1,126348,126382,125110
2539,1272,47,1,126382,126429,125157
2540,1273,81,3,126429,126510,125237
2541,1273,10,1,126510,126520,125247
2542,1273,50,1,126520,126570,125297
2543,1273,2,3,126570,126572,125299
2544,1274,24,2,126572,126596,125322
2545,1274,94,2,126596,126690,125416
2546,1275,28,1,126690,126718,125443
2547,1276,59,2,126718,126777,125501
2548,1276,69,1,126777,126846,125570
2549,1276,82,3,126846,126928,125652
2550,1277,4,3,126928,126932,125655
2551,1278,20,2,126932,126952,125674
2552,1278,58,3,126952,127010,125732
2553,1279,68,3,127010,127078,125799
2554,1279,40,2,127078,127118,125839
2555,1279,49,3,127118,127167,125888
2556,1279,80,1,127167,127247,125968
2557,1280,48,2,127247,127295,126015
2558,1280,48,3,127295,127343,126063
2559,1281,28,1,127343,127371,126090
2560,1282,66,2,127371,127437,126155
2561,1282,70,1,127437,127507,126225
2562,1282,14,3,127507,127521,126239
2563,1282,79,2,127521,127600,126318
2564,1283,32,1,127600,127632,126349
2565,1283,31,1,127632,127663,126380
2566,1283,34,1,127663,127697,126414
2567,1283,66,1,127697,127763,126480
2568,1284,21,1,127763,127784,126500
2569,1285,36,1,127784,127820,126535
2570,1285,65,3,127820,127885,126600
2571,1285,3,3,127885,127888,126603
2572,1286,37,3,127888,127925,126639
2573,1286,63,2,127925,127988,126702
2574,1286,22,3,127988,128010,126724
2575,1286,11,3,128010,128021,126735
2576,1287,99,1,128021,128120,126833
2577,1287,88,3,128120,128208,126921
2578,1287,12,2,128208,128220,126933
2579,1288,52,3,128220,128272,126984
2580,1289,54,1,128272,128326,127037
2581,1289,44,3,128326,128370,127081
2582,1289,81,1,128370,128451,127162
2583,1290,27,1,128451,128478,127188
2584,1290,33,2,128478,128511,127221
2585,1291,22,1,128511,128533,127242
2586,1292,5,2,128533,128538,127246
2587,1293,2,1,128538,128540,127247
2588,1294,53,2,128540,128593,127299
2589,1294,52,2,128593,128645,127351
2590,1294,27,2,128645,128672,127378
2591,1294,90,3,128672,128762,127468
2592,1295,3,2,128762,128765,127470
2593,1296,66,1,128765,128831,127535
2594,1296,45,1,128831,128876,127580
2595,1296,98,1,128876,128974,127678
2596,1297,88,2,128974,129062,127765
2597,1298,25,3,129062,129087,127789
2598,1299,13,2,129087,129100,127801
2599,1300,73,1,129100,129173,127873
2600,1301,18,1,129173,129191,127890
2601,1301,86,1,129191,129277,127976
2602,1301,47,2,129277,129324,128023
2603,1302,8,3,129324,129332,128030
2604,1302,85,2,129332,129417,128115
2605,1303,45,1,129417,129462,128159
2606,1304,28,3,129462,129490,128186
2607,1304,98,3,129490,129588,128284
2608,1305,78,2,129588,129666,128361
2609,1306,43,3,129666,129709,128403
2610,1307,98,3,129709,129807,128500
2611,1308,42,1,129807,129849,128541
2612,1308,54,2,129849,129903,128595
2613,1308,49,3,129903,129952,128644
2614,1308,38,3,129952,129990,128682
2615,1308,31,3,129990,130021,128713
2616,1309,51,3,130021,130072,128763
2617,1310,29,3,130072,130101,128791
2618,1310,28,1,130101,130129,128819
2619,1310,32,3,130129,130161,128851
2620,1311,17,3,130161,130178,128867
2621,1312,93,1,130178,130271,128959
2622,1313,9,3,130271,130280,128967
2623,1314,88,1,130280,130368,129054
2624,1314,16,1,130368,130384,129070
2625,1315,11,2,130384,130395,129080
2626,1316,90,1,130395,130485,129169
2627,1317,76,3,130485,130561,129244
2628,1318,93,1,130561,130654,129336
2629,1318,8,1,130654,130662,129344
2630,1319,58,3,130662,130720,129401
2631,1319,79,1,130720,130799,129480
2632,1319,45,2,130799,130844,129525
2633,1319,12,1,130844,130856,129537
2634,1319,50,3,130856,130906,129587
2635,1319,78,3,130906,130984,129665
2636,1320,100,3,130984,131084,129764
2637,1321,8,2,131084,131092,129771
2638,1322,85,3,131092,131177,129855
2639,1323,85,1,131177,131262,129939
2640,1324,10,2,131262,131272,129948
2641,1325,12,2,131272,131284,129959
2642,1326,97,1,131284,131381,130055
2643,1327,95,1,131381,131476,130149
2644,1328,32,1,131476,131508,130180
2645,1328,86,1,131508,131594,130266
2646,1329,98,2,131594,131692,130363
2647,1330,43,1,131692,131735,130405
2648,1331,2,3,131735,131737,130406
2649,1332,68,3,131737,131805,130473
2650,1333,19,3,131805,131824,130491
2651,1334,32,2,131824,131856,130522
2652,1335,38,1,131856,131894,130559
2653,1336,40,1,131894,131934,130598
2654,1337,32,3,131934,131966,130629
2655,1337,86,3,131966,132052,130715
2656,1338,0,3,132052,132052,130714
2657,1338,71,3,132052,132123,130785
2658,1339,95,3,132123,132218,130879
2659,1339,22,3,132218,132240,130901
2660,1339,61,1,132240,132301,130962
2661,1339,23,3,132301,132324,130985
2662,1339,61,1,132324,132385,131046
2663,1339,71,2,132385,132456,131117
2664,1340,86,3,132456,132542,131202
2665,1341,13,3,132542,132555,131214
2666,1342,30,2,132555,132585,131243
2667,1343,39,1,132585,132624,131281
2668,1343,56,1,132624,132680,131337
2669,1343,81,1,132680,132761,131418
2670,1344,0,1,132761,132761,131417
2671,1344,71,1,132761,132832,131488
2672,1344,16,1,132832,132848,131504
2673,1345,92,2,132848,132940,131595
2674,1346,14,1,132940,132954,131608
2675,1347,81,3,132954,133035,131688
2676,1347,95,2,133035,133130,131783
2677,1348,25,2,133130,133155,131807
2678,1349,39,3,133155,133194,131845
2679,1349,2,1,133194,133196,131847
2680,1349,56,1,133196,133252,131903
2681,1349,21,3,133252,133273,131924
2682,1349,10,1,133273,133283,131934
2683,1349,39,1,133283,133322,131973
2684,1349,12,2,133322,133334,131985
2685,1349,48,3,133334,133382,132033
2686,1350,50,3,133382,133432,132082
2687,1350,41,1,133432,133473,132123
2688,1351,87,2,133473,133560,132209
2689,1352,69,1,133560,133629,132277
2690,1353,48,3,133629,133677,132324
2691,1353,55,3,133677,133732,132379
2692,1353,55,2,133732,133787,132434
2693,1354,24,2,133787,133811,132457
2694,1354,56,1,133811,133867,132513
2695,1354,87,3,133867,133954,132600
2696,1355,13,3,133954,133967,132612
2697,1355,22,1,133967,133989,132634
2698,1355,21,2,133989,134010,132655
2699,1355,10,3,134010,134020,132665
2700,1356,95,2,134020,134115,132759
2701,1357,14,3,134115,134129,132772
2702,1357,28,2,134129,134157,132800
2703,1357,98,1,134157,134255,132898
2704,1358,17,3,134255,134272,132914
2705,1358,80,3,134272,134352,132994
2706,1359,100,2,134352,134452,133093
2707,1359,35,3,134452,134487,133128
2708,1359,51,2,134487,134538,133179
2709,1360,53,2,134538,134591,133231
2710,1360,24,2,134591,134615,133255
2711,1361,17,1,134615,134632,133271
2712,1362,86,3,134632,134718,133356
2713,1362,34,2,134718,134752,133390
2714,1362,79,2,134752,134831,133469
2715,1363,40,1,134831,134871,133508
2716,1363,91,2,134871,134962,133599
2717,1363,34,2,134962,134996,133633
2718,1364,20,3,134996,135016,133652
2719,1365,55,3,135016,135071,133706
2720,1366,21,3,135071,135092,133726
2721,1367,33,1,135092,135125,133758
2722,1368,82,2,135125,135207,133839
2723,1369,5,2,135207,135212,133843
2724,1369,83,1,135212,135295,133926
2725,1369,76,2,135295,135371,134002
2726,1369,6,2,135371,135377,134008
2727,1370,22,2,135377,135399,134029
2728,1370,88,3,135399,135487,134117
2729,1370,72,3,135487,135559,134189
2730,1371,14,1,135559,135573,134202
2731,1372,74,2,135573,135647,134275
2732,1372,11,3,135647,135658,134286
2733,1373,30,3,135658,135688,134315
2734,1373,27,1,135688,135715,134342
2735,1374,7,2,135715,135722,134348
2736,1374,28,1,135722,135750,134376
2737,1375,57,2,135750,135807,134432
2738,1376,70,2,135807,135877,134501
2739,1376,90,2,135877,135967,134591
2740,1377,28,1,135967,135995,134618
2741,1377,72,1,135995,136067,134690
2742,1377,95,3,136067,136162,134785
2743,1378,24,2,136162,136186,134808
2744,1378,47,3,136186,136233,134855
2745,1379,20,1,136233,136253,134874
2746,1379,47,2,136253,136300,134921
2747,1379,34,3,136300,136334,134955
2748,1379,31,2,136334,136365,134986
2749,1379,89,3,136365,136454,135075
2750,1379,23,3,136454,136477,135098
2751,1380,5,1,136477,136482,135102
2752,1380,9,3,136482,136491,135111
2753,1381,40,3,136491,136531,135150
2754,1382,50,3,136531,136581,135199
2755,1383,7,1,136581,136588,135205
2756,1383,10,2,136588,136598,135215
2757,1383,8,2,136598,136606,135223
2758,1383,1,1,136606,136607,135224
2759,1383,40,3,136607,136647,135264
2760,1383,58,1,136647,136705,135322
2761,1383,72,2,136705,136777,135394
2762,1384,33,2,136777,136810,135426
2763,1384,78,1,136810,136888,135504
2764,1385,81,2,136888,136969,135584
2765,1385,81,2,136969,137050,135665
2766,1385,75,2,137050,137125,135740
2767,1386,26,2,137125,137151,135765
2768,1386,36,1,137151,137187,135801
2769,1386,62,1,137187,137249,135863
2770,1387,81,2,137249,137330,135943
2771,1388,56,2,137330,137386,135998
2772,1388,93,2,137386,137479,136091
2773,1389,78,1,137479,137557,136168
2774,1390,43,3,137557,137600,136210
2775,1390,72,3,137600,137672,136282
2776,1391,51,2,137672,137723,136332
2777,1391,93,2,137723,137816,136425
2778,1392,42,3,137816,137858,136466
2779,1393,44,2,137858,137902,136509
2780,1393,99,3,137902,138001,136608
2781,1394,70,2,138001,138071,136677
2782,1395,89,1,138071,138160,136765
2783,1396,6,3,138160,138166,136770
2784,1397,96,3,138166,138262,136865
2785,1397,5,3,138262,138267,136870
2786,1398,0,1,138267,138267,136869
2787,1398,26,2,138267,138293,136895
2788,1398,67,2,138293,138360,136962
2789,1398,72,3,138360,138432,137034
2790,1398,61,2,138432,138493,137095
2791,1398,45,2,138493,138538,137140
2792,1398,1,2,138538,138539,137141
2793,1399,20,2,138539,138559,137160
2794,1399,97,1,138559,138656,137257
2795,1400,65,3,138656,138721,137321
2796,1400,30,3,138721,138751,137351
2797,1401,78,1,138751,138829,137428
2798,1402,72,3,138829,138901,137499
2799,1402,24,2,138901,138925,137523
2800,1402,51,3,138925,138976,137574
2801,1403,24,2,138976,139000,137597
2802,1403,70,2,139000,139070,137667
2803,1403,0,1,139070,139070,137667
2804,1403,54,2,139070,139124,137721
2805,1404,56,1,139124,139180,137776
2806,1404,60,3,139180,139240,137836
2807,1404,9,1,139240,139249,137845
2808,1404,13,1,139249,139262,137858
2809,1405,76,2,139262,139338,137933
2810,1405,24,1,139338,139362,137957
2811,1406,54,3,139362,139416,138010
2812,1406,48,2,139416,139464,138058
2813,1406,98,1,139464,139562,138156
2814,1407,85,3,139562,139647,138240
2815,1407,12,3,139647,139659,138252
2816,1407,88,2,139659,139747,138340
2817,1407,12,3,139747,139759,138352
2818,1408,80,1,139759,139839,138431
2819,1408,69,1,139839,139908,138500
2820,1409,10,2,139908,139918,138509
2821,1410,86,1,139918,140004,138594
2822,1411,55,1,140004,140059,138648
2823,1412,75,1,140059,140134,138722
2824,1413,25,3,140134,140159,138746
2825,1414,35,1,140159,140194,138780
2826,1414,70,3,140194,140264,138850
2827,1415,93,2,140264,140357,138942
2828,1415,89,1,140357,140446,139031
2829,1415,10,1,140446,140456,139041
2830,1416,94,3,140456,140550,139134
2831,1416,7,2,140550,140557,139141
2832,1417,19,3,140557,140576,139159
2833,1417,84,3,140576,140660,139243
2834,1417,59,2,140660,140719,139302
2835,1418,82,2,140719,140801,139383
2836,1418,89,1,140801,140890,139472
2837,1418,93,3,140890,140983,139565
2838,1419,4,3,140983,140987,139568
2839,1420,36,3,140987,141023,139603
2840,1421,23,1,141023,141046,139625
2841,1421,38,3,141046,141084,139663
2842,1421,40,1,141084,141124,139703
2843,1422,76,3,141124,141200,139778
2844,1423,57,2,141200,141257,139834
2845,1424,15,2,141257,141272,139848
2846,1424,26,2,141272,141298,139874
2847,1425,63,1,141298,141361,139936
2848,1425,20,3,141361,141381,139956
2849,1425,31,2,141381,141412,139987
2850,1425,72,3,141412,141484,140059
2851,1426,59,2,141484,141543,140117
2852,1427,38,1,141543,141581,140154
2853,1428,76,3,141581,141657,140229
2854,1428,43,1,141657,141700,140272
2855,1428,15,3,141700,141715,140287
2856,1429,87,1,141715,141802,140373
2857,1429,68,3,141802,141870,140441
2858,1429,63,2,141870,141933,140504
2859,1430,57,1,141933,141990,140560
2860,1430,12,2,141990,142002,140572
2861,1430,27,2,142002,142029,140599
2862,1430,82,1,142029,142111,140681
2863,1431,1,1,142111,142112,140681
2864,1432,2,2,142112,142114,140682
2865,1432,23,3,142114,142137,140705
2866,1433,44,3,142137,142181,140748
2867,1433,21,3,142181,142202,140769
2868,1434,1,2,142202,142203,140769
2869,1434,11,1,142203,142214,140780
2870,1435,23,2,142214,142237,140802
2871,1436,35,1,142237,142272,140836
2872,1437,99,2,142272,142371,140934
2873,1438,6,3,142371,142377,140939
2874,1439,98,1,142377,142475,141036
2875,1440,7,3,142475,142482,141042
2876,1441,92,3,142482,142574,141133
2877,1442,38,3,142574,142612,141170
2878,1442,49,1,142612,142661,141219
2879,1443,5,3,142661,142666,141223
2880,1443,99,3,142666,142765,141322
2881,1443,72,1,142765,142837,141394
2882,1444,65,3,142837,142902,141458
2883,1445,65,3,142902,142967,141522
2884,1446,19,3,142967,142986,141540
2885,1447,96,3,142986,143082,141635
2886,1448,18,2,143082,143100,141652
2887,1449,34,1,143100,143134,141685
2888,1450,45,3,143134,143179,141729
2889,1451,52,3,143179,143231,141780
2890,1452,7,3,143231,143238,141786
2891,1452,72,3,143238,143310,141858
2892,1452,40,1,143310,143350,141898
2893,1453,40,1,143350,143390,141937
2894,1453,2,3,143390,143392,141939
2895,1453,54,3,143392,143446,141993
2896,1453,53,2,143446,143499,142046
2897,1454,65,2,143499,143564,142110
2898,1455,98,3,143564,143662,142207
2899,1455,33,2,143662,143695,142240
2900,1455,56,3,143695,143751,142296
2901,1456,50,1,143751,143801,142345
2902,1457,44,3,143801,143845,142388
2903,1457,38,1,143845,143883,142426
2904,1457,32,2,143883,143915,142458
2905,1457,14,1,143915,143929,142472
2906,1458,55,3,143929,143984,142526
2907,1459,11,3,143984,143995,142536
2908,1459,76,2,143995,144071,142612
2909,1460,12,1,144071,144083,142623
2910,1460,46,3,144083,144129,142669
2911,1460,55,2,144129,144184,142724
2912,1460,54,3,144184,144238,142778
2913,1461,94,3,144238,144332,142871
2914,1462,61,1,144332,144393,142931
2915,1463,9,1,144393,144402,142939
2916,1463,34,3,144402,144436,142973
2917,1463,24,1,144436,144460,142997
2918,1464,46,1,144460,144506,143042
2919,1464,8,1,144506,144514,143050
2920,1464,97,3,144514,144611,143147
2921,1465,86,1,144611,144697,143232
2922,1465,38,2,144697,144735,143270
2923,1466,70,2,144735,144805,143339
2924,1467,54,3,144805,144859,143392
2925,1468,58,3,144859,144917,143449
2926,1468,74,2,144917,144991,143523
2927,1468,34,2,144991,145025,143557
2928,1468,29,3,145025,145054,143586
2929,1468,45,2,145054,145099,143631
2930,1469,54,2,145099,145153,143684
2931,1470,5,1,145153,145158,143688
2932,1470,77,2,145158,145235,143765
2933,1471,94,1,145235,145329,143858
2934,1472,47,3,145329,145376,143904
2935,1472,0,1,145376,145376,143904
2936,1472,42,3,145376,145418,143946
2937,1473,2,3,145418,145420,143947
2938,1474,48,3,145420,145468,143994
2939,1475,52,1,145468,145520,144045
2940,1475,38,1,145520,145558,144083
2941,1475,67,2,145558,145625,144150
2942,1475,19,2,145625,145644,144169
2943,1475,10,3,145644,145654,144179
2944,1476,51,2,145654,145705,144229
2945,1476,55,2,145705,145760,144284
2946,1477,39,2,145760,145799,144322
2947,1477,49,1,145799,145848,144371
2948,1477,100,1,145848,145948,144471
2949,1478,37,1,145948,145985,144507
2950,1479,3,2,145985,145988,144509
2951,1480,61,1,145988,146049,144569
2952,1480,99,1,146049,146148,144668
2953,1481,53,3,146148,146201,144720
2954,1481,92,2,146201,146293,144812
2955,1481,21,1,146293,146314,144833
2956,1482,45,3,146314,146359,144877
2957,1483,46,2,146359,146405,144922
2958,1483,47,2,146405,146452,144969
2959,1484,37,2,146452,146489,145005
2960,1485,70,1,146489,146559,145074
2961,1486,6,3,146559,146565,145079
2962,1487,27,3,146565,146592,145105
2963,1488,32,2,146592,146624,145136
2964,1489,90,1,146624,146714,145225
2965,1489,96,3,146714,146810,145321
2966,1490,8,3,146810,146818,145328
2967,1490,38,3,146818,146856,145366
2968,1491,82,2,146856,146938,145447
2969,1491,11,1,146938,146949,145458
2970,1491,91,1,146949,147040,145549
2971,1492,81,3,147040,147121,145629
2972,1492,33,2,147121,147154,145662
2973,1492,3,3,147154,147157,145665
2974,1493,53,1,147157,147210,145717
2975,1493,80,2,147210,147290,145797
2976,1493,89,2,147290,147379,145886
2977,1493,34,1,147379,147413,145920
2978,1493,39,3,147413,147452,145959
2979,1493,81,3,147452,147533,146040
2980,1494,15,2,147533,147548,146054
2981,1495,98,1,147548,147646,146151
2982,1495,93,2,147646,147739,146244
2983,1495,40,1,147739,147779,146284
2984,1495,59,3,147779,147838,146343
2985,1496,78,3,147838,147916,146420
2986,1496,44,1,147916,147960,146464
2987,1496,79,2,147960,148039,146543
2988,1497,75,2,148039,148114,146617
2989,1497,7,1,148114,148121,146624
2990,1497,60,2,148121,148181,146684
2991,1498,68,3,148181,148249,146751
2992,1499,21,1,148249,148270,146771
2993,1500,93,2,148270,148363,146863
2994,1501,30,3,148363,148393,146892
2995,1501,23,2,148393,148416,146915
2996,1502,86,3,148416,148502,147000
2997,1502,16,3,148502,148518,147016
2998,1502,58,2,148518,148576,147074
2999,1503,77,1,148576,148653,147150
3000,1503,6,3,148653,148659,147156
3001,1503,82,1,148659,148741,147238
3002,1504,52,3,148741,148793,147289
3003,1504,58,2,148793,148851,147347
3004,1504,34,2,148851,148885,147381
3005,1504,71,3,148885,148956,147452
3006,1505,97,1,148956,149053,147548
3007,1505,61,1,149053,149114,147609
3008,1506,33,2,149114,149147,147641
3009,1506,7,2,149147,149154,147648
3010,1507,51,2,149154,149205,147698
3011,1507,67,3,149205,149272,147765
3012,1508,19,1,149272,149291,147783
3013,1508,26,3,149291,149317,147809
3014,1508,7,3,149317,149324,147816
3015,1508,93,2,149324,149417,147909
3016,1509,24,3,149417,149441,147932
3017,1510,91,2,149441,149532,148022
3018,1510,74,3,149532,149606,148096
3019,1511,80,1,149606,149686,148175
3020,1512,77,3,149686,149763,148251
3021,1512,5,1,149763,149768,148256
3022,1513,94,1,149768,149862,148349
3023,1513,17,3,149862,149879,148366
3024,1513,7,2,149879,149886,148373
3025,1514,64,1,149886,149950,148436
3026,1515,59,2,149950,150009,148494
3027,1516,97,3,150009,150106,148590
3028,1517,8,1,150106,150114,148597
3029,1518,33,3,150114,150147,148629
3030,1518,56,3,150147,150203,148685
3031,1518,10,3,150203,150213,148695
3032,1519,5,2,150213,150218,148699
3033,1519,37,3,150218,150255,148736
3034,1520,99,2,150255,150354,148834
3035,1520,32,2,150354,150386,148866
3036,1520,20,3,150386,150406,148886
3037,1520,54,3,150406,150460,148940
3038,1520,9,2,150460,150469,148949
3039,1520,40,3,150469,150509,148989
3040,1521,19,3,150509,150528,149007
3041,1522,80,3,150528,150608,149086
3042,1523,93,3,150608,150701,149178
3043,1524,26,3,150701,150727,149203
3044,1525,15,2,150727,150742,149217
3045,1525,1,3,150742,150743,149218
3046,1526,13,1,150743,150756,149230
3047,1527,75,1,150756,150831,149304
3048,1528,30,2,150831,150861,149333
3049,1528,69,3,150861,150930,149402
3050,1529,31,3,150930,150961,149432
3051,1529,17,3,150961,150978,149449
3052,1529,58,2,150978,151036,149507
3053,1529,34,2,151036,151070,149541
3054,1529,35,1,151070,151105,149576
3055,1530,94,1,151105,151199,149669
3056,1531,49,1,151199,151248,149717
3057,1532,30,1,151248,151278,149746
3058,1533,39,3,151278,151317,149784
3059,1534,78,1,151317,151395,149861
3060,1534,92,1,151395,151487,149953
3061,1534,55,3,151487,151542,150008
3062,1535,61,2,151542,151603,150068
3063,1536,33,1,151603,151636,150100
3064,1537,87,1,151636,151723,150186
3065,1538,75,2,151723,151798,150260
3066,1538,96,3,151798,151894,150356
3067,1538,47,3,151894,151941,150403
3068,1538,67,3,151941,152008,150470
3069,1539,83,1,152008,152091,150552
3070,1540,26,3,152091,152117,150577
3071,1540,21,1,152117,152138,150598
3072,1540,54,3,152138,152192,150652
3073,1540,10,1,152192,152202,150662
3074,1541,10,1,152202,152212,150671
3075,1542,46,1,152212,152258,150716
3076,1542,97,3,152258,152355,150813
3077,1543,22,1,152355,152377,150834
3078,1543,10,2,152377,152387,150844
3079,1544,9,3,152387,152396,150852
3080,1544,11,1,152396,152407,150863
3081,1544,64,2,152407,152471,150927
3082,1545,63,2,152471,152534,150989
3083,1545,89,2,152534,152623,151078
3084,1545,63,3,152623,152686,151141
3085,1545,44,3,152686,152730,151185
3086,1545,5,1,152730,152735,151190
3087,1546,88,3,152735,152823,151277
3088,1547,91,1,152823,152914,151367
3089,1548,85,2,152914,152999,151451
3090,1548,6,2,152999,153005,151457
3091,1548,96,2,153005,153101,151553
3092,1548,68,1,153101,153169,151621
3093,1548,16,1,153169,153185,151637
3094,1549,81,1,153185,153266,151717
3095,1550,41,1,153266,153307,151757
3096,1551,61,2,153307,153368,151817
3097,1552,11,2,153368,153379,151827
3098,1552,54,3,153379,153433,151881
3099,1552,33,2,153433,153466,151914
3100,1553,100,2,153466,153566,152013
3101,1554,33,1,153566,153599,152045
3102,1554,18,1,153599,153617,152063
3103,1554,53,2,153617,153670,152116
3104,1555,53,3,153670,153723,152168
3105,1556,100,1,153723,153823,152267
3106,1556,95,3,153823,153918,152362
3107,1556,48,3,153918,153966,152410
3108,1557,73,2,153966,154039,152482
3109,1558,51,3,154039,154090,152532
3110,1558,8,2,154090,154098,152540
3111,1558,67,3,154098,154165,152607
3112,1559,57,1,154165,154222,152663
3113,1560,88,1,154222,154310,152750
3114,1561,95,3,154310,154405,152844
3115,1561,14,2,154405,154419,152858
3116,1562,62,1,154419,154481,152919
3117,1563,40,3,154481,154521,152958
3118,1564,29,1,154521,154550,152986
3119,1564,37,3,154550,154587,153023
3120,1565,70,1,154587,154657,153092
3121,1566,3,1,154657,154660,153094
3122,1566,7,3,154660,154667,153101
3123,1566,63,1,154667,154730,153164
3124,1566,21,2,154730,154751,153185
3125,1567,6,3,154751,154757,153190
3126,1568,4,1,154757,154761,153193
3127,1569,22,1,154761,154783,153214
3128,1569,37,2,154783,154820,153251
3129,1570,93,3,154820,154913,153343
3130,1571,5,3,154913,154918,153347
3131,1572,45,3,154918,154963,153391
3132,1572,60,3,154963,155023,153451
3133,1573,23,1,155023,155046,153473
3134,1574,57,3,155046,155103,153529
3135,1574,68,1,155103,155171,153597
3136,1574,82,3,155171,155253,153679
3137,1574,46,2,155253,155299,153725
3138,1575,37,2,155299,155336,153761
3139,1576,74,3,155336,155410,153834
3140,1576,36,1,155410,155446,153870
3141,1576,77,2,155446,155523,153947
3142,1576,3,2,155523,155526,153950
3143,1577,33,2,155526,155559,153982
3144,1577,19,3,155559,155578,154001
3145,1577,64,1,155578,155642,154065
3146,1578,0,2,155642,155642,154064
3147,1579,43,2,155642,155685,154106
3148,1579,67,1,155685,155752,154173
3149,1580,67,1,155752,155819,154239
3150,1580,89,1,155819,155908,154328
3151,1580,69,3,155908,155977,154397
3152,1581,63,3,155977,156040,154459
3153,1582,10,3,156040,156050,154468
3154,1583,27,2,156050,156077,154494
3155,1583,93,3,156077,156170,154587
3156,1583,49,3,156170,156219,154636
3157,1584,5,2,156219,156224,154640
3158,1585,84,1,156224,156308,154723
3159,1585,36,3,156308,156344,154759
3160,1585,89,3,156344,156433,154848
3161,1586,51,3,156433,156484,154898
3162,1587,13,2,156484,156497,154910
3163,1588,2,3,156497,156499,154911
3164,1588,48,3,156499,156547,154959
3165,1589,32,2,156547,156579,154990
3166,1589,1,2,156579,156580,154991
3167,1590,22,3,156580,156602,155012
3168,1591,95,2,156602,156697,155106
3169,1592,55,3,156697,156752,155160
3170,1592,50,3,156752,156802,155210
3171,1593,86,2,156802,156888,155295
3172,1594,97,3,156888,156985,155391
3173,1595,23,3,156985,157008,155413
3174,1596,99,3,157008,157107,155511
3175,1596,75,1,157107,157182,155586
3176,1597,1,3,157182,157183,155586
3177,1597,51,2,157183,157234,155637
3178,1598,55,3,157234,157289,155691
3179,1598,14,2,157289,157303,155705
3180,1598,79,2,157303,157382,155784
3181,1599,16,1,157382,157398,155799
3182,1600,99,3,157398,157497,155897
3183,1601,76,3,157497,157573,155972
3184,1602,18,1,157573,157591,155989
3185,1603,53,3,157591,157644,156041
3186,1603,81,2,157644,157725,156122
3187,1604,21,1,157725,157746,156142
3188,1605,66,2,157746,157812,156207
3189,1605,91,3,157812,157903,156298
3190,1605,86,3,157903,157989,156384
3191,1606,58,1,157989,158047,156441
3192,1606,74,3,158047,158121,156515
3193,1606,92,2,158121,158213,156607
3194,1607,4,2,158213,158217,156610
3195,1607,96,2,158217,158313,156706
3196,1608,52,3,158313,158365,156757
3197,1608,38,1,158365,158403,156795
3198,1608,80,3,158403,158483,156875
3199,1609,71,2,158483,158554,156945
3200,1610,65,2,158554,158619,157009
3201,1610,41,3,158619,158660,157050
3202,1611,26,3,158660,158686,157075
3203,1612,45,2,158686,158731,157119
3204,1612,62,2,158731,158793,157181
3205,1612,31,1,158793,158824,157212
3206,1613,70,3,158824,158894,157281
3207,1614,42,3,158894,158936,157322
3208,1615,17,3,158936,158953,157338
3209,1615,18,1,158953,158971,157356
3210,1615,31,3,158971,159002,157387
3211,1615,14,1,159002,159016,157401
3212,1615,72,1,159016,159088,157473
3213,1616,11,1,159088,159099,157483
3214,1617,43,1,159099,159142,157525
3215,1618,79,3,159142,159221,157603
3216,1619,50,2,159221,159271,157652
3217,1620,56,3,159271,159327,157707
3218,1620,30,2,159327,159357,157737
3219,1621,27,1,159357,159384,157763
3220,1621,31,3,159384,159415,157794
3221,1622,36,3,159415,159451,157829
3222,1623,12,3,159451,159463,157840
3223,1623,63,3,159463,159526,157903
3224,1624,76,2,159526,159602,157978
3225,1625,78,3,159602,159680,158055
3226,1626,85,1,159680,159765,158139
3227,1627,21,2,159765,159786,158159
3228,1628,24,3,159786,159810,158182
3229,1629,97,1,159810,159907,158278
3230,1630,1,1,159907,159908,158278
3231,1631,82,3,159908,159990,158359
3232,1632,44,2,159990,160034,158402
3233,1633,45,2,160034,160079,158446
3234,1634,93,1,160079,160172,158538
3235,1634,44,3,160172,160216,158582
3236,1634,25,1,160216,160241,158607
3237,1634,77,2,160241,160318,158684
3238,1635,48,1,160318,160366,158731
3239,1636,5,2,160366,160371,158735
3240,1636,19,2,160371,160390,158754
3241,1636,40,1,160390,160430,158794
3242,1636,34,2,160430,160464,158828
3243,1636,32,2,160464,160496,158860
3244,1637,71,1,160496,160567,158930
3245,1638,22,1,160567,160589,158951
3246,1639,53,3,160589,160642,159003
3247,1640,18,3,160642,160660,159020
3248,1641,77,3,160660,160737,159096
3249,1641,23,3,160737,160760,159119
3250,1642,67,2,160760,160827,159185
3251,1643,79,1,160827,160906,159263
3252,1644,7,1,160906,160913,159269
3253,1644,47,2,160913,160960,159316
3254,1645,63,1,160960,161023,159378
3255,1645,6,3,161023,161029,159384
3256,1646,52,3,161029,161081,159435
3257,1647,12,3,161081,161093,159446
3258,1648,31,2,161093,161124,159476
3259,1648,94,2,161124,161218,159570
3260,1648,83,3,161218,161301,159653
3261,1648,79,1,161301,161380,159732
3262,1649,81,3,161380,161461,159812
3263,1649,58,3,161461,161519,159870
3264,1649,94,1,161519,161613,159964
3265,1650,86,3,161613,161699,160049
3266,1650,64,2,161699,161763,160113
3267,1650,51,2,161763,161814,160164
3268,1651,46,3,161814,161860,160209
3269,1651,77,3,161860,161937,160286
3270,1651,66,1,161937,162003,160352
3271,1652,54,3,162003,162057,160405
3272,1652,9,1,162057,162066,160414
3273,1653,28,2,162066,162094,160441
3274,1654,38,1,162094,162132,160478
3275,1655,91,2,162132,162223,160568
3276,1655,42,2,162223,162265,160610
3277,1655,59,2,162265,162324,160669
3278,1656,82,2,162324,162406,160750
3279,1657,54,1,162406,162460,160803
3280,1657,45,1,162460,162505,160848
3281,1657,76,1,162505,162581,160924
3282,1658,71,1,162581,162652,160994
3283,1658,77,3,162652,162729,161071
3284,1659,15,3,162729,162744,161085
3285,1660,61,2,162744,162805,161145
3286,1661,60,3,162805,162865,161204
3287,1661,9,1,162865,162874,161213
3288,1662,5,1,162874,162879,161217
3289,1663,79,2,162879,162958,161295
3290,1664,44,1,162958,163002,161338
3291,1664,47,1,163002,163049,161385
3292,1664,54,3,163049,163103,161439
3293,1664,13,1,163103,163116,161452
3294,1665,39,2,163116,163155,161490
3295,1665,23,1,163155,163178,161513
3296,1665,49,1,163178,163227,161562
3297,1666,51,3,163227,163278,161612
3298,1667,49,1,163278,163327,161660
3299,1668,48,2,163327,163375,161707
3300,1668,3,3,163375,163378,161710
3301,1669,65,2,163378,163443,161774
3302,1670,61,3,163443,163504,161834
3303,1671,53,3,163504,163557,161886
3304,1671,8,1,163557,163565,161894
3305,1671,6,2,163565,163571,161900
3306,1671,22,2,163571,163593,161922
3307,1672,83,1,163593,163676,162004
3308,1673,11,3,163676,163687,162014
3309,1673,1,2,163687,163688,162015
3310,1673,0,1,163688,163688,162015
3311,1674,73,3,163688,163761,162087
3312,1675,55,2,163761,163816,162141
3313,1676,86,1,163816,163902,162226
3314,1677,37,2,163902,163939,162262
3315,1677,61,3,163939,164000,162323
3316,1678,52,1,164000,164052,162374
3317,1678,52,2,164052,164104,162426
3318,1679,67,3,164104,164171,162492
3319,1680,64,1,164171,164235,162555
3320,1680,3,2,164235,164238,162558
3321,1680,30,3,164238,164268,162588
3322,1681,5,2,164268,164273,162592
3323,1681,6,2,164273,164279,162598
3324,1681,95,2,164279,164374,162693
3325,1681,29,2,164374,164403,162722
3326,1681,14,3,164403,164417,162736
3327,1681,91,3,164417,164508,162827
3328,1682,1,1,164508,164509,162827
3329,1683,10,2,164509,164519,162836
3330,1683,4,2,164519,164523,162840
3331,1683,99,1,164523,164622,162939
3332,1683,5,3,164622,164627,162944
3333,1683,61,3,164627,164688,163005
3334,1683,96,2,164688,164784,163101
3335,1684,65,1,164784,164849,163165
3336,1685,92,2,164849,164941,163256
3337,1686,55,3,164941,164996,163310
3338,1687,91,1,164996,165087,163400
3339,1687,57,3,165087,165144,163457
3340,1688,30,3,165144,165174,163486
3341,1688,91,3,165174,165265,163577
3342,1689,20,2,165265,165285,163596
3343,1690,95,2,165285,165380,163690
3344,1691,88,2,165380,165468,163777
3345,1692,46,1,165468,165514,163822
3346,1692,30,2,165514,165544,163852
3347,1693,44,2,165544,165588,163895
3348,1694,26,1,165588,165614,163920
3349,1695,30,1,165614,165644,163949
3350,1695,33,3,165644,165677,163982
3351,1695,26,2,165677,165703,164008
3352,1695,71,1,165703,165774,164079
3353,1695,65,2,165774,165839,164144
3354,1695,18,2,165839,165857,164162
3355,1695,45,2,165857,165902,164207
3356,1695,0,2,165902,165902,164207
3357,1696,41,2,165902,165943,164247
3358,1696,75,2,165943,166018,164322
3359,1697,53,1,166018,166071,164374
3360,1697,44,2,166071,166115,164418
3361,1697,45,1,166115,166160,164463
3362,1697,4,1,166160,166164,164467
3363,1697,24,3,166164,166188,164491
3364,1698,52,2,166188,166240,164542
3365,1698,14,2,166240,166254,164556
3366,1698,68,3,166254,166322,164624
3367,1699,9,2,166322,166331,164632
3368,1700,91,3,166331,166422,164722
3369,1700,29,2,166422,166451,164751
3370,1700,23,2,166451,166474,164774
3371,1700,53,3,166474,166527,164827
3372,1701,68,1,166527,166595,164894
3373,1702,9,3,166595,166604,164902
3374,1703,15,2,166604,166619,164916
3375,1704,90,3,166619,166709,165005
3376,1704,56,1,166709,166765,165061
3377,1705,65,1,166765,166830,165125
3378,1705,78,3,166830,166908,165203
3379,1706,96,1,166908,167004,165298
3380,1706,59,2,167004,167063,165357
3381,1707,54,3,167063,167117,165410
3382,1707,63,2,167117,167180,165473
3383,1707,58,1,167180,167238,165531
3384,1708,23,2,167238,167261,165553
3385,1709,96,3,167261,167357,165648
3386,1710,6,2,167357,167363,165653
3387,1710,70,3,167363,167433,165723
3388,1710,44,1,167433,167477,165767
3389,1710,14,1,167477,167491,165781
3390,1710,2,1,167491,167493,165783
3391,1710,40,1,167493,167533,165823
3392,1711,28,1,167533,167561,165850
3393,1711,52,1,167561,167613,165902
3394,1711,9,1,167613,167622,165911
3395,1712,61,2,167622,167683,165971
3396,1713,76,2,167683,167759,166046
3397,1713,33,2,167759,167792,166079
3398,1713,17,3,167792,167809,166096
3399,1714,67,2,167809,167876,166162
3400,1715,20,1,167876,167896,166181
3401,1716,28,2,167896,167924,166208
3402,1716,53,2,167924,167977,166261
3403,1717,43,3,167977,168020,166303
3404,1717,12,3,168020,168032,166315
3405,1717,22,1,168032,168054,166337
3406,1717,20,2,168054,168074,166357
3407,1718,37,2,168074,168111,166393
3408,1719,52,3,168111,168163,166444
3409,1720,49,3,168163,168212,166492
3410,1720,81,1,168212,168293,166573
3411,1721,59,2,168293,168352,166631
3412,1722,38,3,168352,168390,166668
3413,1722,14,2,168390,168404,166682
3414,1722,95,2,168404,168499,166777
3415,1722,60,2,168499,168559,166837
3416,1723,50,1,168559,168609,166886
3417,1724,84,3,168609,168693,166969
3418,1724,17,2,168693,168710,166986
3419,1725,5,2,168710,168715,166990
3420,1725,32,1,168715,168747,167022
3421,1726,78,2,168747,168825,167099
3422,1727,86,3,168825,168911,167184
3423,1728,28,2,168911,168939,167211
3424,1728,88,2,168939,169027,167299
3425,1729,15,1,169027,169042,167313
3426,1729,41,1,169042,169083,167354
3427,1729,67,2,169083,169150,167421
3428,1729,77,2,169150,169227,167498
3429,1730,29,3,169227,169256,167526
3430,1730,90,3,169256,169346,167616
3431,1731,32,3,169346,169378,167647
3432,1732,49,1,169378,169427,167695
3433,1733,10,3,169427,169437,167704
3434,1734,58,2,169437,169495,167761
3435,1734,93,2,169495,169588,167854
3436,1734,79,1,169588,169667,167933
3437,1734,87,3,169667,169754,168020
3438,1735,28,1,169754,169782,168047
3439,1736,22,1,169782,169804,168068
3440,1737,41,2,169804,169845,168108
3441,1738,89,3,169845,169934,168196
3442,1739,50,1,169934,169984,168245
3443,1739,57,1,169984,170041,168302
3444,1740,69,1,170041,170110,168370
3445,1741,68,3,170110,170178,168437
3446,1741,59,3,170178,170237,168496
3447,1741,71,3,170237,170308,168567
3448,1742,49,1,170308,170357,168615
3449,1742,98,2,170357,170455,168713
3450,1742,33,3,170455,170488,168746
3451,1742,10,3,170488,170498,168756
3452,1743,87,1,170498,170585,168842
3453,1743,12,3,170585,170597,168854
3454,1744,21,1,170597,170618,168874
3455,1744,88,2,170618,170706,168962
3456,1745,82,3,170706,170788,169043
3457,1746,69,2,170788,170857,169111
3458,1747,79,1,170857,170936,169189
3459,1747,72,2,170936,171008,169261
3460,1747,9,3,171008,171017,169270
3461,1747,16,3,171017,171033,169286
3462,1747,49,1,171033,171082,169335
3463,1747,64,3,171082,171146,169399
3464,1747,61,3,171146,171207,169460
3465,1747,18,2,171207,171225,169478
3466,1747,17,1,171225,171242,169495
3467,1747,75,1,171242,171317,169570
3468,1748,100,1,171317,171417,169669
3469,1749,19,2,171417,171436,169687
3470,1749,46,3,171436,171482,169733
3471,1750,20,2,171482,171502,169752
3472,1751,74,1,171502,171576,169825
3473,1751,73,2,171576,171649,169898
3474,1751,25,3,171649,171674,169923
3475,1752,95,2,171674,171769,170017
3476,1753,30,3,171769,171799,170046
3477,1754,88,1,171799,171887,170133
3478,1754,40,3,171887,171927,170173
3479,1755,8,3,171927,171935,170180
3480,1756,68,3,171935,172003,170247
3481,1757,47,3,172003,172050,170293
3482,1757,35,2,172050,172085,170328
3483,1757,4,3,172085,172089,170332
3484,1757,0,1,172089,172089,170332
3485,1758,68,3,172089,172157,170399
3486,1759,83,3,172157,172240,170481
3487,1760,71,2,172240,172311,170551
3488,1761,83,1,172311,172394,170633
3489,1762,76,1,172394,172470,170708
3490,1762,65,1,172470,172535,170773
3491,1762,37,3,172535,172572,170810
3492,1763,9,3,172572,172581,170818
3493,1764,11,2,172581,172592,170828
3494,1765,73,1,172592,172665,170900
3495,1766,47,2,172665,172712,170946
3496,1766,22,3,172712,172734,170968
3497,1767,77,1,172734,172811,171044
3498,1768,72,1,172811,172883,171115
3499,1768,2,1,172883,172885,171117
3500,1769,11,1,172885,172896,171127
3501,1770,27,1,172896,172923,171153
3502,1770,9,1,172923,172932,171162
3503,1770,67,2,172932,172999,171229
3504,1771,47,1,172999,173046,171275
3505,1771,59,3,173046,173105,171334
3506,1771,3,3,173105,173108,171337
3507,1771,7,3,173108,173115,171344
3508,1772,53,1,173115,173168,171396
3509,1773,96,1,173168,173264,171491
3510,1773,63,2,173264,173327,171554
3511,1773,43,2,173327,173370,171597
3512,1773,67,2,173370,173437,171664
3513,1774,51,2,173437,173488,171714
3514,1775,43,2,173488,173531,171756
3515,1775,92,3,173531,173623,171848
3516,1775,44,2,173623,173667,171892
3517,1776,80,3,173667,173747,171971
3518,1776,48,3,173747,173795,172019
3519,1776,15,3,173795,173810,172034
3520,1777,8,1,173810,173818,172041
3521,1778,63,1,173818,173881,172103
3522,1778,87,1,173881,173968,172190
3523,1778,37,2,173968,174005,172227
3524,1779,74,1,174005,174079,172300
3525,1779,96,1,174079,174175,172396
3526,1779,63,1,174175,174238,172459
3527,1780,97,2,174238,174335,172555
3528,1780,39,3,174335,174374,172594
3529,1781,98,2,174374,174472,172691
3530,1782,64,3,174472,174536,172754
3531,1783,51,2,174536,174587,172804
3532,1784,67,2,174587,174654,172870
3533,1784,93,3,174654,174747,172963
3534,1784,60,1,174747,174807,173023
3535,1784,79,3,174807,174886,173102
3536,1785,26,1,174886,174912,173127
3537,1785,42,3,174912,174954,173169
3538,1786,12,2,174954,174966,173180
3539,1786,25,2,174966,174991,173205
3540,1787,10,2,174991,175001,173214
3541,1788,88,2,175001,175089,173301
3542,1788,61,2,175089,175150,173362
3543,1788,78,3,175150,175228,173440
3544,1788,83,2,175228,175311,173523
3545,1788,79,2,175311,175390,173602
3546,1789,84,1,175390,175474,173685
3547,1789,31,3,175474,175505,173716
3548,1790,12,1,175505,175517,173727
3549,1790,66,2,175517,175583,173793
3550,1791,70,2,175583,175653,173862
3551,1792,58,2,175653,175711,173919
3552,1792,23,3,175711,175734,173942
3553,1793,76,2,175734,175810,174017
3554,1794,88,2,175810,175898,174104
3555,1795,56,1,175898,175954,174159
3556,1796,88,2,175954,176042,174246
3557,1796,72,2,176042,176114,174318
3558,1796,45,3,176114,176159,174363
3559,1796,53,3,176159,176212,174416
3560,1796,54,1,176212,176266,174470
3561,1796,85,2,176266,176351,174555
3562,1797,71,3,176351,176422,174625
3563,1797,36,1,176422,176458,174661
3564,1797,97,1,176458,176555,174758
3565,1798,58,3,176555,176613,174815
3566,1799,90,3,176613,176703,174904
3567,1799,13,3,176703,176716,174917
3568,1800,92,1,176716,176808,175008
3569,1800,38,1,176808,176846,175046
3570,1800,96,2,176846,176942,175142
3571,1801,11,3,176942,176953,175152
3572,1801,2,1,176953,176955,175154
3573,1802,54,3,176955,177009,175207
3574,1803,28,1,177009,177037,175234
3575,1804,56,3,177037,177093,175289
3576,1804,97,3,177093,177190,175386
3577,1805,58,2,177190,177248,175443
3578,1805,6,1,177248,177254,175449
3579,1806,76,1,177254,177330,175524
3580,1806,20,3,177330,177350,175544
3581,1807,50,3,177350,177400,175593
3582,1808,89,3,177400,177489,175681
3583,1808,51,2,177489,177540,175732
3584,1809,56,2,177540,177596,175787
3585,1810,77,1,177596,177673,175863
3586,1810,87,2,177673,177760,175950
3587,1811,72,1,177760,177832,176021
3588,1812,58,3,177832,177890,176078
3589,1812,46,2,177890,177936,176124
3590,1812,98,2,177936,178034,176222
3591,1813,20,3,178034,178054,176241
3592,1814,16,1,178054,178070,176256
3593,1814,69,2,178070,178139,176325
3594,1814,41,2,178139,178180,176366
3595,1814,99,1,178180,178279,176465
3596,1814,78,1,178279,178357,176543
3597,1814,18,1,178357,178375,176561
3598,1815,13,2,178375,178388,176573
3599,1816,65,1,178388,178453,176637
3600,1816,22,2,178453,178475,176659
3601,1816,23,1,178475,178498,176682
3602,1817,37,3,178498,178535,176718
3603,1817,68,2,178535,178603,176786
3604,1818,58,1,178603,178661,176843
3605,1819,79,3,178661,178740,176921
3606,1820,57,1,178740,178797,176977
3607,1821,69,1,178797,178866,177045
3608,1821,90,2,178866,178956,177135
3609,1822,30,2,178956,178986,177164
3610,1822,7,3,178986,178993,177171
3611,1823,10,1,178993,179003,177180
3612,1823,94,1,179003,179097,177274
3613,1824,87,1,179097,179184,177360
3614,1824,3,3,179184,179187,177363
3615,1825,25,3,179187,179212,177387
3616,1825,80,3,179212,179292,177467
3617,1826,5,2,179292,179297,177471
3618,1826,6,1,179297,179303,177477
3619,1827,5,2,179303,179308,177481
3620,1827,81,3,179308,179389,177562
3621,1827,16,3,179389,179405,177578
3622,1827,88,2,179405,179493,177666
3623,1827,33,3,179493,179526,177699
3624,1828,44,2,179526,179570,177742
3625,1829,66,3,179570,179636,177807
3626,1830,7,1,179636,179643,177813
3627,1831,42,2,179643,179685,177854
3628,1831,27,1,179685,179712,177881
3629,1832,35,2,179712,179747,177915
3630,1833,42,3,179747,179789,177956
3631,1833,100,1,179789,179889,178056
3632,1834,52,3,179889,179941,178107
3633,1834,56,3,179941,179997,178163
3634,1835,98,1,179997,180095,178260
3635,1836,48,2,180095,180143,178307
3636,1836,55,2,180143,180198,178362
3637,1836,19,1,180198,180217,178381
3638,1836,51,2,180217,180268,178432
3639,1836,59,1,180268,180327,178491
3640,1836,55,2,180327,180382,178546
3641,1836,2,3,180382,180384,178548
3642,1836,27,2,180384,180411,178575
3643,1837,38,2,180411,180449,178612
3644,1838,91,3,180449,180540,178702
3645,1838,51,3,180540,180591,178753
3646,1838,10,1,180591,180601,178763
3647,1839,39,3,180601,180640,178801
3648,1840,72,2,180640,180712,178872
3649,1841,74,3,180712,180786,178945
3650,1842,73,3,180786,180859,179017
3651,1843,66,1,180859,180925,179082
3652,1844,39,1,180925,180964,179120
3653,1845,90,2,180964,181054,179209
3654,1846,12,2,181054,181066,179220
3655,1847,80,3,181066,181146,179299
3656,1848,10,2,181146,181156,179308
3657,1848,8,2,181156,181164,179316
3658,1848,6,1,181164,181170,179322
3659,1848,53,1,181170,181223,179375
3660,1849,79,3,181223,181302,179453
3661,1850,95,2,181302,181397,179547
3662,1851,60,1,181397,181457,179606
3663,1851,86,1,181457,181543,179692
3664,1852,5,1,181543,181548,179696
3665,1852,98,2,181548,181646,179794
3666,1853,24,2,181646,181670,179817
3667,1853,9,1,181670,181679,179826
3668,1853,87,1,181679,181766,179913
3669,1853,37,1,181766,181803,179950
3670,1853,41,2,181803,181844,179991
3671,1854,20,3,181844,181864,180010
3672,1855,46,1,181864,181910,180055
3673,1855,84,2,181910,181994,180139
3674,1855,46,3,181994,182040,180185
3675,1856,85,2,182040,182125,180269
3676,1857,65,3,182125,182190,180333
3677,1857,73,1,182190,182263,180406
3678,1857,64,2,182263,182327,180470
3679,1857,90,3,182327,182417,180560
3680,1857,92,3,182417,182509,180652
3681,1858,38,3,182509,182547,180689
3682,1858,18,3,182547,182565,180707
3683,1858,68,2,182565,182633,180775
3684,1858,72,3,182633,182705,180847
3685,1858,5,1,182705,182710,180852
3686,1859,31,2,182710,182741,180882
3687,1859,75,2,182741,182816,180957
3688,1859,1,3,182816,182817,180958
3689,1860,24,1,182817,182841,180981
3690,1860,39,2,182841,182880,181020
3691,1861,33,3,182880,182913,181052
3692,1861,7,3,182913,182920,181059
3693,1862,26,2,182920,182946,181084
3694,1862,83,1,182946,183029,181167
3695,1863,13,2,183029,183042,181179
3696,1864,13,1,183042,183055,181191
3697,1864,88,3,183055,183143,181279
3698,1864,93,2,183143,183236,181372
3699,1865,49,1,183236,183285,181420
3700,1866,76,1,183285,183361,181495
3701,1866,16,1,183361,183377,181511
3702,1867,97,2,183377,183474,181607
3703,1867,26,3,183474,183500,181633
3704,1867,82,1,183500,183582,181715
3705,1867,60,1,183582,183642,181775
3706,1867,60,2,183642,183702,181835
3707,1867,6,1,183702,183708,181841
3708,1868,58,3,183708,183766,181898
3709,1868,76,3,183766,183842,181974
3710,1868,51,3,183842,183893,182025
3711,1868,88,2,183893,183981,182113
3712,1869,88,3,183981,184069,182200
3713,1870,97,3,184069,184166,182296
3714,1870,22,1,184166,184188,182318
3715,1870,82,3,184188,184270,182400
3716,1870,60,2,184270,184330,182460
3717,1870,6,2,184330,184336,182466
3718,1871,90,3,184336,184426,182555
3719,1872,39,1,184426,184465,182593
3720,1873,79,1,184465,184544,182671
3721,1873,71,3,184544,184615,182742
3722,1873,24,2,184615,184639,182766
3723,1873,66,1,184639,184705,182832
3724,1874,91,1,184705,184796,182922
3725,1875,10,3,184796,184806,182931
3726,1875,93,2,184806,184899,183024
3727,1876,100,2,184899,184999,183123
3728,1877,56,1,184999,185055,183178
3729,1877,74,3,185055,185129,183252
3730,1877,95,2,185129,185224,183347
3731,1877,99,3,185224,185323,183446
3732,1878,98,1,185323,185421,183543
3733,1878,13,1,185421,185434,183556
3734,1879,8,2,185434,185442,183563
3735,1879,64,2,185442,185506,183627
3736,1880,6,2,185506,185512,183632
3737,1880,48,1,185512,185560,183680
3738,1880,0,2,185560,185560,183680
3739,1881,63,3,185560,185623,183742
3740,1881,63,3,185623,185686,183805
3741,1881,100,3,185686,185786,183905
3742,1882,93,3,185786,185879,183997
3743,1882,4,3,185879,185883,184001
3744,1883,89,1,185883,185972,184089
3745,1883,77,2,185972,186049,184166
3746,1883,23,3,186049,186072,184189
3747,1884,19,1,186072,186091,184207
3748,1884,55,3,186091,186146,184262
3749,1885,57,1,186146,186203,184318
3750,1886,6,2,186203,186209,184323
3751,1887,48,1,186209,186257,184370
3752,1888,38,3,186257,186295,184407
3753,1888,26,1,186295,186321,184433
3754,1888,58,3,186321,186379,184491
3755,1888,47,3,186379,186426,184538
3756,1888,28,3,186426,186454,184566
3757,1888,50,3,186454,186504,184616
3758,1888,18,2,186504,186522,184634
3759,1889,19,2,186522,186541,184652
3760,1890,49,1,186541,186590,184700
3761,1890,93,1,186590,186683,184793
3762,1891,25,1,186683,186708,184817
3763,1891,87,1,186708,186795,184904
3764,1892,57,3,186795,186852,184960
3765,1893,59,3,186852,186911,185018
3766,1894,35,2,186911,186946,185052
3767,1894,58,1,186946,187004,185110
3768,1895,72,3,187004,187076,185181
3769,1895,23,2,187076,187099,185204
3770,1896,20,3,187099,187119,185223
3771,1897,16,2,187119,187135,185238
3772,1897,23,2,187135,187158,185261
3773,1897,81,3,187158,187239,185342
3774,1898,76,3,187239,187315,185417
3775,1899,94,2,187315,187409,185510
3776,1900,4,1,187409,187413,185513
3777,1900,27,2,187413,187440,185540
3778,1901,73,3,187440,187513,185612
3779,1902,72,3,187513,187585,185683
3780,1903,76,2,187585,187661,185758
3781,1903,34,3,187661,187695,185792
3782,1903,46,1,187695,187741,185838
3783,1903,82,3,187741,187823,185920
3784,1904,29,3,187823,187852,185948
3785,1905,66,1,187852,187918,186013
3786,1905,81,2,187918,187999,186094
3787,1905,22,2,187999,188021,186116
3788,1905,42,3,188021,188063,186158
3789,1906,83,3,188063,188146,186240
3790,1906,71,3,188146,188217,186311
3791,1907,31,2,188217,188248,186341
3792,1907,49,3,188248,188297,186390
3793,1907,75,3,188297,188372,186465
3794,1908,50,1,188372,188422,186514
3795,1909,35,3,188422,188457,186548
3796,1910,100,2,188457,188557,186647
3797,1910,37,1,188557,188594,186684
3798,1911,76,1,188594,188670,186759
3799,1912,71,3,188670,188741,186829
3800,1913,67,3,188741,188808,186895
3801,1914,54,2,188808,188862,186948
3802,1915,83,2,188862,188945,187030
3803,1915,57,1,188945,189002,187087
3804,1915,50,2,189002,189052,187137
3805,1916,21,3,189052,189073,187157
3806,1916,93,1,189073,189166,187250
3807,1917,14,2,189166,189180,187263
3808,1917,98,2,189180,189278,187361
3809,1918,26,2,189278,189304,187386
3810,1919,3,3,189304,189307,187388
3811,1920,6,2,189307,189313,187393
3812,1921,68,1,189313,189381,187460
3813,1921,50,2,189381,189431,187510
3814,1921,40,1,189431,189471,187550
3815,1922,68,1,189471,189539,187617
3816,1923,76,1,189539,189615,187692
3817,1923,59,2,189615,189674,187751
3818,1923,62,3,189674,189736,187813
3819,1924,65,1,189736,189801,187877
3820,1925,19,3,189801,189820,187895
3821,1926,9,3,189820,189829,187903
3822,1926,36,2,189829,189865,187939
3823,1926,55,2,189865,189920,187994
3824,1927,69,1,189920,189989,188062
3825,1927,8,2,189989,189997,188070
3826,1927,28,3,189997,190025,188098
3827,1927,77,1,190025,190102,188175
3828,1927,36,2,190102,190138,188211
3829,1928,91,2,190138,190229,188301
3830,1929,71,3,190229,190300,188371
3831,1929,56,2,190300,190356,188427
3832,1930,90,2,190356,190446,188516
3833,1930,26,2,190446,190472,188542
3834,1931,80,2,190472,190552,188621
3835,1932,82,3,190552,190634,188702
3836,1933,36,2,190634,190670,188737
3837,1933,70,3,190670,190740,188807
3838,1934,27,1,190740,190767,188833
3839,1934,46,3,190767,190813,188879
3840,1935,35,3,190813,190848,188913
3841,1936,66,1,190848,190914,188978
3842,1937,59,3,190914,190973,189036
3843,1937,46,2,190973,191019,189082
3844,1938,50,3,191019,191069,189131
3845,1939,47,2,191069,191116,189177
3846,1940,75,3,191116,191191,189251
3847,1941,5,3,191191,191196,189255
3848,1941,76,2,191196,191272,189331
3849,1941,35,2,191272,191307,189366
3850,1941,80,1,191307,191387,189446
3851,1941,30,2,191387,191417,189476
3852,1941,17,1,191417,191434,189493
3853,1942,44,2,191434,191478,189536
3854,1943,64,3,191478,191542,189599
3855,1943,89,1,191542,191631,189688
3856,1943,67,1,191631,191698,189755
3857,1943,87,1,191698,191785,189842
3858,1944,46,1,191785,191831,189887
3859,1945,53,2,191831,191884,189939
3860,1946,63,2,191884,191947,190001
3861,1946,10,2,191947,191957,190011
3862,1946,56,3,191957,192013,190067
3863,1947,84,3,192013,192097,190150
3864,1947,56,3,192097,192153,190206
3865,1948,8,3,192153,192161,190213
3866,1948,61,1,192161,192222,190274
3867,1948,24,3,192222,192246,190298
3868,1949,52,3,192246,192298,190349
3869,1950,77,2,192298,192375,190425
3870,1951,60,1,192375,192435,190484
3871,1952,72,1,192435,192507,190555
3872,1952,48,3,192507,192555,190603
3873,1953,88,1,192555,192643,190690
3874,1954,82,2,192643,192725,190771
3875,1955,88,1,192725,192813,190858
3876,1956,82,3,192813,192895,190939
3877,1956,37,1,192895,192932,190976
3878,1957,43,3,192932,192975,191018
3879,1958,31,3,192975,193006,191048
3880,1959,25,1,193006,193031,191072
3881,1960,49,2,193031,193080,191120
3882,1961,26,1,193080,193106,191145
3883,1962,47,2,193106,193153,191191
3884,1962,92,2,193153,193245,191283
3885,1963,38,2,193245,193283,191320
3886,1963,100,3,193283,193383,191420
3887,1963,45,1,193383,193428,191465
3888,1963,95,2,193428,193523,191560
3889,1964,3,1,193523,193526,191562
3890,1964,2,1,193526,193528,191564
3891,1964,32,1,193528,193560,191596
3892,1964,82,3,193560,193642,191678
3893,1964,70,2,193642,193712,191748
3894,1965,80,1,193712,193792,191827
3895,1965,56,1,193792,193848,191883
3896,1965,76,1,193848,193924,191959
3897,1965,71,1,193924,193995,192030
3898,1966,53,1,193995,194048,192082
3899,1966,81,3,194048,194129,192163
3900,1967,84,3,194129,194213,192246
3901,1968,44,3,194213,194257,192289
3902,1968,36,3,194257,194293,192325
3903,1968,24,1,194293,194317,192349
3904,1969,94,1,194317,194411,192442
3905,1969,49,1,194411,194460,192491
3906,1970,9,2,194460,194469,192499
3907,1970,80,2,194469,194549,192579
3908,1970,35,2,194549,194584,192614
3909,1970,58,2,194584,194642,192672
3910,1971,90,1,194642,194732,192761
3911,1971,27,1,194732,194759,192788
3912,1972,56,3,194759,194815,192843
3913,1973,60,2,194815,194875,192902
3914,1974,97,2,194875,194972,192998
3915,1974,3,3,194972,194975,193001
3916,1975,98,2,194975,195073,193098
3917,1976,19,1,195073,195092,193116
3918,1976,8,1,195092,195100,193124
3919,1976,86,3,195100,195186,193210
3920,1977,14,1,195186,195200,193223
3921,1978,68,2,195200,195268,193290
3922,1978,93,3,195268,195361,193383
3923,1978,57,1,195361,195418,193440
3924,1978,27,1,195418,195445,193467
3925,1978,2,2,195445,195447,193469
3926,1978,93,3,195447,195540,193562
3927,1978,83,3,195540,195623,193645
3928,1979,68,3,195623,195691,193712
3929,1979,71,1,195691,195762,193783
3930,1980,36,3,195762,195798,193818
3931,1981,13,3,195798,195811,193830
3932,1982,31,1,195811,195842,193860
3933,1982,46,1,195842,195888,193906
3934,1982,76,3,195888,195964,193982
3935,1982,48,2,195964,196012,194030
3936,1982,19,3,196012,196031,194049
3937,1982,15,3,196031,196046,194064
3938,1983,84,3,196046,196130,194147
3939,1983,93,3,196130,196223,194240
3940,1983,69,2,196223,196292,194309
3941,1983,46,3,196292,196338,194355
3942,1984,77,3,196338,196415,194431
3943,1985,82,1,196415,196497,194512
3944,1986,94,3,196497,196591,194605
3945,1986,50,1,196591,196641,194655
3946,1987,86,2,196641,196727,194740
3947,1988,96,3,196727,196823,194835
3948,1989,93,2,196823,196916,194927
3949,1989,10,2,196916,196926,194937
3950,1989,11,2,196926,196937,194948
3951,1990,12,1,196937,196949,194959
3952,1991,42,3,196949,196991,195000
3953,1992,13,1,196991,197004,195012
3954,1993,31,3,197004,197035,195042
3955,1993,37,2,197035,197072,195079
3956,1994,9,1,197072,197081,195087
3957,1995,61,1,197081,197142,195147
3958,1995,98,1,197142,197240,195245
3959,1995,55,1,197240,197295,195300
3960,1996,13,2,197295,197308,195312
3961,1997,58,2,197308,197366,195369
3962,1997,26,2,197366,197392,195395
3963,1998,66,3,197392,197458,195460
3964,1999,32,3,197458,197490,195491
3965,1999,96,2,197490,197586,195587
3966,2000,72,3,197586,197658,195658
3967,2001,8,1,197658,197666,195665
3968,2001,80,2,197666,197746,195745
3969,2002,40,1,197746,197786,195784
3970,2003,44,3,197786,197830,195827
3971,2004,69,2,197830,197899,195895
3972,2004,71,1,197899,197970,195966
3973,2005,46,1,197970,198016,196011
3974,2006,9,3,198016,198025,196019
3975,2006,17,3,198025,198042,196036
3976,2007,25,2,198042,198067,196060
3977,2008,19,2,198067,198086,196078
3978,2009,13,3,198086,198099,196090
3979,2009,56,3,198099,198155,196146
3980,2010,57,1,198155,198212,196202
3981,2010,0,2,198212,198212,196202
3982,2010,91,3,198212,198303,196293
3983,2010,76,1,198303,198379,196369
3984,2011,36,3,198379,198415,196404
3985,2011,35,1,198415,198450,196439
3986,2012,98,2,198450,198548,196536
3987,2012,32,3,198548,198580,196568
3988,2012,2,1,198580,198582,196570
3989,2012,4,3,198582,198586,196574
3990,2013,57,3,198586,198643,196630
3991,2014,24,2,198643,198667,196653
3992,2014,95,3,198667,198762,196748
3993,2014,50,3,198762,198812,196798
3994,2015,61,3,198812,198873,196858
3995,2015,24,1,198873,198897,196882
3996,2016,58,3,198897,198955,196939
3997,2017,25,2,198955,198980,196963
3998,2018,13,3,198980,198993,196975
3999,2018,82,1,198993,199075,197057
4000,2019,54,1,199075,199129,197110
4001,2019,99,2,199129,199228,197209
4002,2019,29,3,199228,199257,197238
4003,2019,6,2,199257,199263,197244
4004,2020,28,1,199263,199291,197271
4005,2021,88,1,199291,199379,197358
4006,2022,31,2,199379,199410,197388
4007,2023,8,1,199410,199418,197395
4008,2023,18,2,199418,199436,197413
4009,2023,58,3,199436,199494,197471
4010,2023,50,2,199494,199544,197521
4011,2024,72,3,199544,199616,197592
4012,2025,35,3,199616,199651,197626
4013,2026,61,2,199651,199712,197686
4014,2026,87,1,199712,199799,197773
4015,2027,93,2,199799,199892,197865
4016,2028,2,1,199892,199894,197866
4017,2028,10,2,199894,199904,197876
4018,2028,66,2,199904,199970,197942
4019,2028,99,1,199970,200069,198041
4020,2029,34,2,200069,200103,198074
4021,2029,59,1,200103,200162,198133
4022,2030,17,1,200162,200179,198149
4023,2030,23,1,200179,200202,198172
4024,2031,7,1,200202,200209,198178
4025,2032,89,2,200209,200298,198266
4026,2032,26,2,200298,200324,198292
4027,2033,38,2,200324,200362,198329
4028,2033,5,1,200362,200367,198334
4029,2034,50,2,200367,200417,198383
4030,2035,86,1,200417,200503,198468
4031,2036,82,2,200503,200585,198549
4032,2037,7,3,200585,200592,198555
4033,2038,87,3,200592,200679,198641
4034,2039,45,2,200679,200724,198685
4035,2039,96,2,200724,200820,198781
4036,2039,90,3,200820,200910,198871
4037,2039,20,1,200910,200930,198891
4038,2040,46,1,200930,200976,198936
4039,2041,49,3,200976,201025,198984
4040,2041,49,2,201025,201074,199033
4041,2042,80,3,201074,201154,199112
4042,2043,88,2,201154,201242,199199
4043,2044,20,2,201242,201262,199218
4044,2045,65,2,201262,201327,199282
4045,2046,58,2,201327,201385,199339
4046,2047,24,1,201385,201409,199362
4047,2048,6,3,201409,201415,199367
4048,2049,26,3,201415,201441,199392
4049,2050,64,2,201441,201505,199455
4050,2050,76,2,201505,201581,199531
4051,2050,42,1,201581,201623,199573
4052,2050,8,1,201623,201631,199581
4053,2051,80,3,201631,201711,199660
4054,2052,23,3,201711,201734,199682
4055,2052,37,3,201734,201771,199719
4056,2052,86,2,201771,201857,199805
4057,2052,90,2,201857,201947,199895
4058,2053,52,1,201947,201999,199946
4059,2054,55,2,201999,202054,200000
4060,2054,11,2,202054,202065,200011
4061,2055,94,1,202065,202159,200104
4062,2055,46,2,202159,202205,200150
4063,2055,96,3,202205,202301,200246
4064,2056,60,3,202301,202361,200305
4065,2056,22,1,202361,202383,200327
4066,2057,19,1,202383,202402,200345
4067,2058,67,2,202402,202469,200411
4068,2059,9,3,202469,202478,200419
4069,2060,27,2,202478,202505,200445
4070,2060,4,1,202505,202509,200449
4071,2061,95,2,202509,202604,200543
4072,2061,88,2,202604,202692,200631
4073,2062,43,3,202692,202735,200673
4074,2063,95,2,202735,202830,200767
4075,2064,29,1,202830,202859,200795
4076,2065,21,3,202859,202880,200815
4077,2066,75,3,202880,202955,200889
4078,2067,35,1,202955,202990,200923
4079,2067,30,3,202990,203020,200953
4080,2068,8,3,203020,203028,200960
4081,2068,43,1,203028,203071,201003
4082,2068,62,3,203071,203133,201065
4083,2069,23,1,203133,203156,201087
4084,2070,6,1,203156,203162,201092
4085,2070,100,3,203162,203262,201192
4086,2070,42,2,203262,203304,201234
4087,2070,39,3,203304,203343,201273
4088,2070,9,2,203343,203352,201282
4089,2070,22,2,203352,203374,201304
4090,2071,80,3,203374,203454,201383
4091,2072,7,2,203454,203461,201389
4092,2073,83,2,203461,203544,201471
4093,2073,78,3,203544,203622,201549
4094,2074,26,2,203622,203648,201574
4095,2074,80,1,203648,203728,201654
4096,2074,58,3,203728,203786,201712
4097,2075,4,2,203786,203790,201715
4098,2075,59,3,203790,203849,201774
4099,2076,91,3,203849,203940,201864
4100,2077,66,3,203940,204006,201929
4101,2078,74,1,204006,204080,202002
4102,2079,35,2,204080,204115,202036
4103,2080,46,3,204115,204161,202081
4104,2081,67,1,204161,204228,202147
4105,2082,89,3,204228,204317,202235
4106,2082,59,3,204317,204376,202294
4107,2083,53,1,204376,204429,202346
4108,2084,26,1,204429,204455,202371
4109,2085,91,1,204455,204546,202461
4110,2086,95,3,204546,204641,202555
4111,2086,82,3,204641,204723,202637
4112,2086,9,2,204723,204732,202646
4113,2086,5,3,204732,204737,202651
4114,2087,56,1,204737,204793,202706
4115,2088,75,3,204793,204868,202780
4116,2089,63,3,204868,204931,202842
4117,2090,44,2,204931,204975,202885
4118,2091,0,2,204975,204975,202884
4119,2091,31,3,204975,205006,202915
4120,2091,49,3,205006,205055,202964
4121,2091,8,1,205055,205063,202972
4122,2092,84,3,205063,205147,203055
4123,2092,10,1,205147,205157,203065
4124,2092,69,3,205157,205226,203134
4125,2093,5,1,205226,205231,203138
4126,2094,1,2,205231,205232,203138
4127,2095,36,2,205232,205268,203173
4128,2095,5,2,205268,205273,203178
4129,2096,69,1,205273,205342,203246
4130,2096,49,2,205342,205391,203295
4131,2097,76,1,205391,205467,203370
4132,2097,91,1,205467,205558,203461
4133,2098,76,1,205558,205634,203536
4134,2098,41,3,205634,205675,203577
4135,2099,3,2,205675,205678,203579
4136,2099,24,2,205678,205702,203603
4137,2100,94,3,205702,205796,203696
4138,2101,95,2,205796,205891,203790
4139,2102,13,2,205891,205904,203802
4140,2102,17,1,205904,205921,203819
4141,2103,66,3,205921,205987,203884
4142,2104,51,3,205987,206038,203934
4143,2104,79,1,206038,206117,204013
4144,2104,89,3,206117,206206,204102
4145,2105,55,1,206206,206261,204156
4146,2106,15,2,206261,206276,204170
4147,2107,42,2,206276,206318,204211
4148,2108,66,1,206318,206384,204276
4149,2108,67,1,206384,206451,204343
4150,2109,64,3,206451,206515,204406
4151,2110,91,3,206515,206606,204496
4152,2111,58,3,206606,206664,204553
4153,2112,23,2,206664,206687,204575
4154,2113,87,2,206687,206774,204661
4155,2113,94,2,206774,206868,204755
4156,2113,31,2,206868,206899,204786
4157,2113,99,3,206899,206998,204885
4158,2114,39,3,206998,207037,204923
4159,2114,6,1,207037,207043,204929
4160,2115,47,2,207043,207090,204975
4161,2116,47,1,207090,207137,205021
4162,2117,80,1,207137,207217,205100
4163,2117,79,2,207217,207296,205179
4164,2117,24,2,207296,207320,205203
4165,2118,36,1,207320,207356,205238
4166,2118,67,2,207356,207423,205305
4167,2119,81,3,207423,207504,205385
4168,2119,0,3,207504,207504,205385
4169,2120,31,1,207504,207535,205415
4170,2121,64,2,207535,207599,205478
4171,2121,15,2,207599,207614,205493
4172,2121,45,1,207614,207659,205538
4173,2122,28,1,207659,207687,205565
4174,2122,24,2,207687,207711,205589
4175,2123,1,3,207711,207712,205589
4176,2124,96,3,207712,207808,205684
4177,2125,59,3,207808,207867,205742
4178,2126,74,2,207867,207941,205815
4179,2127,3,1,207941,207944,205817
4180,2128,75,2,207944,208019,205891
4181,2129,29,1,208019,208048,205919
4182,2130,52,2,208048,208100,205970
4183,2130,22,2,208100,208122,205992
4184,2130,73,3,208122,208195,206065
4185,2130,22,1,208195,208217,206087
4186,2131,6,1,208217,208223,206092
4187,2132,80,3,208223,208303,206171
4188,2132,36,1,208303,208339,206207
4189,2133,19,1,208339,208358,206225
4190,2133,8,2,208358,208366,206233
4191,2133,92,3,208366,208458,206325
4192,2134,97,2,208458,208555,206421
4193,2135,69,2,208555,208624,206489
4194,2135,66,1,208624,208690,206555
4195,2136,57,1,208690,208747,206611
4196,2136,93,1,208747,208840,206704
4197,2137,75,3,208840,208915,206778
4198,2137,66,1,208915,208981,206844
4199,2137,40,1,208981,209021,206884
4200,2138,9,3,209021,209030,206892
4201,2138,2,1,209030,209032,206894
4202,2139,56,2,209032,209088,206949
4203,2139,2,2,209088,209090,206951
4204,2139,80,2,209090,209170,207031
4205,2140,93,1,209170,209263,207123
4206,2140,27,2,209263,209290,207150
4207,2141,51,2,209290,209341,207200
4208,2142,70,1,209341,209411,207269
4209,2143,24,2,209411,209435,207292
4210,2143,1,2,209435,209436,207293
4211,2143,92,3,209436,209528,207385
4212,2144,68,3,209528,209596,207452
4213,2145,5,2,209596,209601,207456
4214,2146,27,1,209601,209628,207482
4215,2147,16,2,209628,209644,207497
4216,2148,52,2,209644,209696,207548
4217,2148,34,1,209696,209730,207582
4218,2148,43,3,209730,209773,207625
4219,2149,37,3,209773,209810,207661
4220,2149,8,2,209810,209818,207669
4221,2150,70,3,209818,209888,207738
4222,2150,43,3,209888,209931,207781
4223,2150,95,3,209931,210026,207876
4224,2150,66,2,210026,210092,207942
4225,2150,84,3,210092,210176,208026
4226,2150,26,2,210176,210202,208052
4227,2151,31,2,210202,210233,208082
4228,2151,68,2,210233,210301,208150
4229,2151,59,3,210301,210360,208209
4230,2152,93,1,210360,210453,208301
4231,2153,67,3,210453,210520,208367
4232,2153,45,3,210520,210565,208412
4233,2153,5,2,210565,210570,208417
4234,2153,50,3,210570,210620,208467
4235,2153,26,2,210620,210646,208493
4236,2154,4,3,210646,210650,208496
4237,2154,2,2,210650,210652,208498
4238,2155,36,1,210652,210688,208533
4239,2156,17,3,210688,210705,208549
4240,2157,85,2,210705,210790,208633
4241,2158,7,3,210790,210797,208639
4242,2158,73,2,210797,210870,208712
4243,2158,56,2,210870,210926,208768
4244,2158,17,2,210926,210943,208785
4245,2159,17,3,210943,210960,208801
4246,2160,94,3,210960,211054,208894
4247,2160,43,2,211054,211097,208937
4248,2160,40,3,211097,211137,208977
4249,2160,50,2,211137,211187,209027
4250,2161,74,3,211187,211261,209100
4251,2161,7,3,211261,211268,209107
4252,2161,12,2,211268,211280,209119
4253,2162,60,3,211280,211340,209178
4254,2162,91,2,211340,211431,209269
4255,2162,57,1,211431,211488,209326
4256,2162,96,1,211488,211584,209422
4257,2163,48,1,211584,211632,209469
4258,2164,4,2,211632,211636,209472
4259,2164,76,2,211636,211712,209548
4260,2165,9,2,211712,211721,209556
4261,2166,70,2,211721,211791,209625
4262,2166,60,3,211791,211851,209685
4263,2166,19,1,211851,211870,209704
4264,2167,58,3,211870,211928,209761
4265,2168,92,2,211928,212020,209852
4266,2168,28,3,212020,212048,209880
4267,2169,94,1,212048,212142,209973
4268,2169,75,2,212142,212217,210048
4269,2169,62,1,212217,212279,210110
4270,2170,48,3,212279,212327,210157
4271,2170,87,2,212327,212414,210244
4272,2171,48,3,212414,212462,210291
4273,2171,78,2,212462,212540,210369
4274,2172,24,2,212540,212564,210392
4275,2172,27,1,212564,212591,210419
4276,2172,26,3,212591,212617,210445
4277,2173,36,1,212617,212653,210480
4278,2173,99,1,212653,212752,210579
4279,2173,68,3,212752,212820,210647
4280,2174,10,2,212820,212830,210656
4281,2175,41,2,212830,212871,210696
4282,2175,19,3,212871,212890,210715
4283,2175,26,2,212890,212916,210741
4284,2175,44,3,212916,212960,210785
4285,2175,37,3,212960,212997,210822
4286,2175,90,2,212997,213087,210912
4287,2176,69,3,213087,213156,210980
4288,2176,74,3,213156,213230,211054
4289,2177,46,3,213230,213276,211099
4290,2178,42,2,213276,213318,211140
4291,2179,0,2,213318,213318,211139
4292,2180,90,2,213318,213408,211228
4293,2181,10,3,213408,213418,211237
4294,2181,82,2,213418,213500,211319
4295,2181,63,1,213500,213563,211382
4296,2182,0,1,213563,213563,211381
4297,2182,7,2,213563,213570,211388
4298,2182,33,2,213570,213603,211421
4299,2183,96,2,213603,213699,211516
4300,2184,3,3,213699,213702,211518
4301,2184,42,1,213702,213744,211560
4302,2184,38,2,213744,213782,211598
4303,2184,15,2,213782,213797,211613
4304,2184,66,2,213797,213863,211679
4305,2184,34,3,213863,213897,211713
4306,2185,65,2,213897,213962,211777
4307,2186,73,2,213962,214035,211849
4308,2187,71,2,214035,214106,211919
4309,2188,14,1,214106,214120,211932
4310,2188,57,2,214120,214177,211989
4311,2189,24,1,214177,214201,212012
4312,2190,18,1,214201,214219,212029
4313,2191,85,3,214219,214304,212113
4314,2191,92,3,214304,214396,212205
4315,2191,5,1,214396,214401,212210
4316,2191,55,3,214401,214456,212265
4317,2191,27,3,214456,214483,212292
4318,2191,60,3,214483,214543,212352
4319,2191,81,3,214543,214624,212433
4320,2192,88,2,214624,214712,212520
4321,2192,49,1,214712,214761,212569
4322,2193,73,2,214761,214834,212641
4323,2193,61,1,214834,214895,212702
4324,2194,82,3,214895,214977,212783
4325,2195,36,2,214977,215013,212818
4326,2195,6,1,215013,215019,212824
4327,2195,98,3,215019,215117,212922
4328,2196,76,1,215117,215193,212997
4329,2197,58,3,215193,215251,213054
4330,2198,83,1,215251,215334,213136
4331,2199,21,3,215334,215355,213156
4332,2199,36,1,215355,215391,213192
4333,2199,16,1,215391,215407,213208
4334,2199,24,3,215407,215431,213232
4335,2200,100,2,215431,215531,213331
4336,2201,84,3,215531,215615,213414
4337,2201,75,1,215615,215690,213489
4338,2201,80,3,215690,215770,213569
4339,2201,6,1,215770,215776,213575
4340,2201,78,3,215776,215854,213653
4341,2201,39,2,215854,215893,213692
4342,2202,38,3,215893,215931,213729
4343,2202,3,2,215931,215934,213732
4344,2203,51,3,215934,215985,213782
4345,2203,28,1,215985,216013,213810
4346,2203,63,2,216013,216076,213873
4347,2204,40,3,216076,216116,213912
4348,2204,86,2,216116,216202,213998
4349,2204,76,1,216202,216278,214074
4350,2205,18,1,216278,216296,214091
4351,2206,93,3,216296,216389,214183
4352,2207,59,3,216389,216448,214241
4353,2208,14,1,216448,216462,214254
4354,2208,11,1,216462,216473,214265
4355,2208,32,3,216473,216505,214297
4356,2209,79,1,216505,216584,214375
4357,2210,31,1,216584,216615,214405
4358,2210,93,1,216615,216708,214498
4359,2210,52,3,216708,216760,214550
4360,2210,9,1,216760,216769,214559
4361,2210,20,2,216769,216789,214579
4362,2210,55,1,216789,216844,214634
4363,2211,90,1,216844,216934,214723
4364,2212,6,1,216934,216940,214728
4365,2212,95,2,216940,217035,214823
4366,2212,58,2,217035,217093,214881
4367,2212,61,1,217093,217154,214942
4368,2212,85,1,217154,217239,215027
4369,2212,61,2,217239,217300,215088
4370,2213,15,1,217300,217315,215102
4371,2213,82,1,217315,217397,215184
4372,2213,95,2,217397,217492,215279
4373,2213,26,3,217492,217518,215305
4374,2214,83,2,217518,217601,215387
4375,2215,75,2,217601,217676,215461
4376,2215,93,2,217676,217769,215554
4377,2216,69,1,217769,217838,215622
4378,2217,61,2,217838,217899,215682
4379,2218,10,3,217899,217909,215691
4380,2219,41,2,217909,217950,215731
4381,2220,13,2,217950,217963,215743
4382,2220,43,2,217963,218006,215786
4383,2220,27,2,218006,218033,215813
4384,2220,36,2,218033,218069,215849
4385,2220,50,1,218069,218119,215899
4386,2220,25,1,218119,218144,215924
4387,2221,2,3,218144,218146,215925
4388,2222,41,2,218146,218187,215965
4389,2222,25,3,218187,218212,215990
4390,2222,35,3,218212,218247,216025
4391,2222,15,3,218247,218262,216040
4392,2223,92,1,218262,218354,216131
4393,2224,16,2,218354,218370,216146
4394,2225,7,1,218370,218377,216152
4395,2225,78,2,218377,218455,216230
4396,2225,44,2,218455,218499,216274
4397,2225,31,1,218499,218530,216305
4398,2226,56,1,218530,218586,216360
4399,2227,73,3,218586,218659,216432
4400,2227,72,2,218659,218731,216504
4401,2227,21,1,218731,218752,216525
4402,2227,10,1,218752,218762,216535
4403,2228,78,2,218762,218840,216612
4404,2229,58,3,218840,218898,216669
4405,2229,87,3,218898,218985,216756
4406,2230,15,1,218985,219000,216770
4407,2231,40,1,219000,219040,216809
4408,2231,4,3,219040,219044,216813
4409,2231,57,2,219044,219101,216870
4410,2231,49,2,219101,219150,216919
4411,2232,17,3,219150,219167,216935
4412,2233,68,3,219167,219235,217002
4413,2233,12,2,219235,219247,217014
4414,2233,84,3,219247,219331,217098
4415,2234,78,1,219331,219409,217175
4416,2234,83,1,219409,219492,217258
4417,2234,48,2,219492,219540,217306
4418,2234,79,1,219540,219619,217385
4419,2235,52,1,219619,219671,217436
4420,2235,28,2,219671,219699,217464
4421,2236,21,3,219699,219720,217484
4422,2236,14,1,219720,219734,217498
4423,2236,3,1,219734,219737,217501
4424,2237,99,3,219737,219836,217599
4425,2237,57,3,219836,219893,217656
4426,2238,42,2,219893,219935,217697
4427,2239,56,2,219935,219991,217752
4428,2240,25,3,219991,220016,217776
4429,2240,27,2,220016,220043,217803
4430,2241,29,3,220043,220072,217831
4431,2242,59,2,220072,220131,217889
4432,2243,100,3,220131,220231,217988
4433,2243,70,1,220231,220301,218058
4434,2244,21,1,220301,220322,218078
4435,2245,42,2,220322,220364,218119
4436,2246,22,3,220364,220386,218140
4437,2247,45,2,220386,220431,218184
4438,2247,6,2,220431,220437,218190
4439,2248,2,3,220437,220439,218191
4440,2248,66,3,220439,220505,218257
4441,2249,83,1,220505,220588,218339
4442,2250,47,2,220588,220635,218385
4443,2250,98,2,220635,220733,218483
4444,2250,19,2,220733,220752,218502
4445,2250,63,1,220752,220815,218565
4446,2250,2,1,220815,220817,218567
4447,2250,42,2,220817,220859,218609
4448,2250,55,3,220859,220914,218664
4449,2251,65,2,220914,220979,218728
4450,2251,99,2,220979,221078,218827
4451,2251,41,3,221078,221119,218868
4452,2252,95,1,221119,221214,218962
4453,2253,43,3,221214,221257,219004
4454,2254,46,3,221257,221303,219049
4455,2254,47,1,221303,221350,219096
4456,2255,90,3,221350,221440,219185
4457,2255,7,2,221440,221447,219192
4458,2255,76,3,221447,221523,219268
4459,2256,72,3,221523,221595,219339
4460,2257,7,1,221595,221602,219345
4461,2258,99,3,221602,221701,219443
4462,2259,34,3,221701,221735,219476
4463,2260,65,2,221735,221800,219540
4464,2260,66,2,221800,221866,219606
4465,2260,90,2,221866,221956,219696
4466,2261,67,3,221956,222023,219762
4467,2261,5,2,222023,222028,219767
4468,2261,0,2,222028,222028,219767
4469,2261,98,2,222028,222126,219865
4470,2261,46,1,222126,222172,219911
4471,2261,23,1,222172,222195,219934
4472,2262,21,3,222195,222216,219954
4473,2262,42,2,222216,222258,219996
4474,2263,83,1,222258,222341,220078
4475,2264,45,3,222341,222386,220122
4476,2264,16,2,222386,222402,220138
4477,2265,98,3,222402,222500,220235
4478,2265,85,1,222500,222585,220320
4479,2266,3,1,222585,222588,220322
4480,2267,37,1,222588,222625,220358
4481,2267,33,1,222625,222658,220391
4482,2268,25,1,222658,222683,220415
4483,2268,73,3,222683,222756,220488
4484,2268,13,1,222756,222769,220501
4485,2268,92,1,222769,222861,220593
4486,2269,97,3,222861,222958,220689
4487,2269,79,3,222958,223037,220768
4488,2270,71,1,223037,223108,220838
4489,2271,32,3,223108,223140,220869
4490,2272,24,3,223140,223164,220892
4491,2272,77,2,223164,223241,220969
4492,2272,99,2,223241,223340,221068
4493,2273,60,2,223340,223400,221127
4494,2274,20,2,223400,223420,221146
4495,2275,43,2,223420,223463,221188
4496,2276,25,1,223463,223488,221212
4497,2277,48,1,223488,223536,221259
4498,2278,62,2,223536,223598,221320
4499,2278,89,3,223598,223687,221409
4500,2278,49,1,223687,223736,221458
4501,2278,15,1,223736,223751,221473
4502,2278,24,2,223751,223775,221497
4503,2279,81,1,223775,223856,221577
4504,2279,17,2,223856,223873,221594
4505,2280,91,2,223873,223964,221684
4506,2281,38,3,223964,224002,221721
4507,2281,20,3,224002,224022,221741
4508,2282,27,2,224022,224049,221767
4509,2282,74,3,224049,224123,221841
4510,2283,38,1,224123,224161,221878
4511,2283,92,2,224161,224253,221970
4512,2283,52,3,224253,224305,222022
4513,2284,38,2,224305,224343,222059
4514,2285,64,2,224343,224407,222122
4515,2286,79,3,224407,224486,222200
4516,2287,31,1,224486,224517,222230
4517,2287,55,1,224517,224572,222285
4518,2288,49,2,224572,224621,222333
4519,2289,5,3,224621,224626,222337
4520,2289,99,2,224626,224725,222436
4521,2290,17,2,224725,224742,222452
4522,2291,17,3,224742,224759,222468
4523,2292,79,2,224759,224838,222546
4524,2293,54,3,224838,224892,222599
4525,2294,72,1,224892,224964,222670
4526,2295,65,3,224964,225029,222734
4527,2295,35,2,225029,225064,222769
4528,2295,94,2,225064,225158,222863
4529,2296,8,2,225158,225166,222870
4530,2297,28,3,225166,225194,222897
4531,2297,33,1,225194,225227,222930
4532,2298,55,2,225227,225282,222984
4533,2298,71,2,225282,225353,223055
4534,2298,17,3,225353,225370,223072
4535,2299,45,2,225370,225415,223116
4536,2299,53,3,225415,225468,223169
4537,2299,89,3,225468,225557,223258
4538,2299,83,3,225557,225640,223341
4539,2299,65,2,225640,225705,223406
4540,2300,49,3,225705,225754,223454
4541,2301,100,2,225754,225854,223553
4542,2301,99,1,225854,225953,223652
4543,2302,13,2,225953,225966,223664
4544,2303,35,2,225966,226001,223698
4545,2304,67,1,226001,226068,223764
4546,2304,26,3,226068,226094,223790
4547,2304,94,2,226094,226188,223884
4548,2305,0,1,226188,226188,223883
4549,2305,62,1,226188,226250,223945
4550,2305,23,1,226250,226273,223968
4551,2305,78,2,226273,226351,224046
4552,2306,73,1,226351,226424,224118
4553,2307,78,3,226424,226502,224195
4554,2308,26,3,226502,226528,224220
4555,2309,100,3,226528,226628,224319
4556,2310,48,1,226628,226676,224366
4557,2311,38,2,226676,226714,224403
4558,2311,81,2,226714,226795,224484
4559,2312,29,1,226795,226824,224512
4560,2312,73,3,226824,226897,224585
4561,2313,73,1,226897,226970,224657
4562,2314,75,1,226970,227045,224731
4563,2315,84,3,227045,227129,224814
4564,2315,54,1,227129,227183,224868
4565,2316,29,1,227183,227212,224896
4566,2316,46,1,227212,227258,224942
4567,2316,34,3,227258,227292,224976
4568,2317,81,3,227292,227373,225056
4569,2317,5,3,227373,227378,225061
4570,2317,72,2,227378,227450,225133
4571,2318,40,3,227450,227490,225172
4572,2318,9,1,227490,227499,225181
4573,2318,29,3,227499,227528,225210
4574,2319,15,2,227528,227543,225224
4575,2319,37,3,227543,227580,225261
4576,2319,86,1,227580,227666,225347
4577,2319,76,3,227666,227742,225423
4578,2320,80,2,227742,227822,225502
4579,2320,96,3,227822,227918,225598
4580,2320,100,1,227918,228018,225698
4581,2320,74,2,228018,228092,225772
4582,2320,84,1,228092,228176,225856
4583,2320,95,2,228176,228271,225951
4584,2321,28,3,228271,228299,225978
4585,2322,37,1,228299,228336,226014
4586,2322,19,1,228336,228355,226033
4587,2322,26,1,228355,228381,226059
4588,2323,78,1,228381,228459,226136
4589,2323,35,2,228459,228494,226171
4590,2324,30,2,228494,228524,226200
4591,2325,27,1,228524,228551,226226
4592,2326,29,2,228551,228580,226254
4593,2326,76,2,228580,228656,226330
4594,2326,19,2,228656,228675,226349
4595,2326,100,2,228675,228775,226449
4596,2327,54,3,228775,228829,226502
4597,2328,40,1,228829,228869,226541
4598,2328,97,3,228869,228966,226638
4599,2328,39,2,228966,229005,226677
4600,2328,43,3,229005,229048,226720
4601,2329,19,1,229048,229067,226738
4602,2330,94,1,229067,229161,226831
4603,2331,29,3,229161,229190,226859
4604,2331,40,3,229190,229230,226899
4605,2331,67,3,229230,229297,226966
4606,2331,52,3,229297,229349,227018
4607,2332,82,2,229349,229431,227099
4608,2333,10,2,229431,229441,227108
4609,2334,39,3,229441,229480,227146
4610,2334,99,3,229480,229579,227245
4611,2335,94,1,229579,229673,227338
4612,2336,53,2,229673,229726,227390
4613,2337,23,1,229726,229749,227412
4614,2338,20,2,229749,229769,227431
4615,2338,6,3,229769,229775,227437
4616,2338,4,1,229775,229779,227441
4617,2338,72,2,229779,229851,227513
4618,2339,5,3,229851,229856,227517
4619,2339,24,3,229856,229880,227541
4620,2339,43,3,229880,229923,227584
4621,2340,98,1,229923,230021,227681
4622,2340,89,2,230021,230110,227770
4623,2341,71,1,230110,230181,227840
4624,2342,50,2,230181,230231,227889
4625,2343,17,3,230231,230248,227905
4626,2344,83,1,230248,230331,227987
4627,2345,60,2,230331,230391,228046
4628,2345,25,3,230391,230416,228071
4629,2346,73,1,230416,230489,228143
4630,2347,86,2,230489,230575,228228
4631,2347,20,2,230575,230595,228248
4632,2348,50,2,230595,230645,228297
4633,2348,23,3,230645,230668,228320
4634,2348,84,1,230668,230752,228404
4635,2348,81,2,230752,230833,228485
4636,2348,24,2,230833,230857,228509
4637,2348,70,3,230857,230927,228579
4638,2348,17,2,230927,230944,228596
4639,2349,21,3,230944,230965,228616
4640,2350,81,3,230965,231046,228696
4641,2350,52,1,231046,231098,228748
4642,2351,12,1,231098,231110,228759
4643,2351,35,3,231110,231145,228794
4644,2351,42,3,231145,231187,228836
4645,2351,33,2,231187,231220,228869
4646,2352,38,1,231220,231258,228906
4647,2352,95,2,231258,231353,229001
4648,2353,42,2,231353,231395,229042
4649,2353,57,1,231395,231452,229099
4650,2354,65,1,231452,231517,229163
4651,2354,35,3,231517,231552,229198
4652,2355,96,2,231552,231648,229293
4653,2356,68,1,231648,231716,229360
4654,2356,43,2,231716,231759,229403
4655,2357,12,3,231759,231771,229414
4656,2358,61,3,231771,231832,229474
4657,2359,1,1,231832,231833,229474
4658,2360,16,1,231833,231849,229489
4659,2360,6,1,231849,231855,229495
4660,2360,60,3,231855,231915,229555
4661,2360,72,2,231915,231987,229627
4662,2361,70,1,231987,232057,229696
4663,2361,97,3,232057,232154,229793
4664,2362,19,2,232154,232173,229811
4665,2362,96,1,232173,232269,229907
4666,2362,1,3,232269,232270,229908
4667,2362,86,2,232270,232356,229994
4668,2363,31,3,232356,232387,230024
4669,2363,1,3,232387,232388,230025
4670,2364,82,1,232388,232470,230106
4671,2365,58,3,232470,232528,230163
4672,2366,35,2,232528,232563,230197
4673,2367,0,2,232563,232563,230196
4674,2368,67,3,232563,232630,230262
4675,2368,55,2,232630,232685,230317
4676,2369,85,1,232685,232770,230401
4677,2369,60,2,232770,232830,230461
4678,2369,76,1,232830,232906,230537
4679,2369,97,2,232906,233003,230634
4680,2369,54,1,233003,233057,230688
4681,2369,75,3,233057,233132,230763
4682,2369,60,1,233132,233192,230823
4683,2370,60,3,233192,233252,230882
4684,2371,9,2,233252,233261,230890
4685,2371,12,3,233261,233273,230902
4686,2372,49,1,233273,233322,230950
4687,2372,24,2,233322,233346,230974
4688,2373,67,1,233346,233413,231040
4689,2374,40,2,233413,233453,231079
4690,2375,86,2,233453,233539,231164
4691,2376,29,1,233539,233568,231192
4692,2377,16,1,233568,233584,231207
4693,2378,93,2,233584,233677,231299
4694,2379,12,1,233677,233689,231310
4695,2379,72,1,233689,233761,231382
4696,2379,57,3,233761,233818,231439
4697,2380,69,3,233818,233887,231507
4698,2380,100,3,233887,233987,231607
4699,2381,96,3,233987,234083,231702
4700,2382,68,1,234083,234151,231769
4701,2382,99,2,234151,234250,231868
4702,2382,53,1,234250,234303,231921
4703,2383,48,2,234303,234351,231968
4704,2383,0,2,234351,234351,231968
4705,2384,42,2,234351,234393,232009
4706,2384,71,2,234393,234464,232080
4707,2385,48,1,234464,234512,232127
4708,2385,28,2,234512,234540,232155
4709,2385,95,2,234540,234635,232250
4710,2385,20,2,234635,234655,232270
4711,2386,33,2,234655,234688,232302
4712,2386,26,2,234688,234714,232328
4713,2386,62,2,234714,234776,232390
4714,2387,72,3,234776,234848,232461
4715,2387,38,2,234848,234886,232499
4716,2388,13,2,234886,234899,232511
4717,2389,3,1,234899,234902,232513
4718,2390,81,2,234902,234983,232593
4719,2391,0,2,234983,234983,232592
4720,2392,63,2,234983,235046,232654
4721,2393,53,3,235046,235099,232706
4722,2394,96,2,235099,235195,232801
4723,2395,2,2,235195,235197,232802
4724,2396,88,2,235197,235285,232889
4725,2397,39,1,235285,235324,232927
4726,2397,49,2,235324,235373,232976
4727,2398,76,1,235373,235449,233051
4728,2398,36,2,235449,235485,233087
4729,2398,67,2,235485,235552,233154
4730,2398,0,1,235552,235552,233154
4731,2399,44,1,235552,235596,233197
4732,2399,100,2,235596,235696,233297
4733,2400,29,3,235696,235725,233325
4734,2400,42,1,235725,235767,233367
4735,2401,51,3,235767,235818,233417
4736,2401,21,2,235818,235839,233438
4737,2402,4,2,235839,235843,233441
4738,2403,94,1,235843,235937,233534
4739,2403,2,1,235937,235939,233536
4740,2403,51,1,235939,235990,233587
4741,2403,88,2,235990,236078,233675
4742,2404,16,2,236078,236094,233690
4743,2404,96,2,236094,236190,233786
4744,2405,27,3,236190,236217,233812
4745,2406,67,3,236217,236284,233878
4746,2406,75,1,236284,236359,233953
4747,2407,5,3,236359,236364,233957
4748,2407,1,2,236364,236365,233958
4749,2408,79,3,236365,236444,234036
4750,2408,78,2,236444,236522,234114
4751,2408,16,3,236522,236538,234130
4752,2408,10,3,236538,236548,234140
4753,2408,36,2,236548,236584,234176
4754,2409,68,3,236584,236652,234243
4755,2410,77,2,236652,236729,234319
4756,2410,11,3,236729,236740,234330
4757,2411,55,3,236740,236795,234384
4758,2411,87,3,236795,236882,234471
4759,2411,66,1,236882,236948,234537
4760,2412,52,2,236948,237000,234588
4761,2413,87,1,237000,237087,234674
4762,2413,73,3,237087,237160,234747
4763,2414,6,1,237160,237166,234752
4764,2415,26,2,237166,237192,234777
4765,2416,50,2,237192,237242,234826
4766,2417,70,3,237242,237312,234895
4767,2417,53,3,237312,237365,234948
4768,2417,55,1,237365,237420,235003
4769,2418,17,3,237420,237437,235019
4770,2418,84,3,237437,237521,235103
4771,2419,0,1,237521,237521,235102
4772,2420,84,3,237521,237605,235185
4773,2421,94,2,237605,237699,235278
4774,2422,85,1,237699,237784,235362
4775,2423,85,1,237784,237869,235446
4776,2423,92,3,237869,237961,235538
4777,2423,46,2,237961,238007,235584
4778,2423,99,2,238007,238106,235683
4779,2423,57,1,238106,238163,235740
4780,2423,26,3,238163,238189,235766
4781,2424,12,3,238189,238201,235777
4782,2424,27,2,238201,238228,235804
4783,2425,12,3,238228,238240,235815
4784,2425,71,3,238240,238311,235886
4785,2426,0,1,238311,238311,235885
4786,2427,80,1,238311,238391,235964
4787,2427,95,3,238391,238486,236059
4788,2427,42,1,238486,238528,236101
4789,2427,44,3,238528,238572,236145
4790,2428,73,3,238572,238645,236217
4791,2428,33,3,238645,238678,236250
4792,2428,62,1,238678,238740,236312
4793,2428,56,3,238740,238796,236368
4794,2428,71,2,238796,238867,236439
4795,2428,66,1,238867,238933,236505
4796,2428,82,3,238933,239015,236587
4797,2428,40,1,239015,239055,236627
4798,2429,56,3,239055,239111,236682
4799,2429,52,1,239111,239163,236734
4800,2429,22,1,239163,239185,236756
4801,2430,88,2,239185,239273,236843
4802,2430,86,1,239273,239359,236929
4803,2431,30,3,239359,239389,236958
4804,2432,76,1,239389,239465,237033
4805,2433,86,2,239465,239551,237118
4806,2433,36,3,239551,239587,237154
4807,2433,84,3,239587,239671,237238
4808,2433,84,2,239671,239755,237322
4809,2433,34,1,239755,239789,237356
4810,2433,62,2,239789,239851,237418
4811,2434,100,3,239851,239951,237517
4812,2434,45,2,239951,239996,237562
4813,2435,55,3,239996,240051,237616
4814,2436,40,3,240051,240091,237655
4815,2437,43,3,240091,240134,237697
4816,2437,55,3,240134,240189,237752
4817,2438,11,3,240189,240200,237762
4818,2439,83,1,240200,240283,237844
4819,2439,3,2,240283,240286,237847
4820,2439,16,3,240286,240302,237863
4821,2440,19,1,240302,240321,237881
4822,2440,59,3,240321,240380,237940
4823,2441,66,3,240380,240446,238005
4824,2442,28,3,240446,240474,238032
4825,2443,2,3,240474,240476,238033
4826,2444,15,3,240476,240491,238047
4827,2445,22,1,240491,240513,238068
4828,2445,7,3,240513,240520,238075
4829,2445,1,3,240520,240521,238076
4830,2445,58,1,240521,240579,238134
4831,2446,55,3,240579,240634,238188
4832,2447,27,2,240634,240661,238214
4833,2447,100,1,240661,240761,238314
4834,2447,31,2,240761,240792,238345
4835,2447,11,3,240792,240803,238356
4836,2448,49,1,240803,240852,238404
4837,2449,73,3,240852,240925,238476
4838,2449,87,1,240925,241012,238563
4839,2449,20,1,241012,241032,238583
4840,2450,19,3,241032,241051,238601
4841,2451,53,1,241051,241104,238653
4842,2452,0,3,241104,241104,238652
4843,2453,12,1,241104,241116,238663
4844,2454,12,3,241116,241128,238674
4845,2455,59,3,241128,241187,238732
4846,2455,40,3,241187,241227,238772
4847,2455,63,3,241227,241290,238835
4848,2455,32,2,241290,241322,238867
4849,2455,15,2,241322,241337,238882
4850,2456,41,2,241337,241378,238922
4851,2457,88,2,241378,241466,239009
4852,2458,68,2,241466,241534,239076
4853,2458,47,3,241534,241581,239123
4854,2458,85,1,241581,241666,239208
4855,2459,17,2,241666,241683,239224
4856,2460,63,1,241683,241746,239286
4857,2461,76,1,241746,241822,239361
4858,2462,8,1,241822,241830,239368
4859,2463,71,1,241830,241901,239438
4860,2463,48,2,241901,241949,239486
4861,2464,24,1,241949,241973,239509
4862,2464,44,3,241973,242017,239553
4863,2464,1,1,242017,242018,239554
4864,2465,94,1,242018,242112,239647
4865,2465,32,2,242112,242144,239679
4866,2465,80,3,242144,242224,239759
4867,2465,8,3,242224,242232,239767
4868,2466,53,3,242232,242285,239819
4869,2466,21,2,242285,242306,239840
4870,2467,59,2,242306,242365,239898
4871,2468,75,2,242365,242440,239972
4872,2468,49,2,242440,242489,240021
4873,2469,20,3,242489,242509,240040
4874,2470,64,3,242509,242573,240103
4875,2471,31,2,242573,242604,240133
4876,2472,1,2,242604,242605,240133
4877,2472,38,2,242605,242643,240171
4878,2473,71,3,242643,242714,240241
4879,2473,60,3,242714,242774,240301
4880,2474,42,1,242774,242816,240342
4881,2474,33,1,242816,242849,240375
4882,2474,100,3,242849,242949,240475
4883,2474,70,3,242949,243019,240545
4884,2474,25,3,243019,243044,240570
4885,2474,100,3,243044,243144,240670
4886,2475,76,1,243144,243220,240745
4887,2476,61,1,243220,243281,240805
4888,2477,27,3,243281,243308,240831
4889,2478,68,2,243308,243376,240898
4890,2478,30,1,243376,243406,240928
4891,2479,1,3,243406,243407,240928
4892,2480,32,3,243407,243439,240959
4893,2480,91,3,243439,243530,241050
4894,2481,57,2,243530,243587,241106
4895,2482,39,3,243587,243626,241144
4896,2482,68,2,243626,243694,241212
4897,2482,10,2,243694,243704,241222
4898,2483,100,1,243704,243804,241321
4899,2483,36,1,243804,243840,241357
4900,2483,0,1,243840,243840,241357
4901,2483,87,2,243840,243927,241444
4902,2483,15,2,243927,243942,241459
4903,2484,96,2,243942,244038,241554
4904,2485,53,2,244038,244091,241606
4905,2486,34,2,244091,244125,241639
4906,2487,63,1,244125,244188,241701
4907,2487,24,3,244188,244212,241725
4908,2487,13,1,244212,244225,241738
4909,2487,95,1,244225,244320,241833
4910,2487,38,3,244320,244358,241871
4911,2488,29,2,244358,244387,241899
4912,2489,49,1,244387,244436,241947
4913,2490,99,3,244436,244535,242045
4914,2490,96,1,244535,244631,242141
4915,2490,51,3,244631,244682,242192
4916,2490,28,2,244682,244710,242220
4917,2491,74,3,244710,244784,242293
4918,2491,42,1,244784,244826,242335
4919,2492,68,3,244826,244894,242402
4920,2493,82,2,244894,244976,242483
4921,2494,86,1,244976,245062,242568
4922,2495,76,1,245062,245138,242643
4923,2496,46,3,245138,245184,242688
4924,2496,93,3,245184,245277,242781
4925,2497,80,3,245277,245357,242860
4926,2497,13,2,245357,245370,242873
4927,2497,46,3,245370,245416,242919
4928,2498,17,2,245416,245433,242935
4929,2498,38,2,245433,245471,242973
4930,2498,12,2,245471,245483,242985
4931,2499,35,1,245483,245518,243019
4932,2500,97,3,245518,245615,243115
4933,2500,57,2,245615,245672,243172
4934,2501,13,2,245672,245685,243184
4935,2501,2,2,245685,245687,243186
4936,2501,73,1,245687,245760,243259
4937,2501,86,3,245760,245846,243345
4938,2502,59,3,245846,245905,243403
4939,2502,13,3,245905,245918,243416
4940,2502,93,2,245918,246011,243509
4941,2502,42,3,246011,246053,243551
4942,2502,34,3,246053,246087,243585
4943,2503,64,3,246087,246151,243648
4944,2504,84,2,246151,246235,243731
4945,2504,59,2,246235,246294,243790
4946,2504,35,2,246294,246329,243825
4947,2504,94,1,246329,246423,243919
4948,2505,79,1,246423,246502,243997
4949,2506,42,3,246502,246544,244038
4950,2507,58,3,246544,246602,244095
4951,2508,59,2,246602,246661,244153
4952,2509,14,3,246661,246675,244166
4953,2510,94,2,246675,246769,244259
4954,2510,88,3,246769,246857,244347
4955,2510,89,3,246857,246946,244436
4956,2511,98,2,246946,247044,244533
4957,2511,5,1,247044,247049,244538
4958,2511,28,3,247049,247077,244566
4959,2511,66,3,247077,247143,244632
4960,2511,90,1,247143,247233,244722
4961,2511,89,2,247233,247322,244811
4962,2511,73,1,247322,247395,244884
4963,2511,64,3,247395,247459,244948
4964,2511,32,2,247459,247491,244980
4965,2512,12,1,247491,247503,244991
4966,2512,79,3,247503,247582,245070
4967,2513,37,2,247582,247619,245106
4968,2513,87,1,247619,247706,245193
4969,2514,70,1,247706,247776,245262
4970,2515,29,1,247776,247805,245290
4971,2516,13,2,247805,247818,245302
4972,2517,50,3,247818,247868,245351
4973,2518,21,3,247868,247889,245371
4974,2518,19,3,247889,247908,245390
4975,2518,56,1,247908,247964,245446
4976,2519,90,3,247964,248054,245535
4977,2520,52,1,248054,248106,245586
4978,2521,36,3,248106,248142,245621
4979,2522,13,2,248142,248155,245633
4980,2523,9,2,248155,248164,245641
4981,2523,92,2,248164,248256,245733
4982,2524,9,1,248256,248265,245741
4983,2525,83,2,248265,248348,245823
4984,2525,29,1,248348,248377,245852
4985,2525,44,1,248377,248421,245896
4986,2526,79,3,248421,248500,245974
4987,2527,76,3,248500,248576,246049
4988,2528,34,2,248576,248610,246082
4989,2528,29,3,248610,248639,246111
4990,2528,34,1,248639,248673,246145
4991,2528,57,3,248673,248730,246202
4992,2529,15,1,248730,248745,246216
4993,2530,13,2,248745,248758,246228
4994,2531,6,2,248758,248764,246233
4995,2531,13,3,248764,248777,246246
4996,2531,28,2,248777,248805,246274
4997,2531,14,3,248805,248819,246288
4998,2531,21,3,248819,248840,246309
4999,2531,37,3,248840,248877,246346
5000,2532,6,2,248877,248883,246351
5001,2533,76,3,248883,248959,246426
5002,2534,98,3,248959,249057,246523
5003,2534,88,2,249057,249145,246611
5004,2534,74,1,249145,249219,246685
5005,2534,34,2,249219,249253,246719
5006,2534,8,1,249253,249261,246727
5007,2535,29,2,249261,249290,246755
5008,2536,78,3,249290,249368,246832
5009,2536,31,3,249368,249399,246863
5010,2537,52,3,249399,249451,246914
5011,2537,90,1,249451,249541,247004
5012,2538,84,1,249541,249625,247087
5013,2539,54,2,249625,249679,247140
5014,2539,89,3,249679,249768,247229
5015,2539,84,3,249768,249852,247313
5016,2539,19,1,249852,249871,247332
5017,2539,17,3,249871,249888,247349
5018,2540,67,1,249888,249955,247415
5019,2541,60,1,249955,250015,247474
5020,2541,98,2,250015,250113,247572
5021,2541,83,3,250113,250196,247655
5022,2542,96,2,250196,250292,247750
5023,2542,44,2,250292,250336,247794
5024,2542,83,2,250336,250419,247877
5025,2543,64,3,250419,250483,247940
5026,2544,26,3,250483,250509,247965
5027,2544,6,3,250509,250515,247971
5028,2544,42,1,250515,250557,248013
5029,2545,29,3,250557,250586,248041
5030,2545,12,2,250586,250598,248053
5031,2546,57,3,250598,250655,248109
5032,2546,69,3,250655,250724,248178
5033,2546,73,1,250724,250797,248251
5034,2546,0,1,250797,250797,248251
5035,2546,26,2,250797,250823,248277
5036,2546,22,1,250823,250845,248299
5037,2547,62,1,250845,250907,248360
5038,2547,10,2,250907,250917,248370
5039,2547,53,3,250917,250970,248423
5040,2547,30,2,250970,251000,248453
5041,2548,92,1,251000,251092,248544
5042,2549,12,3,251092,251104,248555
5043,2549,17,2,251104,251121,248572
5044,2550,44,1,251121,251165,248615
5045,2551,58,1,251165,251223,248672
5046,2551,66,1,251223,251289,248738
5047,2552,17,3,251289,251306,248754
5048,2552,49,3,251306,251355,248803
5049,2553,32,2,251355,251387,248834
5050,2553,20,2,251387,251407,248854
5051,2553,83,3,251407,251490,248937
5052,2554,21,1,251490,251511,248957
5053,2554,58,2,251511,251569,249015
5054,2554,78,2,251569,251647,249093
5055,2554,76,2,251647,251723,249169
5056,2555,24,1,251723,251747,249192
5057,2556,93,1,251747,251840,249284
5058,2556,64,3,251840,251904,249348
5059,2557,87,1,251904,251991,249434
5060,2558,66,2,251991,252057,249499
5061,2558,60,2,252057,252117,249559
5062,2559,99,3,252117,252216,249657
5063,2559,9,3,252216,252225,249666
5064,2559,34,3,252225,252259,249700
5065,2560,62,2,252259,252321,249761
5066,2561,66,2,252321,252387,249826
5067,2561,4,1,252387,252391,249830
5068,2561,71,1,252391,252462,249901
5069,2562,51,3,252462,252513,249951
5070,2563,66,3,252513,252579,250016
5071,2564,33,2,252579,252612,250048
5072,2565,17,1,252612,252629,250064
5073,2565,12,3,252629,252641,250076
5074,2565,36,3,252641,252677,250112
5075,2565,60,2,252677,252737,250172
5076,2566,56,3,252737,252793,250227
5077,2566,19,2,252793,252812,250246
5078,2566,5,2,252812,252817,250251
5079,2566,5,3,252817,252822,250256
5080,2567,87,3,252822,252909,250342
5081,2568,17,3,252909,252926,250358
5082,2569,60,1,252926,252986,250417
5083,2570,71,1,252986,253057,250487
5084,2571,72,3,253057,253129,250558
5085,2571,55,1,253129,253184,250613
5086,2571,67,1,253184,253251,250680
5087,2572,0,3,253251,253251,250679
5088,2573,5,2,253251,253256,250683
5089,2573,97,3,253256,253353,250780
5090,2574,59,1,253353,253412,250838
5091,2575,26,2,253412,253438,250863
5092,2576,99,2,253438,253537,250961
5093,2576,60,2,253537,253597,251021
5094,2576,98,1,253597,253695,251119
5095,2577,50,1,253695,253745,251168
5096,2578,16,3,253745,253761,251183
5097,2578,43,2,253761,253804,251226
5098,2578,48,2,253804,253852,251274
5099,2579,98,1,253852,253950,251371
5100,2579,15,3,253950,253965,251386
5101,2579,91,2,253965,254056,251477
5102,2579,16,2,254056,254072,251493
5103,2580,61,2,254072,254133,251553
5104,2581,99,1,254133,254232,251651
5105,2582,39,2,254232,254271,251689
5106,2583,29,3,254271,254300,251717
5107,2583,46,1,254300,254346,251763
5108,2584,88,2,254346,254434,251850
5109,2585,63,3,254434,254497,251912
5110,2586,8,2,254497,254505,251919
5111,2587,58,2,254505,254563,251976
5112,2588,97,3,254563,254660,252072
5113,2588,16,3,254660,254676,252088
5114,2589,4,3,254676,254680,252091
5115,2589,76,1,254680,254756,252167
5116,2589,68,3,254756,254824,252235
5117,2590,61,2,254824,254885,252295
5118,2590,56,3,254885,254941,252351
5119,2591,83,2,254941,255024,252433
5120,2591,5,3,255024,255029,252438
5121,2592,98,1,255029,255127,252535
5122,2593,16,2,255127,255143,252550
5123,2594,64,2,255143,255207,252613
5124,2594,86,2,255207,255293,252699
5125,2594,2,1,255293,255295,252701
5126,2595,3,3,255295,255298,252703
5127,2595,13,3,255298,255311,252716
5128,2596,94,3,255311,255405,252809
5129,2597,9,1,255405,255414,252817
5130,2598,75,1,255414,255489,252891
5131,2599,3,1,255489,255492,252893
5132,2599,54,2,255492,255546,252947
5133,2600,56,1,255546,255602,253002
5134,2601,80,3,255602,255682,253081
5135,2602,52,3,255682,255734,253132
5136,2603,44,3,255734,255778,253175
5137,2603,44,2,255778,255822,253219
5138,2604,67,3,255822,255889,253285
5139,2604,70,1,255889,255959,253355
5140,2604,17,2,255959,255976,253372
5141,2605,58,2,255976,256034,253429
5142,2605,16,3,256034,256050,253445
5143,2605,63,2,256050,256113,253508
5144,2605,30,3,256113,256143,253538
5145,2606,60,1,256143,256203,253597
5146,2607,31,3,256203,256234,253627
5147,2607,62,3,256234,256296,253689
5148,2608,91,2,256296,256387,253779
5149,2608,92,3,256387,256479,253871
5150,2609,47,1,256479,256526,253917
5151,2609,28,2,256526,256554,253945
5152,2609,31,3,256554,256585,253976
5153,2609,11,2,256585,256596,253987
5154,2609,91,2,256596,256687,254078
5155,2609,49,1,256687,256736,254127
5156,2610,98,1,256736,256834,254224
5157,2610,41,2,256834,256875,254265
5158,2611,70,1,256875,256945,254334
5159,2611,26,2,256945,256971,254360
5160,2612,73,2,256971,257044,254432
5161,2613,38,2,257044,257082,254469
5162,2614,88,3,257082,257170,254556
5163,2615,78,2,257170,257248,254633
5164,2615,75,3,257248,257323,254708
5165,2616,56,1,257323,257379,254763
5166,2616,45,1,257379,257424,254808
5167,2616,23,1,257424,257447,254831
5168,2617,52,2,257447,257499,254882
5169,2617,43,3,257499,257542,254925
5170,2618,27,1,257542,257569,254951
5171,2618,54,1,257569,257623,255005
5172,2618,75,3,257623,257698,255080
5173,2619,55,2,257698,257753,255134
5174,2619,72,1,257753,257825,255206
5175,2619,59,1,257825,257884,255265
5176,2619,31,1,257884,257915,255296
5177,2619,36,1,257915,257951,255332
5178,2619,68,1,257951,258019,255400
5179,2619,67,3,258019,258086,255467
5180,2619,11,1,258086,258097,255478
5181,2619,20,1,258097,258117,255498
5182,2619,36,2,258117,258153,255534
5183,2620,49,2,258153,258202,255582
5184,2620,19,1,258202,258221,255601
5185,2620,84,1,258221,258305,255685
5186,2621,50,2,258305,258355,255734
5187,2622,20,3,258355,258375,255753
5188,2622,48,1,258375,258423,255801
5189,2622,14,3,258423,258437,255815
5190,2623,80,1,258437,258517,255894
5191,2624,82,3,258517,258599,255975
5192,2624,16,1,258599,258615,255991
5193,2625,5,2,258615,258620,255995
5194,2626,92,1,258620,258712,256086
5195,2627,54,3,258712,258766,256139
5196,2627,57,1,258766,258823,256196
5197,2628,86,2,258823,258909,256281
5198,2629,82,2,258909,258991,256362
5199,2629,2,2,258991,258993,256364
5200,2630,27,2,258993,259020,256390
5201,2631,37,3,259020,259057,256426
5202,2631,66,2,259057,259123,256492
5203,2631,3,3,259123,259126,256495
5204,2631,95,3,259126,259221,256590
5205,2632,10,2,259221,259231,256599
5206,2633,45,2,259231,259276,256643
5207,2633,58,2,259276,259334,256701
5208,2634,9,1,259334,259343,256709
5209,2635,89,3,259343,259432,256797
5210,2635,53,1,259432,259485,256850
5211,2636,3,3,259485,259488,256852
5212,2637,47,3,259488,259535,256898
5213,2638,92,2,259535,259627,256989
5214,2639,87,3,259627,259714,257075
5215,2640,10,1,259714,259724,257084
5216,2640,80,1,259724,259804,257164
5217,2640,73,2,259804,259877,257237
5218,2640,63,1,259877,259940,257300
5219,2641,66,1,259940,260006,257365
5220,2642,71,3,260006,260077,257435
5221,2643,19,1,260077,260096,257453
5222,2644,75,1,260096,260171,257527
5223,2645,15,2,260171,260186,257541
5224,2645,58,2,260186,260244,257599
5225,2645,31,2,260244,260275,257630
5226,2645,65,3,260275,260340,257695
5227,2646,55,1,260340,260395,257749
5228,2646,81,2,260395,260476,257830
5229,2647,79,1,260476,260555,257908
5230,2647,34,3,260555,260589,257942
5231,2647,52,1,260589,260641,257994
5232,2648,53,2,260641,260694,258046
5233,2648,68,1,260694,260762,258114
5234,2648,27,1,260762,260789,258141
5235,2649,43,2,260789,260832,258183
5236,2650,95,3,260832,260927,258277
5237,2650,26,3,260927,260953,258303
5238,2650,13,2,260953,260966,258316
5239,2651,42,3,260966,261008,258357
5240,2651,27,2,261008,261035,258384
5241,2651,80,2,261035,261115,258464
5242,2651,81,2,261115,261196,258545
5243,2651,9,3,261196,261205,258554
5244,2651,84,2,261205,261289,258638
5245,2652,99,2,261289,261388,258736
5246,2652,40,2,261388,261428,258776
5247,2652,50,3,261428,261478,258826
5248,2653,45,2,261478,261523,258870
5249,2654,29,1,261523,261552,258898
5250,2655,79,2,261552,261631,258976
5251,2655,16,3,261631,261647,258992
5252,2655,36,2,261647,261683,259028
5253,2656,46,2,261683,261729,259073
5254,2657,56,3,261729,261785,259128
5255,2657,85,1,261785,261870,259213
5256,2657,86,1,261870,261956,259299
5257,2658,97,2,261956,262053,259395
5258,2659,2,1,262053,262055,259396
5259,2659,22,1,262055,262077,259418
5260,2660,35,2,262077,262112,259452
5261,2661,93,2,262112,262205,259544
5262,2662,79,2,262205,262284,259622
5263,2662,69,3,262284,262353,259691
5264,2663,20,3,262353,262373,259710
5265,2663,44,1,262373,262417,259754
5266,2663,93,2,262417,262510,259847
5267,2664,24,3,262510,262534,259870
5268,2665,3,1,262534,262537,259872
5269,2665,30,2,262537,262567,259902
5270,2666,37,2,262567,262604,259938
5271,2666,14,2,262604,262618,259952
5272,2666,76,1,262618,262694,260028
5273,2666,9,1,262694,262703,260037
5274,2667,13,3,262703,262716,260049
5275,2667,3,3,262716,262719,260052
5276,2668,40,2,262719,262759,260091
5277,2668,31,1,262759,262790,260122
5278,2668,15,2,262790,262805,260137
5279,2669,13,2,262805,262818,260149
5280,2670,90,1,262818,262908,260238
5281,2671,7,2,262908,262915,260244
5282,2672,39,1,262915,262954,260282
5283,2673,88,2,262954,263042,260369
5284,2673,71,1,263042,263113,260440
5285,2674,82,2,263113,263195,260521
5286,2675,75,2,263195,263270,260595
5287,2675,66,1,263270,263336,260661
5288,2675,16,3,263336,263352,260677
5289,2675,30,3,263352,263382,260707
5290,2676,87,3,263382,263469,260793
5291,2677,16,3,263469,263485,260808
5292,2677,45,1,263485,263530,260853
5293,2678,42,2,263530,263572,260894
5294,2678,23,2,263572,263595,260917
5295,2679,36,1,263595,263631,260952
5296,2679,79,1,263631,263710,261031
5297,2680,81,2,263710,263791,261111
5298,2681,42,2,263791,263833,261152
5299,2681,9,1,263833,263842,261161
5300,2682,33,1,263842,263875,261193
5301,2682,47,1,263875,263922,261240
5302,2682,63,2,263922,263985,261303
5303,2682,71,3,263985,264056,261374
5304,2682,86,1,264056,264142,261460
5305,2683,86,2,264142,264228,261545
5306,2684,50,1,264228,264278,261594
5307,2685,58,3,264278,264336,261651
5308,2685,100,3,264336,264436,261751
5309,2686,17,3,264436,264453,261767
5310,2687,21,2,264453,264474,261787
5311,2688,100,2,264474,264574,261886
5312,2688,16,2,264574,264590,261902
5313,2688,68,2,264590,264658,261970
5314,2688,27,1,264658,264685,261997
5315,2689,47,1,264685,264732,262043
5316,2689,8,2,264732,264740,262051
5317,2690,11,2,264740,264751,262061
5318,2690,48,3,264751,264799,262109
5319,2690,72,2,264799,264871,262181
5320,2690,94,3,264871,264965,262275
5321,2691,74,2,264965,265039,262348
5322,2691,33,2,265039,265072,262381
5323,2691,72,3,265072,265144,262453
5324,2691,9,3,265144,265153,262462
5325,2692,30,2,265153,265183,262491
5326,2692,100,1,265183,265283,262591
5327,2693,4,3,265283,265287,262594
5328,2693,19,2,265287,265306,262613
5329,2694,63,1,265306,265369,262675
5330,2694,48,3,265369,265417,262723
5331,2694,49,3,265417,265466,262772
5332,2695,85,3,265466,265551,262856
5333,2696,35,1,265551,265586,262890
5334,2696,7,2,265586,265593,262897
5335,2696,34,2,265593,265627,262931
5336,2697,5,3,265627,265632,262935
5337,2697,50,1,265632,265682,262985
5338,2698,51,1,265682,265733,263035
5339,2699,82,3,265733,265815,263116
5340,2700,85,2,265815,265900,263200
5341,2700,10,3,265900,265910,263210
5342,2700,88,1,265910,265998,263298
5343,2700,16,3,265998,266014,263314
5344,2701,61,1,266014,266075,263374
5345,2701,10,1,266075,266085,263384
5346,2701,74,3,266085,266159,263458
5347,2702,85,3,266159,266244,263542
5348,2703,10,3,266244,266254,263551
5349,2703,93,2,266254,266347,263644
5350,2704,68,1,266347,266415,263711
5351,2704,54,3,266415,266469,263765
5352,2704,48,3,266469,266517,263813
5353,2705,29,1,266517,266546,263841
5354,2705,37,2,266546,266583,263878
5355,2706,13,2,266583,266596,263890
5356,2706,99,3,266596,266695,263989
5357,2707,88,3,266695,266783,264076
5358,2708,6,3,266783,266789,264081
5359,2708,7,2,266789,266796,264088
5360,2708,43,1,266796,266839,264131
5361,2708,42,3,266839,266881,264173
5362,2709,35,2,266881,266916,264207
5363,2709,86,3,266916,267002,264293
5364,2710,43,3,267002,267045,264335
5365,2710,22,1,267045,267067,264357
5366,2711,78,1,267067,267145,264434
5367,2711,13,2,267145,267158,264447
5368,2712,90,3,267158,267248,264536
5369,2713,21,3,267248,267269,264556
5370,2714,81,2,267269,267350,264636
5371,2714,74,1,267350,267424,264710
5372,2715,55,2,267424,267479,264764
5373,2716,23,2,267479,267502,264786
5374,2716,57,2,267502,267559,264843
5375,2717,0,3,267559,267559,264842
5376,2718,72,3,267559,267631,264913
5377,2718,92,1,267631,267723,265005
5378,2719,96,2,267723,267819,265100
5379,2720,78,3,267819,267897,265177
5380,2720,1,3,267897,267898,265178
5381,2720,97,2,267898,267995,265275
5382,2721,93,2,267995,268088,265367
5383,2722,4,2,268088,268092,265370
5384,2722,84,1,268092,268176,265454
5385,2723,99,3,268176,268275,265552
5386,2723,68,1,268275,268343,265620
5387,2724,15,1,268343,268358,265634
5388,2724,63,1,268358,268421,265697
5389,2725,64,1,268421,268485,265760
5390,2726,4,1,268485,268489,265763
5391,2726,94,2,268489,268583,265857
5392,2726,52,1,268583,268635,265909
5393,2726,8,1,268635,268643,265917
5394,2726,6,1,268643,268649,265923
5395,2727,4,1,268649,268653,265926
5396,2728,18,3,268653,268671,265943
5397,2729,4,1,268671,268675,265946
5398,2730,46,1,268675,268721,265991
5399,2731,95,3,268721,268816,266085
5400,2731,97,3,268816,268913,266182
5401,2732,79,1,268913,268992,266260
5402,2732,14,3,268992,269006,266274
5403,2732,12,3,269006,269018,266286
5404,2733,60,2,269018,269078,266345
5405,2734,22,3,269078,269100,266366
5406,2735,81,2,269100,269181,266446
5407,2735,63,2,269181,269244,266509
5408,2736,88,3,269244,269332,266596
5409,2736,13,2,269332,269345,266609
5410,2736,33,2,269345,269378,266642
5411,2736,54,3,269378,269432,266696
5412,2737,65,3,269432,269497,266760
5413,2738,26,1,269497,269523,266785
5414,2739,19,2,269523,269542,266803
5415,2739,21,2,269542,269563,266824
5416,2740,44,2,269563,269607,266867
5417,2740,33,3,269607,269640,266900
5418,2740,65,1,269640,269705,266965
5419,2740,89,1,269705,269794,267054
5420,2740,81,3,269794,269875,267135
5421,2740,95,1,269875,269970,267230
5422,2740,57,1,269970,270027,267287
5423,2741,54,2,270027,270081,267340
5424,2742,52,3,270081,270133,267391
5425,2743,36,3,270133,270169,267426
5426,2743,57,3,270169,270226,267483
5427,2744,100,1,270226,270326,267582
5428,2745,68,2,270326,270394,267649
5429,2745,77,3,270394,270471,267726
5430,2746,57,2,270471,270528,267782
5431,2746,25,3,270528,270553,267807
5432,2746,96,2,270553,270649,267903
5433,2746,22,2,270649,270671,267925
5434,2747,23,2,270671,270694,267947
5435,2748,32,2,270694,270726,267978
5436,2748,1,3,270726,270727,267979
5437,2749,22,2,270727,270749,268000
5438,2749,39,2,270749,270788,268039
5439,2749,9,2,270788,270797,268048
5440,2750,84,1,270797,270881,268131
5441,2750,68,3,270881,270949,268199
5442,2750,33,3,270949,270982,268232
5443,2750,75,3,270982,271057,268307
5444,2750,57,3,271057,271114,268364
5445,2751,95,3,271114,271209,268458
5446,2752,72,1,271209,271281,268529
5447,2752,30,3,271281,271311,268559
5448,2753,64,3,271311,271375,268622
5449,2753,5,3,271375,271380,268627
5450,2753,86,3,271380,271466,268713
5451,2754,96,3,271466,271562,268808
5452,2754,50,3,271562,271612,268858
5453,2755,98,3,271612,271710,268955
5454,2755,97,1,271710,271807,269052
5455,2756,43,3,271807,271850,269094
5456,2756,60,1,271850,271910,269154
5457,2757,84,3,271910,271994,269237
5458,2757,79,2,271994,272073,269316
5459,2758,40,1,272073,272113,269355
5460,2758,32,2,272113,272145,269387
5461,2759,90,1,272145,272235,269476
5462,2760,100,2,272235,272335,269575
5463,2761,79,3,272335,272414,269653
5464,2762,76,1,272414,272490,269728
5465,2762,97,3,272490,272587,269825
5466,2762,88,2,272587,272675,269913
5467,2762,11,2,272675,272686,269924
5468,2762,49,3,272686,272735,269973
5469,2763,91,3,272735,272826,270063
5470,2763,19,2,272826,272845,270082
5471,2763,73,1,272845,272918,270155
5472,2763,6,1,272918,272924,270161
5473,2763,78,1,272924,273002,270239
5474,2764,50,3,273002,273052,270288
5475,2765,90,2,273052,273142,270377
5476,2766,96,1,273142,273238,270472
5477,2766,26,2,273238,273264,270498
5478,2766,31,1,273264,273295,270529
5479,2766,81,3,273295,273376,270610
5480,2767,57,3,273376,273433,270666
5481,2767,4,1,273433,273437,270670
5482,2767,62,3,273437,273499,270732
5483,2767,13,2,273499,273512,270745
5484,2768,9,2,273512,273521,270753
5485,2769,88,1,273521,273609,270840
5486,2770,14,3,273609,273623,270853
5487,2771,97,3,273623,273720,270949
5488,2771,31,2,273720,273751,270980
5489,2772,36,3,273751,273787,271015
5490,2772,19,2,273787,273806,271034
5491,2772,69,1,273806,273875,271103
5492,2772,73,1,273875,273948,271176
5493,2772,62,1,273948,274010,271238
5494,2773,52,1,274010,274062,271289
5495,2773,14,2,274062,274076,271303
5496,2774,49,1,274076,274125,271351
5497,2774,72,1,274125,274197,271423
5498,2775,19,2,274197,274216,271441
5499,2775,51,3,274216,274267,271492
5500,2775,54,3,274267,274321,271546
5501,2775,54,1,274321,274375,271600
5502,2775,96,3,274375,274471,271696
5503,2775,47,1,274471,274518,271743
5504,2775,16,1,274518,274534,271759
5505,2775,81,1,274534,274615,271840
5506,2776,1,1,274615,274616,271840
5507,2776,24,1,274616,274640,271864
5508,2777,31,1,274640,274671,271894
5509,2778,57,2,274671,274728,271950
5510,2778,21,3,274728,274749,271971
5511,2778,32,1,274749,274781,272003
5512,2778,28,3,274781,274809,272031
5513,2779,85,2,274809,274894,272115
5514,2780,8,1,274894,274902,272122
5515,2780,26,2,274902,274928,272148
5516,2780,54,1,274928,274982,272202
5517,2780,40,3,274982,275022,272242
5518,2780,96,3,275022,275118,272338
5519,2780,71,1,275118,275189,272409
5520,2781,18,2,275189,275207,272426
5521,2781,94,3,275207,275301,272520
5522,2781,56,1,275301,275357,272576
5523,2781,90,1,275357,275447,272666
5524,2781,1,2,275447,275448,272667
5525,2782,72,1,275448,275520,272738
5526,2783,15,2,275520,275535,272752
5527,2783,20,1,275535,275555,272772
5528,2784,68,2,275555,275623,272839
5529,2784,78,1,275623,275701,272917
5530,2785,52,1,275701,275753,272968
5531,2786,45,2,275753,275798,273012
5532,2787,71,2,275798,275869,273082
5533,2788,6,2,275869,275875,273087
5534,2789,14,1,275875,275889,273100
5535,2789,99,1,275889,275988,273199
5536,2789,36,2,275988,276024,273235
5537,2789,11,3,276024,276035,273246
5538,2789,80,1,276035,276115,273326
5539,2789,41,2,276115,276156,273367
5540,2790,34,2,276156,276190,273400
5541,2790,63,1,276190,276253,273463
5542,2791,90,2,276253,276343,273552
5543,2792,45,3,276343,276388,273596
5544,2793,16,2,276388,276404,273611
5545,2794,75,3,276404,276479,273685
5546,2794,18,2,276479,276497,273703
5547,2795,44,2,276497,276541,273746
5548,2796,64,1,276541,276605,273809
5549,2796,43,3,276605,276648,273852
5550,2797,19,3,276648,276667,273870
5551,2798,52,1,276667,276719,273921
5552,2798,15,1,276719,276734,273936
5553,2799,21,3,276734,276755,273956
5554,2800,33,3,276755,276788,273988
5555,2800,42,3,276788,276830,274030
5556,2800,58,2,276830,276888,274088
5557,2800,93,3,276888,276981,274181
5558,2801,28,1,276981,277009,274208
5559,2802,87,3,277009,277096,274294
5560,2802,75,1,277096,277171,274369
5561,2802,86,1,277171,277257,274455
5562,2802,92,1,277257,277349,274547
5563,2803,58,3,277349,277407,274604
5564,2803,84,1,277407,277491,274688
5565,2804,47,1,277491,277538,274734
5566,2804,88,3,277538,277626,274822
5567,2804,99,3,277626,277725,274921
5568,2805,98,3,277725,277823,275018
5569,2806,99,2,277823,277922,275116
5570,2807,98,3,277922,278020,275213
5571,2808,83,2,278020,278103,275295
5572,2809,70,2,278103,278173,275364
5573,2810,12,1,278173,278185,275375
5574,2811,34,2,278185,278219,275408
5575,2811,0,1,278219,278219,275408
5576,2812,79,2,278219,278298,275486
5577,2813,51,2,278298,278349,275536
5578,2813,13,3,278349,278362,275549
5579,2813,83,3,278362,278445,275632
5580,2813,92,1,278445,278537,275724
5581,2813,95,3,278537,278632,275819
5582,2814,14,3,278632,278646,275832
5583,2815,27,1,278646,278673,275858
5584,2815,49,2,278673,278722,275907
5585,2815,40,3,278722,278762,275947
5586,2816,55,1,278762,278817,276001
5587,2816,71,1,278817,278888,276072
5588,2817,73,1,278888,278961,276144
5589,2818,58,3,278961,279019,276201
5590,2818,52,2,279019,279071,276253
5591,2818,96,1,279071,279167,276349
5592,2819,35,1,279167,279202,276383
5593,2820,10,1,279202,279212,276392
5594,2820,95,1,279212,279307,276487
5595,2821,21,1,279307,279328,276507
5596,2821,10,1,279328,279338,276517
5597,2821,8,1,279338,279346,276525
5598,2822,11,2,279346,279357,276535
5599,2823,1,1,279357,279358,276535
5600,2824,56,3,279358,279414,276590
5601,2824,83,1,279414,279497,276673
5602,2825,79,2,279497,279576,276751
5603,2825,67,2,279576,279643,276818
5604,2825,82,1,279643,279725,276900
5605,2825,11,2,279725,279736,276911
5606,2826,81,2,279736,279817,276991
5607,2827,34,2,279817,279851,277024
5608,2827,98,3,279851,279949,277122
5609,2828,59,2,279949,280008,277180
5610,2828,14,1,280008,280022,277194
5611,2828,52,1,280022,280074,277246
5612,2828,82,1,280074,280156,277328
5613,2828,14,2,280156,280170,277342
5614,2829,96,2,280170,280266,277437
5615,2829,30,1,280266,280296,277467
5616,2830,56,3,280296,280352,277522
5617,2831,60,1,280352,280412,277581
5618,2831,26,1,280412,280438,277607
5619,2832,63,3,280438,280501,277669
5620,2833,71,3,280501,280572,277739
5621,2833,11,1,280572,280583,277750
5622,2834,16,2,280583,280599,277765
5623,2834,5,3,280599,280604,277770
5624,2834,65,2,280604,280669,277835
5625,2835,10,3,280669,280679,277844
5626,2835,13,2,280679,280692,277857
5627,2835,80,1,280692,280772,277937
5628,2835,73,2,280772,280845,278010
5629,2836,99,3,280845,280944,278108
5630,2837,61,3,280944,281005,278168
5631,2837,88,1,281005,281093,278256
5632,2837,97,1,281093,281190,278353
5633,2837,64,1,281190,281254,278417
5634,2837,36,1,281254,281290,278453
5635,2837,79,3,281290,281369,278532
5636,2838,59,3,281369,281428,278590
5637,2839,15,1,281428,281443,278604
5638,2839,94,2,281443,281537,278698
5639,2839,81,3,281537,281618,278779
5640,2839,27,2,281618,281645,278806
5641,2840,81,2,281645,281726,278886
5642,2841,28,3,281726,281754,278913
5643,2842,97,1,281754,281851,279009
5644,2843,19,2,281851,281870,279027
5645,2843,0,3,281870,281870,279027
5646,2844,71,1,281870,281941,279097
5647,2845,52,3,281941,281993,279148
5648,2845,27,3,281993,282020,279175
5649,2845,23,2,282020,282043,279198
5650,2846,60,2,282043,282103,279257
5651,2846,10,2,282103,282113,279267
5652,2847,92,3,282113,282205,279358
5653,2848,61,2,282205,282266,279418
5654,2849,21,1,282266,282287,279438
5655,2849,19,3,282287,282306,279457
5656,2849,6,3,282306,282312,279463
5657,2850,22,2,282312,282334,279484
5658,2850,42,2,282334,282376,279526
5659,2850,68,3,282376,282444,279594
5660,2851,45,2,282444,282489,279638
5661,2852,5,1,282489,282494,279642
5662,2852,98,3,282494,282592,279740
5663,2852,11,1,282592,282603,279751
5664,2852,59,2,282603,282662,279810
5665,2853,14,3,282662,282676,279823
5666,2853,17,1,282676,282693,279840
5667,2853,18,1,282693,282711,279858
5668,2854,25,1,282711,282736,279882
5669,2855,50,3,282736,282786,279931
5670,2856,23,2,282786,282809,279953
5671,2857,81,3,282809,282890,280033
5672,2858,57,1,282890,282947,280089
5673,2859,20,1,282947,282967,280108
5674,2859,91,1,282967,283058,280199
5675,2859,63,1,283058,283121,280262
5676,2860,67,2,283121,283188,280328
5677,2860,54,2,283188,283242,280382
5678,2861,73,1,283242,283315,280454
5679,2861,21,1,283315,283336,280475
5680,2862,84,3,283336,283420,280558
5681,2862,2,2,283420,283422,280560
5682,2862,74,3,283422,283496,280634
5683,2863,95,2,283496,283591,280728
5684,2863,26,3,283591,283617,280754
5685,2864,86,3,283617,283703,280839
5686,2865,73,3,283703,283776,280911
5687,2865,59,1,283776,283835,280970
5688,2866,11,2,283835,283846,280980
5689,2867,16,3,283846,283862,280995
5690,2867,71,3,283862,283933,281066
5691,2868,47,1,283933,283980,281112
5692,2868,92,1,283980,284072,281204
5693,2868,54,1,284072,284126,281258
5694,2869,3,2,284126,284129,281260
5695,2869,58,2,284129,284187,281318
5696,2870,69,2,284187,284256,281386
5697,2870,93,1,284256,284349,281479
5698,2870,3,1,284349,284352,281482
5699,2870,84,1,284352,284436,281566
5700,2870,22,3,284436,284458,281588
5701,2871,51,1,284458,284509,281638
5702,2872,89,3,284509,284598,281726
5703,2873,99,2,284598,284697,281824
5704,2874,3,3,284697,284700,281826
5705,2874,29,3,284700,284729,281855
5706,2874,98,1,284729,284827,281953
5707,2875,75,1,284827,284902,282027
5708,2875,65,2,284902,284967,282092
5709,2876,53,3,284967,285020,282144
5710,2877,73,2,285020,285093,282216
5711,2877,86,3,285093,285179,282302
5712,2877,1,2,285179,285180,282303
5713,2878,26,2,285180,285206,282328
5714,2878,28,2,285206,285234,282356
5715,2878,45,3,285234,285279,282401
5716,2879,18,3,285279,285297,282418
5717,2880,31,2,285297,285328,282448
5718,2880,98,1,285328,285426,282546
5719,2881,45,1,285426,285471,282590
5720,2882,38,2,285471,285509,282627
5721,2882,35,3,285509,285544,282662
5722,2883,3,1,285544,285547,282664
5723,2883,84,2,285547,285631,282748
5724,2883,68,2,285631,285699,282816
5725,2884,16,3,285699,285715,282831
5726,2884,100,3,285715,285815,282931
5727,2885,1,1,285815,285816,282931
5728,2886,94,1,285816,285910,283024
5729,2887,81,2,285910,285991,283104
5730,2887,50,2,285991,286041,283154
5731,2888,85,1,286041,286126,283238
5732,2888,88,3,286126,286214,283326
5733,2888,2,1,286214,286216,283328
5734,2889,29,3,286216,286245,283356
5735,2890,71,3,286245,286316,283426
5736,2890,62,1,286316,286378,283488
5737,2890,70,1,286378,286448,283558
5738,2890,70,2,286448,286518,283628
5739,2890,51,2,286518,286569,283679
5740,2890,96,2,286569,286665,283775
5741,2891,40,2,286665,286705,283814
5742,2891,2,2,286705,286707,283816
5743,2891,14,1,286707,286721,283830
5744,2892,73,3,286721,286794,283902
5745,2893,63,2,286794,286857,283964
5746,2893,26,1,286857,286883,283990
5747,2894,80,3,286883,286963,284069
5748,2894,7,1,286963,286970,284076
5749,2895,31,3,286970,287001,284106
5750,2895,91,2,287001,287092,284197
5751,2896,95,3,287092,287187,284291
5752,2896,14,1,287187,287201,284305
5753,2897,93,3,287201,287294,284397
5754,2898,52,3,287294,287346,284448
5755,2898,33,2,287346,287379,284481
5756,2898,0,3,287379,287379,284481
5757,2899,30,1,287379,287409,284510
5758,2900,31,3,287409,287440,284540
5759,2901,28,1,287440,287468,284567
5760,2902,51,2,287468,287519,284617
5761,2902,41,2,287519,287560,284658
5762,2902,62,1,287560,287622,284720
5763,2903,70,3,287622,287692,284789
5764,2903,81,3,287692,287773,284870
5765,2903,54,2,287773,287827,284924
5766,2904,48,2,287827,287875,284971
5767,2905,95,1,287875,287970,285065
5768,2906,9,3,287970,287979,285073
5769,2907,55,3,287979,288034,285127
5770,2907,48,3,288034,288082,285175
5771,2908,30,3,288082,288112,285204
5772,2909,20,3,288112,288132,285223
5773,2909,71,1,288132,288203,285294
5774,2909,77,3,288203,288280,285371
5775,2910,89,2,288280,288369,285459
5776,2910,70,1,288369,288439,285529
5777,2910,35,2,288439,288474,285564
5778,2911,92,3,288474,288566,285655
5779,2911,75,1,288566,288641,285730
5780,2911,54,3,288641,288695,285784
5781,2912,71,1,288695,288766,285854
5782,2913,24,1,288766,288790,285877
5783,2914,4,3,288790,288794,285880
5784,2914,94,1,288794,288888,285974
5785,2915,19,2,288888,288907,285992
5786,2916,32,1,288907,288939,286023
5787,2917,12,2,288939,288951,286034
5788,2917,33,3,288951,288984,286067
5789,2918,35,2,288984,289019,286101
5790,2918,37,1,289019,289056,286138
5791,2919,84,1,289056,289140,286221
5792,2919,83,1,289140,289223,286304
5793,2920,15,3,289223,289238,286318
5794,2920,84,3,289238,289322,286402
5795,2921,25,2,289322,289347,286426
5796,2922,52,2,289347,289399,286477
5797,2923,48,1,289399,289447,286524
5798,2924,89,2,289447,289536,286612
5799,2924,98,2,289536,289634,286710
5800,2924,39,3,289634,289673,286749
5801,2924,98,3,289673,289771,286847
5802,2924,94,1,289771,289865,286941
5803,2924,25,2,289865,289890,286966
5804,2924,11,1,289890,289901,286977
5805,2925,17,1,289901,289918,286993
5806,2926,34,3,289918,289952,287026
5807,2927,70,3,289952,290022,287095
5808,2928,93,3,290022,290115,287187
5809,2929,69,1,290115,290184,287255
5810,2929,40,1,290184,290224,287295
5811,2929,74,1,290224,290298,287369
5812,2930,84,3,290298,290382,287452
5813,2931,87,2,290382,290469,287538
5814,2931,53,3,290469,290522,287591
5815,2931,20,3,290522,290542,287611
5816,2932,77,1,290542,290619,287687
5817,2932,65,2,290619,290684,287752
5818,2933,0,1,290684,290684,287751
5819,2933,31,3,290684,290715,287782
5820,2933,89,1,290715,290804,287871
5821,2934,70,1,290804,290874,287940
5822,2934,68,3,290874,290942,288008
5823,2934,29,2,290942,290971,288037
5824,2934,53,1,290971,291024,288090
5825,2935,26,3,291024,291050,288115
5826,2936,74,2,291050,291124,288188
5827,2937,48,3,291124,291172,288235
5828,2937,86,2,291172,291258,288321
5829,2938,65,2,291258,291323,288385
5830,2939,31,2,291323,291354,288415
5831,2940,92,2,291354,291446,288506
5832,2941,98,3,291446,291544,288603
5833,2942,8,3,291544,291552,288610
5834,2943,40,3,291552,291592,288649
5835,2943,31,3,291592,291623,288680
5836,2944,99,2,291623,291722,288778
5837,2945,89,1,291722,291811,288866
5838,2945,58,3,291811,291869,288924
5839,2945,10,3,291869,291879,288934
5840,2946,7,3,291879,291886,288940
5841,2946,66,2,291886,291952,289006
5842,2946,10,3,291952,291962,289016
5843,2947,17,1,291962,291979,289032
5844,2947,95,2,291979,292074,289127
5845,2948,11,2,292074,292085,289137
5846,2949,63,1,292085,292148,289199
5847,2950,67,1,292148,292215,289265
5848,2951,70,3,292215,292285,289334
5849,2951,95,2,292285,292380,289429
5850,2952,91,1,292380,292471,289519
5851,2952,47,1,292471,292518,289566
5852,2952,51,2,292518,292569,289617
5853,2952,69,2,292569,292638,289686
5854,2953,91,2,292638,292729,289776
5855,2953,13,1,292729,292742,289789
5856,2954,14,2,292742,292756,289802
5857,2955,17,3,292756,292773,289818
5858,2955,14,3,292773,292787,289832
5859,2956,58,2,292787,292845,289889
5860,2957,62,2,292845,292907,289950
5861,2957,96,2,292907,293003,290046
5862,2958,19,1,293003,293022,290064
5863,2958,67,3,293022,293089,290131
5864,2959,45,1,293089,293134,290175
5865,2959,17,3,293134,293151,290192
5866,2960,29,1,293151,293180,290220
5867,2961,55,1,293180,293235,290274
5868,2962,63,1,293235,293298,290336
5869,2963,89,2,293298,293387,290424
5870,2963,72,3,293387,293459,290496
5871,2964,41,1,293459,293500,290536
5872,2964,44,3,293500,293544,290580
5873,2964,7,1,293544,293551,290587
5874,2965,60,3,293551,293611,290646
5875,2966,46,2,293611,293657,290691
5876,2966,60,1,293657,293717,290751
5877,2966,85,1,293717,293802,290836
5878,2967,42,1,293802,293844,290877
5879,2968,22,1,293844,293866,290898
5880,2968,35,2,293866,293901,290933
5881,2969,94,2,293901,293995,291026
5882,2970,10,3,293995,294005,291035
5883,2970,81,1,294005,294086,291116
5884,2971,13,2,294086,294099,291128
5885,2972,52,3,294099,294151,291179
5886,2973,24,2,294151,294175,291202
5887,2973,26,3,294175,294201,291228
5888,2974,68,1,294201,294269,291295
5889,2974,23,2,294269,294292,291318
5890,2974,30,3,294292,294322,291348
5891,2974,35,2,294322,294357,291383
5892,2975,60,1,294357,294417,291442
5893,2976,96,1,294417,294513,291537
5894,2977,46,2,294513,294559,291582
5895,2978,34,2,294559,294593,291615
5896,2978,26,1,294593,294619,291641
5897,2978,83,3,294619,294702,291724
5898,2979,79,3,294702,294781,291802
5899,2979,50,2,294781,294831,291852
5900,2980,35,1,294831,294866,291886
5901,2980,98,2,294866,294964,291984
5902,2980,21,3,294964,294985,292005
5903,2980,50,2,294985,295035,292055
5904,2980,36,1,295035,295071,292091
5905,2980,11,2,295071,295082,292102
5906,2981,6,2,295082,295088,292107
5907,2981,1,1,295088,295089,292108
5908,2981,87,2,295089,295176,292195
5909,2982,79,1,295176,295255,292273
5910,2983,34,2,295255,295289,292306
5911,2984,85,2,295289,295374,292390
5912,2985,36,1,295374,295410,292425
5913,2986,90,1,295410,295500,292514
5914,2986,21,2,295500,295521,292535
5915,2987,1,2,295521,295522,292535
5916,2987,38,3,295522,295560,292573
5917,2988,69,2,295560,295629,292641
5918,2988,18,1,295629,295647,292659
5919,2989,71,2,295647,295718,292729
5920,2990,65,3,295718,295783,292793
5921,2990,45,1,295783,295828,292838
5922,2991,62,3,295828,295890,292899
5923,2991,75,2,295890,295965,292974
5924,2992,15,1,295965,295980,292988
5925,2992,66,2,295980,296046,293054
5926,2992,44,3,296046,296090,293098
5927,2993,83,3,296090,296173,293180
5928,2994,52,2,296173,296225,293231
5929,2995,12,3,296225,296237,293242
5930,2995,76,2,296237,296313,293318
5931,2996,0,3,296313,296313,293317
5932,2996,40,1,296313,296353,293357
5933,2996,60,2,296353,296413,293417
5934,2996,87,1,296413,296500,293504
5935,2997,11,2,296500,296511,293514
5936,2997,69,1,296511,296580,293583
5937,2998,51,3,296580,296631,293633
5938,2999,54,3,296631,296685,293686
5939,2999,38,3,296685,296723,293724
5940,3000,98,1,296723,296821,293821
5941,3001,81,1,296821,296902,293901
5942,3002,24,3,296902,296926,293924
5943,3002,32,2,296926,296958,293956
5944,3003,68,3,296958,297026,294023
5945,3003,95,3,297026,297121,294118
5946,3003,98,3,297121,297219,294216
5947,3004,2,2,297219,297221,294217
5948,3005,74,3,297221,297295,294290
5949,3005,29,2,297295,297324,294319
5950,3006,31,1,297324,297355,294349
5951,3006,99,2,297355,297454,294448
5952,3006,47,1,297454,297501,294495
5953,3006,92,2,297501,297593,294587
5954,3007,49,1,297593,297642,294635
5955,3007,30,2,297642,297672,294665
5956,3008,26,3,297672,297698,294690
5957,3009,57,2,297698,297755,294746
5958,3010,59,2,297755,297814,294804
5959,3011,16,3,297814,297830,294819
5960,3012,84,2,297830,297914,294902
5961,3012,68,3,297914,297982,294970
5962,3012,64,1,297982,298046,295034
5963,3012,45,3,298046,298091,295079
5964,3013,67,3,298091,298158,295145
5965,3013,35,3,298158,298193,295180
5966,3014,76,1,298193,298269,295255
5967,3015,3,3,298269,298272,295257
5968,3015,19,1,298272,298291,295276
5969,3015,7,2,298291,298298,295283
5970,3015,58,1,298298,298356,295341
5971,3016,51,2,298356,298407,295391
5972,3017,98,1,298407,298505,295488
5973,3018,1,1,298505,298506,295488
5974,3018,76,2,298506,298582,295564
5975,3019,84,2,298582,298666,295647
5976,3020,5,1,298666,298671,295651
5977,3021,3,1,298671,298674,295653
5978,3021,4,2,298674,298678,295657
5979,3021,47,2,298678,298725,295704
5980,3021,33,1,298725,298758,295737
5981,3022,89,1,298758,298847,295825
5982,3023,38,3,298847,298885,295862
5983,3024,31,1,298885,298916,295892
5984,3024,90,1,298916,299006,295982
5985,3024,85,3,299006,299091,296067
5986,3025,96,3,299091,299187,296162
5987,3025,56,3,299187,299243,296218
5988,3026,86,2,299243,299329,296303
5989,3027,20,2,299329,299349,296322
5990,3027,13,3,299349,299362,296335
5991,3027,43,2,299362,299405,296378
5992,3027,40,1,299405,299445,296418
5993,3028,74,2,299445,299519,296491
5994,3029,0,3,299519,299519,296490
5995,3030,24,2,299519,299543,296513
5996,3031,9,3,299543,299552,296521
5997,3032,36,2,299552,299588,296556
5998,3033,77,2,299588,299665,296632
5999,3034,5,3,299665,299670,296636
6000,3035,38,3,299670,299708,296673
6001,3036,10,3,299708,299718,296682
6002,3036,97,2,299718,299815,296779
6003,3036,15,2,299815,299830,296794
6004,3036,5,1,299830,299835,296799
6005,3036,42,3,299835,299877,296841
6006,3037,53,2,299877,299930,296893
6007,3038,80,1,299930,300010,296972
6008,3038,30,2,300010,300040,297002
6009,3038,85,1,300040,300125,297087
6010,3039,80,3,300125,300205,297166
6011,3040,50,3,300205,300255,297215
6012,3040,86,3,300255,300341,297301
6013,3040,29,1,300341,300370,297330
6014,3040,33,2,300370,300403,297363
6015,3040,48,2,300403,300451,297411
6016,3040,12,1,300451,300463,297423
6017,3040,25,3,300463,300488,297448
6018,3041,39,2,300488,300527,297486
6019,3041,29,1,300527,300556,297515
6020,3042,49,3,300556,300605,297563
6021,3042,31,3,300605,300636,297594
6022,3042,98,2,300636,300734,297692
6023,3042,28,1,300734,300762,297720
6024,3043,66,3,300762,300828,297785
6025,3043,64,3,300828,300892,297849
6026,3044,49,3,300892,300941,297897
6027,3044,36,3,300941,300977,297933
6028,3045,24,3,300977,301001,297956
6029,3046,72,3,301001,301073,298027
6030,3046,24,3,301073,301097,298051
6031,3046,54,1,301097,301151,298105
6032,3047,21,2,301151,301172,298125
6033,3047,24,3,301172,301196,298149
6034,3048,2,3,301196,301198,298150
6035,3049,72,1,301198,301270,298221
6036,3049,5,2,301270,301275,298226
6037,3050,57,3,301275,301332,298282
6038,3051,82,2,301332,301414,298363
6039,3052,47,1,301414,301461,298409
6040,3053,68,1,301461,301529,298476
6041,3054,28,3,301529,301557,298503
6042,3055,0,1,301557,301557,298502
6043,3055,35,3,301557,301592,298537
6044,3056,55,2,301592,301647,298591
6045,3056,77,1,301647,301724,298668
6046,3057,11,1,301724,301735,298678
6047,3057,67,1,301735,301802,298745
6048,3058,40,2,301802,301842,298784
6049,3058,75,2,301842,301917,298859
6050,3058,59,1,301917,301976,298918
6051,3058,72,3,301976,302048,298990
6052,3058,5,1,302048,302053,298995
6053,3058,14,3,302053,302067,299009
6054,3059,1,1,302067,302068,299009
6055,3059,81,1,302068,302149,299090
6056,3060,2,1,302149,302151,299091
6057,3061,23,3,302151,302174,299113
6058,3061,10,2,302174,302184,299123
6059,3061,54,3,302184,302238,299177
6060,3062,45,3,302238,302283,299221
6061,3063,56,3,302283,302339,299276
6062,3063,91,3,302339,302430,299367
6063,3064,83,1,302430,302513,299449
6064,3064,2,1,302513,302515,299451
6065,3065,73,2,302515,302588,299523
6066,3065,57,3,302588,302645,299580
6067,3066,57,3,302645,302702,299636
6068,3066,15,1,302702,302717,299651
6069,3067,23,2,302717,302740,299673
6070,3067,99,3,302740,302839,299772
6071,3067,32,2,302839,302871,299804
6072,3068,13,2,302871,302884,299816
6073,3068,37,2,302884,302921,299853
6074,3069,20,2,302921,302941,299872
6075,3070,57,2,302941,302998,299928
6076,3071,24,1,302998,303022,299951
6077,3071,2,2,303022,303024,299953
6078,3071,15,2,303024,303039,299968
6079,3072,63,2,303039,303102,300030
6080,3072,88,1,303102,303190,300118
6081,3073,55,3,303190,303245,300172
6082,3074,72,2,303245,303317,300243
6083,3075,42,1,303317,303359,300284
6084,3075,3,1,303359,303362,300287
6085,3076,41,1,303362,303403,300327
6086,3076,95,3,303403,303498,300422
6087,3076,57,3,303498,303555,300479
6088,3077,22,1,303555,303577,300500
6089,3078,43,2,303577,303620,300542
6090,3079,37,3,303620,303657,300578
6091,3080,5,3,303657,303662,300582
6092,3080,40,3,303662,303702,300622
6093,3080,12,2,303702,303714,300634
6094,3080,97,3,303714,303811,300731
6095,3080,54,1,303811,303865,300785
6096,3080,1,1,303865,303866,300786
6097,3081,9,3,303866,303875,300794
6098,3082,15,1,303875,303890,300808
6099,3083,98,2,303890,303988,300905
6100,3083,1,2,303988,303989,300906
6101,3083,27,3,303989,304016,300933
6102,3084,96,3,304016,304112,301028
6103,3085,4,1,304112,304116,301031
6104,3085,66,2,304116,304182,301097
6105,3086,32,1,304182,304214,301128
6106,3087,27,2,304214,304241,301154
6107,3088,57,2,304241,304298,301210
6108,3089,25,3,304298,304323,301234
6109,3089,10,3,304323,304333,301244
6110,3090,65,3,304333,304398,301308
6111,3091,57,1,304398,304455,301364
6112,3091,68,1,304455,304523,301432
6113,3092,91,1,304523,304614,301522
6114,3093,42,3,304614,304656,301563
6115,3094,81,3,304656,304737,301643
6116,3094,30,3,304737,304767,301673
6117,3095,84,3,304767,304851,301756
6118,3095,21,2,304851,304872,301777
6119,3096,95,3,304872,304967,301871
6120,3097,31,3,304967,304998,301901
6121,3098,79,1,304998,305077,301979
6122,3099,56,1,305077,305133,302034
6123,3100,75,1,305133,305208,302108
6124,3101,28,2,305208,305236,302135
6125,3102,65,1,305236,305301,302199
6126,3102,21,2,305301,305322,302220
6127,3102,82,3,305322,305404,302302
6128,3102,87,1,305404,305491,302389
6129,3103,79,2,305491,305570,302467
6130,3103,47,1,305570,305617,302514
6131,3104,28,3,305617,305645,302541
6132,3104,10,1,305645,305655,302551
6133,3104,80,3,305655,305735,302631
6134,3105,86,1,305735,305821,302716
6135,3106,89,3,305821,305910,302804
6136,3107,99,3,305910,306009,302902
6137,3108,41,1,306009,306050,302942
6138,3109,37,2,306050,306087,302978
6139,3109,20,2,306087,306107,302998
6140,3110,56,3,306107,306163,303053
6141,3110,33,2,306163,306196,303086
6142,3110,94,3,306196,306290,303180
6143,3110,94,3,306290,306384,303274
6144,3110,26,1,306384,306410,303300
6145,3110,46,1,306410,306456,303346
6146,3110,56,1,306456,306512,303402
6147,3110,61,3,306512,306573,303463
6148,3111,37,1,306573,306610,303499
6149,3112,48,1,306610,306658,303546
6150,3113,41,1,306658,306699,303586
6151,3114,61,1,306699,306760,303646
6152,3115,33,3,306760,306793,303678
6153,3116,8,2,306793,306801,303685
6154,3116,83,3,306801,306884,303768
6155,3116,22,3,306884,306906,303790
6156,3116,78,3,306906,306984,303868
6157,3116,27,3,306984,307011,303895
6158,3116,18,3,307011,307029,303913
6159,3116,26,1,307029,307055,303939
6160,3116,46,3,307055,307101,303985
6161,3116,38,3,307101,307139,304023
6162,3117,95,1,307139,307234,304117
6163,3117,8,3,307234,307242,304125
6164,3117,2,2,307242,307244,304127
6165,3117,39,2,307244,307283,304166
6166,3117,52,1,307283,307335,304218
6167,3117,69,3,307335,307404,304287
6168,3118,76,1,307404,307480,304362
6169,3118,2,1,307480,307482,304364
6170,3119,27,2,307482,307509,304390
6171,3119,18,3,307509,307527,304408
6172,3120,5,2,307527,307532,304412
6173,3120,32,1,307532,307564,304444
6174,3120,81,2,307564,307645,304525
6175,3120,35,2,307645,307680,304560
6176,3121,24,3,307680,307704,304583
6177,3121,43,3,307704,307747,304626
6178,3121,68,3,307747,307815,304694
6179,3121,95,1,307815,307910,304789
6180,3122,97,1,307910,308007,304885
6181,3123,98,1,308007,308105,304982
6182,3124,5,2,308105,308110,304986
6183,3125,42,2,308110,308152,305027
6184,3125,74,1,308152,308226,305101
6185,3126,43,1,308226,308269,305143
6186,3126,39,1,308269,308308,305182
6187,3126,45,1,308308,308353,305227
6188,3126,10,3,308353,308363,305237
6189,3126,98,2,308363,308461,305335
6190,3127,71,1,308461,308532,305405
6191,3128,31,1,308532,308563,305435
6192,3128,54,3,308563,308617,305489
6193,3128,63,3,308617,308680,305552
6194,3129,67,3,308680,308747,305618
6195,3129,38,3,308747,308785,305656
6196,3129,66,2,308785,308851,305722
6197,3129,85,2,308851,308936,305807
6198,3130,78,2,308936,309014,305884
6199,3130,83,2,309014,309097,305967
6200,3130,45,3,309097,309142,306012
6201,3131,60,1,309142,309202,306071
6202,3132,66,1,309202,309268,306136
6203,3133,60,3,309268,309328,306195
6204,3133,56,2,309328,309384,306251
6205,3134,60,3,309384,309444,306310
6206,3135,50,2,309444,309494,306359
6207,3135,5,2,309494,309499,306364
6208,3135,82,1,309499,309581,306446
6209,3135,50,1,309581,309631,306496
6210,3135,12,1,309631,309643,306508
6211,3136,58,2,309643,309701,306565
6212,3136,96,3,309701,309797,306661
6213,3137,83,2,309797,309880,306743
6214,3137,55,2,309880,309935,306798
6215,3138,21,3,309935,309956,306818
6216,3138,57,3,309956,310013,306875
6217,3139,65,3,310013,310078,306939
6218,3140,78,2,310078,310156,307016
6219,3141,66,1,310156,310222,307081
6220,3142,63,1,310222,310285,307143
6221,3143,56,2,310285,310341,307198
6222,3143,13,1,310341,310354,307211
6223,3143,34,3,310354,310388,307245
6224,3144,48,3,310388,310436,307292
6225,3144,78,1,310436,310514,307370
6226,3144,66,1,310514,310580,307436
6227,3144,6,1,310580,310586,307442
6228,3144,40,1,310586,310626,307482
6229,3145,52,2,310626,310678,307533
6230,3145,14,1,310678,310692,307547
6231,3146,98,3,310692,310790,307644
6232,3147,52,3,310790,310842,307695
6233,3148,80,1,310842,310922,307774
6234,3148,100,3,310922,311022,307874
6235,3148,25,1,311022,311047,307899
6236,3148,32,3,311047,311079,307931
6237,3149,21,2,311079,311100,307951
6238,3150,29,2,311100,311129,307979
6239,3150,29,2,311129,311158,308008
6240,3150,64,2,311158,311222,308072
6241,3151,65,3,311222,311287,308136
6242,3152,0,3,311287,311287,308135
6243,3153,89,1,311287,311376,308223
6244,3153,17,2,311376,311393,308240
6245,3153,84,1,311393,311477,308324
6246,3154,56,1,311477,311533,308379
6247,3155,55,1,311533,311588,308433
6248,3156,85,3,311588,311673,308517
6249,3156,57,1,311673,311730,308574
6250,3157,9,3,311730,311739,308582
6251,3157,8,3,311739,311747,308590
6252,3157,57,3,311747,311804,308647
6253,3158,39,2,311804,311843,308685
6254,3158,10,3,311843,311853,308695
6255,3159,38,3,311853,311891,308732
6256,3160,64,1,311891,311955,308795
6257,3160,16,2,311955,311971,308811
6258,3160,25,2,311971,311996,308836
6259,3160,50,3,311996,312046,308886
6260,3161,48,3,312046,312094,308933
6261,3161,4,3,312094,312098,308937
6262,3161,53,1,312098,312151,308990
6263,3162,62,2,312151,312213,309051
6264,3162,20,1,312213,312233,309071
6265,3163,92,1,312233,312325,309162
6266,3164,49,3,312325,312374,309210
6267,3164,46,2,312374,312420,309256
6268,3164,66,3,312420,312486,309322
6269,3165,80,3,312486,312566,309401
6270,3166,48,2,312566,312614,309448
6271,3166,24,1,312614,312638,309472
6272,3167,35,2,312638,312673,309506
6273,3168,17,1,312673,312690,309522
6274,3169,2,3,312690,312692,309523
6275,3170,19,1,312692,312711,309541
6276,3171,65,2,312711,312776,309605
6277,3171,18,1,312776,312794,309623
6278,3171,43,3,312794,312837,309666
6279,3172,16,3,312837,312853,309681
6280,3172,33,2,312853,312886,309714
6281,3173,54,2,312886,312940,309767
6282,3174,56,3,312940,312996,309822
6283,3174,100,3,312996,313096,309922
6284,3175,81,1,313096,313177,310002
6285,3175,69,3,313177,313246,310071
6286,3175,76,2,313246,313322,310147
6287,3176,16,1,313322,313338,310162
6288,3177,0,3,313338,313338,310161
6289,3178,79,1,313338,313417,310239
6290,3178,12,2,313417,313429,310251
6291,3178,29,2,313429,313458,310280
6292,3179,37,2,313458,313495,310316
6293,3179,18,3,313495,313513,310334
6294,3180,41,1,313513,313554,310374
6295,3180,71,1,313554,313625,310445
6296,3180,58,3,313625,313683,310503
6297,3180,3,1,313683,313686,310506
6298,3180,44,2,313686,313730,310550
6299,3180,27,2,313730,313757,310577
6300,3181,66,2,313757,313823,310642
6301,3182,68,2,313823,313891,310709
6302,3182,51,3,313891,313942,310760
6303,3182,69,2,313942,314011,310829
6304,3183,15,3,314011,314026,310843
6305,3184,78,1,314026,314104,310920
6306,3184,100,3,314104,314204,311020
6307,3184,94,1,314204,314298,311114
6308,3185,22,2,314298,314320,311135
6309,3185,67,3,314320,314387,311202
6310,3185,27,3,314387,314414,311229
6311,3186,16,3,314414,314430,311244
6312,3187,9,1,314430,314439,311252
6313,3187,26,1,314439,314465,311278
6314,3187,36,1,314465,314501,311314
6315,3188,8,1,314501,314509,311321
6316,3188,39,1,314509,314548,311360
6317,3188,41,3,314548,314589,311401
6318,3189,19,1,314589,314608,311419
6319,3190,93,2,314608,314701,311511
6320,3191,28,1,314701,314729,311538
6321,3191,24,3,314729,314753,311562
6322,3192,56,3,314753,314809,311617
6323,3192,32,2,314809,314841,311649
6324,3192,37,3,314841,314878,311686
6325,3193,1,1,314878,314879,311686
6326,3194,100,1,314879,314979,311785
6327,3194,40,2,314979,315019,311825
6328,3195,27,2,315019,315046,311851
6329,3195,55,1,315046,315101,311906
6330,3196,80,1,315101,315181,311985
6331,3197,68,2,315181,315249,312052
6332,3197,81,2,315249,315330,312133
6333,3198,48,3,315330,315378,312180
6334,3198,43,3,315378,315421,312223
6335,3198,63,3,315421,315484,312286
6336,3199,17,2,315484,315501,312302
6337,3200,5,2,315501,315506,312306
6338,3200,34,1,315506,315540,312340
6339,3200,81,2,315540,315621,312421
6340,3200,66,1,315621,315687,312487
6341,3201,27,3,315687,315714,312513
6342,3202,42,1,315714,315756,312554
6343,3202,67,3,315756,315823,312621
6344,3202,19,3,315823,315842,312640
6345,3203,8,1,315842,315850,312647
6346,3203,2,2,315850,315852,312649
6347,3204,15,2,315852,315867,312663
6348,3204,24,3,315867,315891,312687
6349,3204,72,2,315891,315963,312759
6350,3204,25,2,315963,315988,312784
6351,3205,86,2,315988,316074,312869
6352,3206,21,2,316074,316095,312889
6353,3207,58,2,316095,316153,312946
6354,3207,87,1,316153,316240,313033
6355,3208,26,3,316240,316266,313058
6356,3208,17,3,316266,316283,313075
6357,3209,69,2,316283,316352,313143
6358,3209,32,3,316352,316384,313175
6359,3209,54,1,316384,316438,313229
6360,3210,76,3,316438,316514,313304
6361,3211,77,1,316514,316591,313380
6362,3212,53,2,316591,316644,313432
6363,3212,5,1,316644,316649,313437
6364,3213,20,1,316649,316669,313456
6365,3214,5,2,316669,316674,313460
6366,3214,14,3,316674,316688,313474
6367,3214,52,2,316688,316740,313526
6368,3214,86,1,316740,316826,313612
6369,3214,95,2,316826,316921,313707
6370,3214,100,1,316921,317021,313807
6371,3214,8,2,317021,317029,313815
6372,3214,83,1,317029,317112,313898
6373,3214,33,2,317112,317145,313931
6374,3215,15,3,317145,317160,313945
6375,3216,27,2,317160,317187,313971
6376,3216,85,3,317187,317272,314056
6377,3217,94,3,317272,317366,314149
6378,3217,94,1,317366,317460,314243
6379,3217,46,3,317460,317506,314289
6380,3217,69,3,317506,317575,314358
6381,3218,30,1,317575,317605,314387
6382,3219,85,1,317605,317690,314471
6383,3219,69,2,317690,317759,314540
6384,3219,92,1,317759,317851,314632
6385,3220,44,2,317851,317895,314675
6386,3220,25,2,317895,317920,314700
6387,3220,15,3,317920,317935,314715
6388,3220,89,3,317935,318024,314804
6389,3220,25,3,318024,318049,314829
6390,3220,99,3,318049,318148,314928
6391,3220,98,3,318148,318246,315026
6392,3220,15,2,318246,318261,315041
6393,3220,43,1,318261,318304,315084
6394,3220,91,3,318304,318395,315175
6395,3220,43,1,318395,318438,315218
6396,3221,35,1,318438,318473,315252
6397,3221,66,3,318473,318539,315318
6398,3221,41,2,318539,318580,315359
6399,3222,77,1,318580,318657,315435
6400,3223,65,2,318657,318722,315499
6401,3223,100,1,318722,318822,315599
6402,3223,58,2,318822,318880,315657
6403,3223,51,3,318880,318931,315708
6404,3224,85,1,318931,319016,315792
6405,3224,92,3,319016,319108,315884
6406,3224,12,1,319108,319120,315896
6407,3224,62,3,319120,319182,315958
6408,3225,74,3,319182,319256,316031
6409,3226,62,1,319256,319318,316092
6410,3226,6,2,319318,319324,316098
6411,3227,6,2,319324,319330,316103
6412,3227,62,3,319330,319392,316165
6413,3228,69,3,319392,319461,316233
6414,3229,54,1,319461,319515,316286
6415,3229,12,3,319515,319527,316298
6416,3229,91,1,319527,319618,316389
6417,3229,64,3,319618,319682,316453
6418,3230,51,1,319682,319733,316503
6419,3230,98,1,319733,319831,316601
6420,3231,23,2,319831,319854,316623
6421,3232,33,2,319854,319887,316655
6422,3232,70,1,319887,319957,316725
6423,3232,95,3,319957,320052,316820
6424,3233,75,1,320052,320127,316894
6425,3234,33,1,320127,320160,316926
6426,3235,58,1,320160,320218,316983
6427,3235,90,2,320218,320308,317073
6428,3235,60,2,320308,320368,317133
6429,3235,61,2,320368,320429,317194
6430,3236,55,3,320429,320484,317248
6431,3237,70,2,320484,320554,317317
6432,3238,25,1,320554,320579,317341
6433,3239,74,1,320579,320653,317414
6434,3240,41,2,320653,320694,317454
6435,3240,46,2,320694,320740,317500
6436,3241,66,1,320740,320806,317565
6437,3241,35,3,320806,320841,317600
6438,3241,36,2,320841,320877,317636
6439,3242,97,1,320877,320974,317732
6440,3243,81,1,320974,321055,317812
6441,3244,79,1,321055,321134,317890
6442,3244,36,2,321134,321170,317926
6443,3245,44,2,321170,321214,317969
6444,3245,16,2,321214,321230,317985
6445,3245,3,1,321230,321233,317988
6446,3245,56,1,321233,321289,318044
6447,3245,24,3,321289,321313,318068
6448,3245,9,1,321313,321322,318077
6449,3246,55,1,321322,321377,318131
6450,3247,100,1,321377,321477,318230
6451,3248,56,3,321477,321533,318285
6452,3248,95,3,321533,321628,318380
6453,3248,39,3,321628,321667,318419
6454,3248,89,1,321667,321756,318508
6455,3248,93,3,321756,321849,318601
6456,3248,16,3,321849,321865,318617
6457,3248,19,3,321865,321884,318636
6458,3249,3,1,321884,321887,318638
6459,3249,20,1,321887,321907,318658
6460,3249,75,2,321907,321982,318733
6461,3249,96,2,321982,322078,318829
6462,3249,64,1,322078,322142,318893
6463,3249,96,1,322142,322238,318989
6464,3250,40,3,322238,322278,319028
6465,3251,8,1,322278,322286,319035
6466,3251,42,2,322286,322328,319077
6467,3251,56,1,322328,322384,319133
6468,3252,65,3,322384,322449,319197
6469,3252,61,1,322449,322510,319258
6470,3253,71,3,322510,322581,319328
6471,3253,26,1,322581,322607,319354
6472,3254,61,1,322607,322668,319414
6473,3254,79,2,322668,322747,319493
6474,3254,0,2,322747,322747,319493
6475,3254,90,3,322747,322837,319583
6476,3254,44,1,322837,322881,319627
6477,3254,41,1,322881,322922,319668
6478,3255,21,1,322922,322943,319688
6479,3255,2,3,322943,322945,319690
6480,3255,8,3,322945,322953,319698
6481,3255,72,2,322953,323025,319770
6482,3256,16,2,323025,323041,319785
6483,3257,89,1,323041,323130,319873
6484,3258,53,1,323130,323183,319925
6485,3258,36,2,323183,323219,319961
6486,3258,60,1,323219,323279,320021
6487,3259,84,2,323279,323363,320104
6488,3259,36,1,323363,323399,320140
6489,3260,63,1,323399,323462,320202
6490,3260,25,1,323462,323487,320227
6491,3261,32,3,323487,323519,320258
6492,3262,97,3,323519,323616,320354
6493,3262,74,3,323616,323690,320428
6494,3262,2,1,323690,323692,320430
6495,3263,88,3,323692,323780,320517
6496,3264,30,2,323780,323810,320546
6497,3264,28,3,323810,323838,320574
6498,3265,49,2,323838,323887,320622
6499,3265,32,3,323887,323919,320654
6500,3265,49,2,323919,323968,320703
6501,3265,86,1,323968,324054,320789
6502,3265,91,2,324054,324145,320880
6503,3266,61,2,324145,324206,320940
6504,3266,34,3,324206,324240,320974
6505,3267,28,1,324240,324268,321001
6506,3268,47,1,324268,324315,321047
6507,3269,83,3,324315,324398,321129
6508,3269,16,1,324398,324414,321145
6509,3270,50,3,324414,324464,321194
6510,3270,17,1,324464,324481,321211
6511,3270,74,1,324481,324555,321285
6512,3270,74,2,324555,324629,321359
6513,3271,92,2,324629,324721,321450
6514,3271,66,1,324721,324787,321516
6515,3272,69,3,324787,324856,321584
6516,3272,16,3,324856,324872,321600
6517,3272,53,2,324872,324925,321653
6518,3273,20,1,324925,324945,321672
6519,3273,78,2,324945,325023,321750
6520,3274,64,3,325023,325087,321813
6521,3275,16,3,325087,325103,321828
6522,3275,49,1,325103,325152,321877
6523,3276,76,2,325152,325228,321952
6524,3277,61,2,325228,325289,322012
6525,3278,23,3,325289,325312,322034
6526,3278,86,3,325312,325398,322120
6527,3278,27,2,325398,325425,322147
6528,3278,60,3,325425,325485,322207
6529,3279,62,1,325485,325547,322268
6530,3280,44,1,325547,325591,322311
6531,3280,0,2,325591,325591,322311
6532,3280,45,1,325591,325636,322356
6533,3281,72,2,325636,325708,322427
6534,3281,33,3,325708,325741,322460
6535,3281,54,3,325741,325795,322514
6536,3281,32,2,325795,325827,322546
6537,3282,5,1,325827,325832,322550
6538,3283,5,3,325832,325837,322554
6539,3284,99,3,325837,325936,322652
6540,3284,98,2,325936,326034,322750
6541,3284,36,3,326034,326070,322786
6542,3285,68,1,326070,326138,322853
6543,3285,91,2,326138,326229,322944
6544,3286,70,1,326229,326299,323013
6545,3286,58,1,326299,326357,323071
6546,3287,36,2,326357,326393,323106
6547,3287,77,3,326393,326470,323183
6548,3288,93,3,326470,326563,323275
6549,3288,63,1,326563,326626,323338
6550,3288,9,3,326626,326635,323347
6551,3288,83,3,326635,326718,323430
6552,3289,90,1,326718,326808,323519
6553,3290,89,2,326808,326897,323607
6554,3290,64,3,326897,326961,323671
6555,3291,27,3,326961,326988,323697
6556,3291,56,2,326988,327044,323753
6557,3292,91,3,327044,327135,323843
6558,3293,68,1,327135,327203,323910
6559,3294,57,1,327203,327260,323966
6560,3294,91,1,327260,327351,324057
6561,3294,90,2,327351,327441,324147
6562,3294,5,3,327441,327446,324152
6563,3294,7,2,327446,327453,324159
6564,3295,26,1,327453,327479,324184
6565,3295,98,1,327479,327577,324282
6566,3296,89,2,327577,327666,324370
6567,3297,26,1,327666,327692,324395
6568,3297,91,3,327692,327783,324486
6569,3298,26,3,327783,327809,324511
6570,3298,48,2,327809,327857,324559
6571,3299,88,1,327857,327945,324646
6572,3300,54,2,327945,327999,324699
6573,3301,11,3,327999,328010,324709
6574,3302,95,1,328010,328105,324803
6575,3303,9,2,328105,328114,324811
6576,3303,72,3,328114,328186,324883
6577,3304,20,1,328186,328206,324902
6578,3305,95,2,328206,328301,324996
6579,3306,86,2,328301,328387,325081
6580,3306,90,2,328387,328477,325171
6581,3306,6,3,328477,328483,325177
6582,3307,97,3,328483,328580,325273
6583,3308,93,2,328580,328673,325365
6584,3309,22,3,328673,328695,325386
6585,3310,95,2,328695,328790,325480
6586,3311,77,2,328790,328867,325556
6587,3311,40,1,328867,328907,325596
6588,3311,3,1,328907,328910,325599
6589,3312,37,3,328910,328947,325635
6590,3313,44,3,328947,328991,325678
6591,3313,75,2,328991,329066,325753
6592,3314,18,2,329066,329084,325770
6593,3315,74,3,329084,329158,325843
6594,3316,67,2,329158,329225,325909
6595,3316,3,1,329225,329228,325912
6596,3316,10,3,329228,329238,325922
6597,3317,17,2,329238,329255,325938
6598,3318,79,1,329255,329334,326016
6599,3319,12,1,329334,329346,326027
6600,3320,69,2,329346,329415,326095
6601,3321,4,1,329415,329419,326098
6602,3322,42,2,329419,329461,326139
6603,3322,85,2,329461,329546,326224
6604,3322,26,2,329546,329572,326250
6605,3323,87,2,329572,329659,326336
6606,3323,45,1,329659,329704,326381
6607,3323,52,2,329704,329756,326433
6608,3324,14,2,329756,329770,326446
6609,3325,3,3,329770,329773,326448
6610,3326,23,3,329773,329796,326470
6611,3326,46,3,329796,329842,326516
6612,3326,66,1,329842,329908,326582
6613,3327,97,1,329908,330005,326678
6614,3328,42,3,330005,330047,326719
6615,3328,50,1,330047,330097,326769
6616,3328,70,2,330097,330167,326839
6617,3329,28,2,330167,330195,326866
6618,3329,24,1,330195,330219,326890
6619,3329,0,1,330219,330219,326890
6620,3330,13,2,330219,330232,326902
6621,3330,43,2,330232,330275,326945
6622,3330,43,3,330275,330318,326988
6623,3330,89,1,330318,330407,327077
6624,3331,8,3,330407,330415,327084
6625,3332,58,2,330415,330473,327141
6626,3333,92,3,330473,330565,327232
6627,3333,41,3,330565,330606,327273
6628,3333,7,1,330606,330613,327280
6629,3334,88,3,330613,330701,327367
6630,3334,98,1,330701,330799,327465
6631,3334,61,2,330799,330860,327526
6632,3334,75,3,330860,330935,327601
6633,3335,11,1,330935,330946,327611
6634,3335,20,2,330946,330966,327631
6635,3335,50,3,330966,331016,327681
6636,3336,98,3,331016,331114,327778
6637,3336,38,2,331114,331152,327816
6638,3336,85,1,331152,331237,327901
6639,3336,3,3,331237,331240,327904
6640,3336,69,1,331240,331309,327973
6641,3337,73,2,331309,331382,328045
6642,3337,42,2,331382,331424,328087
6643,3338,46,1,331424,331470,328132
6644,3338,49,2,331470,331519,328181
6645,3338,75,2,331519,331594,328256
6646,3338,29,1,331594,331623,328285
6647,3338,76,2,331623,331699,328361
6648,3339,72,3,331699,331771,328432
6649,3339,66,1,331771,331837,328498
6650,3340,50,3,331837,331887,328547
6651,3340,99,1,331887,331986,328646
6652,3341,70,2,331986,332056,328715
6653,3341,9,1,332056,332065,328724
6654,3341,47,3,332065,332112,328771
6655,3341,65,1,332112,332177,328836
6656,3342,21,3,332177,332198,328856
6657,3342,81,3,332198,332279,328937
6658,3343,96,1,332279,332375,329032
6659,3344,35,1,332375,332410,329066
6660,3344,96,2,332410,332506,329162
6661,3345,26,3,332506,332532,329187
6662,3345,47,3,332532,332579,329234
6663,3346,17,2,332579,332596,329250
6664,3347,39,1,332596,332635,329288
6665,3347,45,3,332635,332680,329333
6666,3347,53,3,332680,332733,329386
6667,3347,51,2,332733,332784,329437
6668,3347,82,3,332784,332866,329519
6669,3348,25,1,332866,332891,329543
6670,3349,48,2,332891,332939,329590
6671,3349,96,3,332939,333035,329686
6672,3350,35,2,333035,333070,329720
6673,3350,94,1,333070,333164,329814
6674,3350,95,1,333164,333259,329909
6675,3350,68,2,333259,333327,329977
6676,3351,54,2,333327,333381,330030
6677,3351,97,3,333381,333478,330127
6678,3352,8,2,333478,333486,330134
6679,3353,10,2,333486,333496,330143
6680,3354,12,2,333496,333508,330154
6681,3354,65,1,333508,333573,330219
6682,3355,88,2,333573,333661,330306
6683,3356,62,2,333661,333723,330367
6684,3357,87,3,333723,333810,330453
6685,3357,78,2,333810,333888,330531
6686,3357,50,2,333888,333938,330581
6687,3358,64,1,333938,334002,330644
6688,3359,56,3,334002,334058,330699
6689,3359,43,3,334058,334101,330742
6690,3359,49,3,334101,334150,330791
6691,3359,26,3,334150,334176,330817
6692,3359,41,3,334176,334217,330858
6693,3360,47,2,334217,334264,330904
6694,3361,65,1,334264,334329,330968
6695,3362,26,2,334329,334355,330993
6696,3362,70,3,334355,334425,331063
6697,3362,89,3,334425,334514,331152
6698,3362,48,2,334514,334562,331200
6699,3363,63,3,334562,334625,331262
6700,3364,97,2,334625,334722,331358
6701,3364,40,2,334722,334762,331398
6702,3364,20,3,334762,334782,331418
6703,3364,1,2,334782,334783,331419
6704,3365,57,2,334783,334840,331475
6705,3366,92,3,334840,334932,331566
6706,3366,85,3,334932,335017,331651
6707,3367,4,2,335017,335021,331654
6708,3368,89,2,335021,335110,331742
6709,3368,36,3,335110,335146,331778
6710,3369,92,3,335146,335238,331869
6711,3369,51,1,335238,335289,331920
6712,3369,40,2,335289,335329,331960
6713,3370,30,3,335329,335359,331989
6714,3371,38,2,335359,335397,332026
6715,3371,92,2,335397,335489,332118
6716,3372,61,2,335489,335550,332178
6717,3372,77,2,335550,335627,332255
6718,3372,98,2,335627,335725,332353
6719,3373,39,3,335725,335764,332391
6720,3373,79,2,335764,335843,332470
6721,3373,92,2,335843,335935,332562
6722,3374,15,1,335935,335950,332576
6723,3375,6,1,335950,335956,332581
6724,3375,64,3,335956,336020,332645
6725,3376,95,3,336020,336115,332739
6726,3377,3,3,336115,336118,332741
6727,3377,68,1,336118,336186,332809
6728,3377,6,1,336186,336192,332815
6729,3377,54,2,336192,336246,332869
6730,3378,13,1,336246,336259,332881
6731,3379,86,3,336259,336345,332966
6732,3379,26,3,336345,336371,332992
6733,3380,97,2,336371,336468,333088
6734,3380,34,2,336468,336502,333122
6735,3381,29,3,336502,336531,333150
6736,3381,2,2,336531,336533,333152
6737,3381,71,2,336533,336604,333223
6738,3382,78,1,336604,336682,333300
6739,3383,10,2,336682,336692,333309
6740,3383,39,1,336692,336731,333348
6741,3383,79,3,336731,336810,333427
6742,3384,99,1,336810,336909,333525
6743,3385,67,1,336909,336976,333591
6744,3385,13,2,336976,336989,333604
6745,3386,41,1,336989,337030,333644
6746,3387,41,1,337030,337071,333684
6747,3388,54,1,337071,337125,333737
6748,3389,62,3,337125,337187,333798
6749,3390,75,2,337187,337262,333872
6750,3390,63,1,337262,337325,333935
6751,3390,17,3,337325,337342,333952
6752,3390,66,1,337342,337408,334018
6753,3391,87,2,337408,337495,334104
6754,3391,5,1,337495,337500,334109
6755,3392,35,1,337500,337535,334143
6756,3392,60,3,337535,337595,334203
6757,3393,68,1,337595,337663,334270
6758,3394,50,1,337663,337713,334319
6759,3395,61,3,337713,337774,334379
6760,3396,80,2,337774,337854,334458
6761,3396,43,2,337854,337897,334501
6762,3396,67,3,337897,337964,334568
6763,3396,22,1,337964,337986,334590
6764,3396,86,3,337986,338072,334676
6765,3396,27,1,338072,338099,334703
6766,3397,89,3,338099,338188,334791
6767,3397,0,1,338188,338188,334791
6768,3398,97,1,338188,338285,334887
6769,3398,66,1,338285,338351,334953
6770,3399,26,3,338351,338377,334978
6771,3400,11,1,338377,338388,334988
6772,3401,76,3,338388,338464,335063
6773,3401,3,3,338464,338467,335066
6774,3401,36,2,338467,338503,335102
6775,3402,62,3,338503,338565,335163
6776,3402,31,3,338565,338596,335194
6777,3402,60,2,338596,338656,335254
6778,3402,6,2,338656,338662,335260
6779,3403,64,1,338662,338726,335323
6780,3404,33,1,338726,338759,335355
6781,3405,34,3,338759,338793,335388
6782,3405,97,3,338793,338890,335485
6783,3405,84,1,338890,338974,335569
6784,3406,11,3,338974,338985,335579
6785,3406,68,1,338985,339053,335647
6786,3407,22,3,339053,339075,335668
6787,3408,60,1,339075,339135,335727
6788,3408,22,2,339135,339157,335749
6789,3409,51,3,339157,339208,335799
6790,3409,100,3,339208,339308,335899
6791,3409,95,2,339308,339403,335994
6792,3410,13,1,339403,339416,336006
6793,3410,72,1,339416,339488,336078
6794,3410,44,3,339488,339532,336122
6795,3411,84,2,339532,339616,336205
6796,3412,58,3,339616,339674,336262
6797,3413,24,1,339674,339698,336285
6798,3414,74,1,339698,339772,336358
6799,3414,49,1,339772,339821,336407
6800,3414,49,1,339821,339870,336456
6801,3415,40,3,339870,339910,336495
6802,3416,51,3,339910,339961,336545
6803,3417,86,3,339961,340047,336630
6804,3418,90,1,340047,340137,336719
6805,3418,96,1,340137,340233,336815
6806,3419,25,3,340233,340258,336839
6807,3419,98,1,340258,340356,336937
6808,3419,9,1,340356,340365,336946
6809,3419,5,3,340365,340370,336951
6810,3419,1,1,340370,340371,336952
6811,3419,62,3,340371,340433,337014
6812,3419,85,3,340433,340518,337099
6813,3420,31,1,340518,340549,337129
6814,3421,2,2,340549,340551,337130
6815,3422,63,1,340551,340614,337192
6816,3422,94,2,340614,340708,337286
6817,3423,33,2,340708,340741,337318
6818,3424,29,2,340741,340770,337346
6819,3424,89,1,340770,340859,337435
6820,3425,100,1,340859,340959,337534
6821,3425,99,2,340959,341058,337633
6822,3425,72,2,341058,341130,337705
6823,3425,92,3,341130,341222,337797
6824,3425,53,1,341222,341275,337850
6825,3426,33,3,341275,341308,337882
6826,3426,31,1,341308,341339,337913
6827,3426,72,3,341339,341411,337985
6828,3426,41,1,341411,341452,338026
6829,3427,59,2,341452,341511,338084
6830,3427,32,3,341511,341543,338116
6831,3428,66,2,341543,341609,338181
6832,3429,29,2,341609,341638,338209
6833,3430,23,3,341638,341661,338231
6834,3431,67,3,341661,341728,338297
6835,3432,11,1,341728,341739,338307
6836,3432,27,2,341739,341766,338334
6837,3433,29,2,341766,341795,338362
6838,3433,44,3,341795,341839,338406
6839,3434,59,2,341839,341898,338464
6840,3435,84,2,341898,341982,338547
6841,3436,52,2,341982,342034,338598
6842,3436,38,3,342034,342072,338636
6843,3436,87,3,342072,342159,338723
6844,3436,77,2,342159,342236,338800
6845,3436,55,1,342236,342291,338855
6846,3436,51,3,342291,342342,338906
6847,3437,4,2,342342,342346,338909
6848,3438,75,1,342346,342421,338983
6849,3438,59,1,342421,342480,339042
6850,3439,71,3,342480,342551,339112
6851,3440,55,2,342551,342606,339166
6852,3440,13,1,342606,342619,339179
6853,3440,35,2,342619,342654,339214
6854,3441,17,3,342654,342671,339230
6855,3442,46,2,342671,342717,339275
6856,3442,88,1,342717,342805,339363
6857,3442,64,1,342805,342869,339427
6858,3443,91,1,342869,342960,339517
6859,3443,24,1,342960,342984,339541
6860,3444,100,1,342984,343084,339640
6861,3444,84,1,343084,343168,339724
6862,3444,71,1,343168,343239,339795
6863,3445,8,1,343239,343247,339802
6864,3445,42,2,343247,343289,339844
6865,3446,100,2,343289,343389,339943
6866,3446,51,1,343389,343440,339994
6867,3447,64,2,343440,343504,340057
6868,3447,45,2,343504,343549,340102
6869,3447,41,2,343549,343590,340143
6870,3448,65,2,343590,343655,340207
6871,3448,81,2,343655,343736,340288
6872,3448,24,3,343736,343760,340312
6873,3448,98,1,343760,343858,340410
6874,3448,35,1,343858,343893,340445
6875,3448,93,3,343893,343986,340538
6876,3449,83,1,343986,344069,340620
6877,3450,64,3,344069,344133,340683
6878,3450,57,1,344133,344190,340740
6879,3451,17,2,344190,344207,340756
6880,3452,33,1,344207,344240,340788
6881,3452,42,2,344240,344282,340830
6882,3452,58,2,344282,344340,340888
6883,3452,79,1,344340,344419,340967
6884,3453,99,1,344419,344518,341065
6885,3454,94,3,344518,344612,341158
6886,3455,32,1,344612,344644,341189
6887,3456,93,1,344644,344737,341281
6888,3457,79,2,344737,344816,341359
6889,3458,68,2,344816,344884,341426
6890,3458,85,2,344884,344969,341511
6891,3459,59,1,344969,345028,341569
6892,3459,53,2,345028,345081,341622
6893,3460,43,3,345081,345124,341664
6894,3460,66,1,345124,345190,341730
6895,3461,99,1,345190,345289,341828
6896,3462,16,3,345289,345305,341843
6897,3462,83,1,345305,345388,341926
6898,3463,15,2,345388,345403,341940
6899,3463,3,3,345403,345406,341943
6900,3464,29,1,345406,345435,341971
6901,3465,82,3,345435,345517,342052
6902,3465,29,3,345517,345546,342081
6903,3465,58,1,345546,345604,342139
6904,3466,83,1,345604,345687,342221
6905,3466,92,2,345687,345779,342313
6906,3467,81,1,345779,345860,342393
6907,3467,66,1,345860,345926,342459
6908,3468,84,2,345926,346010,342542
6909,3468,36,1,346010,346046,342578
6910,3469,47,3,346046,346093,342624
6911,3470,20,1,346093,346113,342643
6912,3471,92,2,346113,346205,342734
6913,3471,97,2,346205,346302,342831
6914,3472,91,1,346302,346393,342921
6915,3472,20,3,346393,346413,342941
6916,3472,12,3,346413,346425,342953
6917,3473,12,3,346425,346437,342964
6918,3473,1,3,346437,346438,342965
6919,3473,32,1,346438,346470,342997
6920,3473,28,1,346470,346498,343025
6921,3473,11,2,346498,346509,343036
6922,3474,91,3,346509,346600,343126
6923,3475,21,3,346600,346621,343146
6924,3475,9,2,346621,346630,343155
6925,3476,81,1,346630,346711,343235
6926,3477,41,1,346711,346752,343275
6927,3477,98,2,346752,346850,343373
6928,3477,98,1,346850,346948,343471
6929,3478,46,2,346948,346994,343516
6930,3478,71,2,346994,347065,343587
6931,3479,52,3,347065,347117,343638
6932,3480,65,3,347117,347182,343702
6933,3480,2,2,347182,347184,343704
6934,3480,54,2,347184,347238,343758
6935,3481,97,1,347238,347335,343854
6936,3481,71,2,347335,347406,343925
6937,3481,19,2,347406,347425,343944
6938,3482,70,1,347425,347495,344013
6939,3483,17,1,347495,347512,344029
6940,3484,45,2,347512,347557,344073
6941,3484,88,2,347557,347645,344161
6942,3485,78,3,347645,347723,344238
6943,3485,31,1,347723,347754,344269
6944,3485,19,1,347754,347773,344288
6945,3485,39,1,347773,347812,344327
6946,3486,24,3,347812,347836,344350
6947,3486,86,3,347836,347922,344436
6948,3486,78,3,347922,348000,344514
6949,3486,91,2,348000,348091,344605
6950,3487,68,1,348091,348159,344672
6951,3487,72,3,348159,348231,344744
6952,3487,5,1,348231,348236,344749
6953,3488,32,2,348236,348268,344780
6954,3489,29,2,348268,348297,344808
6955,3489,39,1,348297,348336,344847
6956,3489,35,3,348336,348371,344882
6957,3489,28,1,348371,348399,344910
6958,3489,99,3,348399,348498,345009
6959,3490,18,2,348498,348516,345026
6960,3490,15,2,348516,348531,345041
6961,3491,48,1,348531,348579,345088
6962,3492,43,3,348579,348622,345130
6963,3492,48,1,348622,348670,345178
6964,3493,26,3,348670,348696,345203
6965,3493,25,3,348696,348721,345228
6966,3493,55,2,348721,348776,345283
6967,3493,62,3,348776,348838,345345
6968,3494,47,3,348838,348885,345391
6969,3494,9,3,348885,348894,345400
6970,3494,25,2,348894,348919,345425
6971,3495,58,3,348919,348977,345482
6972,3496,68,2,348977,349045,345549
6973,3496,23,3,349045,349068,345572
6974,3496,47,1,349068,349115,345619
6975,3497,30,3,349115,349145,345648
6976,3498,87,2,349145,349232,345734
6977,3498,57,3,349232,349289,345791
6978,3499,51,2,349289,349340,345841
6979,3500,4,3,349340,349344,345844
6980,3500,53,2,349344,349397,345897
6981,3500,41,1,349397,349438,345938
6982,3501,84,1,349438,349522,346021
6983,3501,39,3,349522,349561,346060
6984,3501,23,2,349561,349584,346083
6985,3501,78,1,349584,349662,346161
6986,3502,50,2,349662,349712,346210
6987,3503,56,1,349712,349768,346265
6988,3503,97,1,349768,349865,346362
6989,3504,79,1,349865,349944,346440
6990,3505,55,3,349944,349999,346494
6991,3506,90,2,349999,350089,346583
6992,3506,58,3,350089,350147,346641
6993,3506,9,3,350147,350156,346650
6994,3506,70,3,350156,350226,346720
6995,3507,42,1,350226,350268,346761
6996,3508,49,2,350268,350317,346809
6997,3509,22,1,350317,350339,346830
6998,3509,67,1,350339,350406,346897
6999,3510,90,2,350406,350496,346986
7000,3511,69,3,350496,350565,347054
7001,3511,31,1,350565,350596,347085
7002,3511,100,3,350596,350696,347185
7003,3512,78,3,350696,350774,347262
7004,3513,49,3,350774,350823,347310
7005,3514,69,1,350823,350892,347378
7006,3514,7,1,350892,350899,347385
7007,3515,49,3,350899,350948,347433
7008,3516,64,1,350948,351012,347496
7009,3517,62,1,351012,351074,347557
7010,3518,76,1,351074,351150,347632
7011,3518,69,2,351150,351219,347701
7012,3518,10,3,351219,351229,347711
7013,3518,41,2,351229,351270,347752
7014,3518,64,2,351270,351334,347816
7015,3519,72,2,351334,351406,347887
7016,3520,56,3,351406,351462,347942
7017,3521,62,3,351462,351524,348003
7018,3521,44,2,351524,351568,348047
7019,3522,7,1,351568,351575,348053
7020,3522,83,1,351575,351658,348136
7021,3522,28,3,351658,351686,348164
7022,3523,87,3,351686,351773,348250
7023,3523,4,3,351773,351777,348254
7024,3523,9,1,351777,351786,348263
7025,3524,98,3,351786,351884,348360
7026,3524,89,2,351884,351973,348449
7027,3524,36,1,351973,352009,348485
7028,3525,41,3,352009,352050,348525
7029,3525,44,1,352050,352094,348569
7030,3526,92,2,352094,352186,348660
7031,3526,90,2,352186,352276,348750
7032,3527,45,3,352276,352321,348794
7033,3528,32,3,352321,352353,348825
7034,3529,65,2,352353,352418,348889
7035,3529,80,3,352418,352498,348969
7036,3530,9,2,352498,352507,348977
7037,3530,52,2,352507,352559,349029
7038,3530,15,1,352559,352574,349044
7039,3530,24,3,352574,352598,349068
7040,3530,70,1,352598,352668,349138
7041,3530,47,1,352668,352715,349185
7042,3531,94,2,352715,352809,349278
7043,3531,54,3,352809,352863,349332
7044,3532,59,3,352863,352922,349390
7045,3533,94,1,352922,353016,349483
7046,3533,28,3,353016,353044,349511
7047,3533,17,2,353044,353061,349528
7048,3534,34,1,353061,353095,349561
7049,3534,72,3,353095,353167,349633
7050,3534,44,2,353167,353211,349677
7051,3535,4,3,353211,353215,349680
7052,3535,56,1,353215,353271,349736
7053,3536,72,1,353271,353343,349807
7054,3537,27,2,353343,353370,349833
7055,3538,36,1,353370,353406,349868
7056,3538,20,3,353406,353426,349888
7057,3538,5,1,353426,353431,349893
7058,3539,94,1,353431,353525,349986
7059,3539,45,3,353525,353570,350031
7060,3540,88,1,353570,353658,350118
7061,3540,40,3,353658,353698,350158
7062,3541,14,3,353698,353712,350171
7063,3541,52,2,353712,353764,350223
7064,3542,93,1,353764,353857,350315
7065,3543,79,3,353857,353936,350393
7066,3544,13,2,353936,353949,350405
7067,3544,94,1,353949,354043,350499
7068,3544,88,1,354043,354131,350587
7069,3545,9,2,354131,354140,350595
7070,3546,60,3,354140,354200,350654
7071,3546,46,2,354200,354246,350700
7072,3547,18,1,354246,354264,350717
7073,3548,92,3,354264,354356,350808
7074,3549,96,1,354356,354452,350903
7075,3549,27,2,354452,354479,350930
7076,3549,83,1,354479,354562,351013
7077,3549,51,3,354562,354613,351064
7078,3550,21,2,354613,354634,351084
7079,3550,69,2,354634,354703,351153
7080,3550,70,3,354703,354773,351223
7081,3551,96,1,354773,354869,351318
7082,3552,5,2,354869,354874,351322
7083,3553,41,3,354874,354915,351362
7084,3553,1,1,354915,354916,351363
7085,3554,21,3,354916,354937,351383
7086,3554,21,1,354937,354958,351404
7087,3555,77,2,354958,355035,351480
7088,3556,29,1,355035,355064,351508
7089,3556,18,1,355064,355082,351526
7090,3556,18,2,355082,355100,351544
7091,3556,61,3,355100,355161,351605
7092,3556,5,3,355161,355166,351610
7093,3557,15,3,355166,355181,351624
7094,3557,12,2,355181,355193,351636
7095,3558,64,2,355193,355257,351699
7096,3559,22,3,355257,355279,351720
7097,3560,17,2,355279,355296,351736
7098,3560,18,2,355296,355314,351754
7099,3560,19,2,355314,355333,351773
7100,3560,37,3,355333,355370,351810
7101,3561,36,3,355370,355406,351845
7102,3561,17,1,355406,355423,351862
7103,3561,32,1,355423,355455,351894
7104,3562,33,1,355455,355488,351926
7105,3562,57,3,355488,355545,351983
7106,3563,30,3,355545,355575,352012
7107,3564,73,2,355575,355648,352084
7108,3564,81,2,355648,355729,352165
7109,3565,69,3,355729,355798,352233
7110,3565,47,2,355798,355845,352280
7111,3566,41,1,355845,355886,352320
7112,3566,3,2,355886,355889,352323
7113,3567,26,2,355889,355915,352348
7114,3567,8,2,355915,355923,352356
7115,3567,1,1,355923,355924,352357
7116,3568,28,1,355924,355952,352384
7117,3568,94,3,355952,356046,352478
7118,3569,95,2,356046,356141,352572
7119,3570,40,1,356141,356181,352611
7120,3571,91,1,356181,356272,352701
7121,3571,99,1,356272,356371,352800
7122,3572,77,3,356371,356448,352876
7123,3573,94,2,356448,356542,352969
7124,3573,20,2,356542,356562,352989
7125,3573,97,2,356562,356659,353086
7126,3574,71,2,356659,356730,353156
7127,3575,4,2,356730,356734,353159
7128,3575,24,3,356734,356758,353183
7129,3575,70,2,356758,356828,353253
7130,3576,59,3,356828,356887,353311
7131,3577,25,1,356887,356912,353335
7132,3578,11,1,356912,356923,353345
7133,3579,63,1,356923,356986,353407
7134,3580,41,2,356986,357027,353447
7135,3580,94,3,357027,357121,353541
7136,3581,51,3,357121,357172,353591
7137,3581,3,3,357172,357175,353594
7138,3582,52,2,357175,357227,353645
7139,3583,94,1,357227,357321,353738
7140,3583,99,1,357321,357420,353837
7141,3584,92,1,357420,357512,353928
7142,3584,74,1,357512,357586,354002
7143,3585,96,3,357586,357682,354097
7144,3586,36,3,357682,357718,354132
7145,3586,77,2,357718,357795,354209
7146,3587,67,2,357795,357862,354275
7147,3588,73,3,357862,357935,354347
7148,3588,13,1,357935,357948,354360
7149,3588,93,2,357948,358041,354453
7150,3588,97,1,358041,358138,354550
7151,3588,78,2,358138,358216,354628
7152,3588,18,2,358216,358234,354646
7153,3588,41,2,358234,358275,354687
7154,3589,0,3,358275,358275,354686
7155,3589,38,3,358275,358313,354724
7156,3589,94,2,358313,358407,354818
7157,3589,75,3,358407,358482,354893
7158,3589,14,3,358482,358496,354907
7159,3590,13,2,358496,358509,354919
7160,3590,5,1,358509,358514,354924
7161,3590,62,2,358514,358576,354986
7162,3591,42,3,358576,358618,355027
7163,3591,29,3,358618,358647,355056
7164,3591,51,2,358647,358698,355107
7165,3591,45,3,358698,358743,355152
7166,3591,2,2,358743,358745,355154
7167,3592,73,2,358745,358818,355226
7168,3593,28,1,358818,358846,355253
7169,3594,54,3,358846,358900,355306
7170,3595,19,2,358900,358919,355324
7171,3595,38,2,358919,358957,355362
7172,3596,76,2,358957,359033,355437
7173,3597,67,3,359033,359100,355503
7174,3598,56,2,359100,359156,355558
7175,3599,3,1,359156,359159,355560
7176,3600,38,3,359159,359197,355597
7177,3601,73,2,359197,359270,355669
7178,3601,99,3,359270,359369,355768
7179,3602,6,1,359369,359375,355773
7180,3602,7,3,359375,359382,355780
7181,3602,52,2,359382,359434,355832
7182,3602,55,1,359434,359489,355887
7183,3602,34,3,359489,359523,355921
7184,3603,23,2,359523,359546,355943
7185,3603,59,1,359546,359605,356002
7186,3604,4,3,359605,359609,356005
7187,3605,19,3,359609,359628,356023
7188,3606,5,3,359628,359633,356027
7189,3606,25,1,359633,359658,356052
7190,3607,65,3,359658,359723,356116
7191,3608,44,3,359723,359767,356159
7192,3609,64,2,359767,359831,356222
7193,3610,48,3,359831,359879,356269
7194,3610,33,3,359879,359912,356302
7195,3610,99,1,359912,360011,356401
7196,3611,6,3,360011,360017,356406
7197,3612,10,3,360017,360027,356415
7198,3612,65,3,360027,360092,356480
7199,3612,95,2,360092,360187,356575
7200,3613,78,2,360187,360265,356652
7201,3614,63,2,360265,360328,356714
7202,3615,28,3,360328,360356,356741
7203,3615,79,1,360356,360435,356820
7204,3615,82,1,360435,360517,356902
7205,3616,51,1,360517,360568,356952
7206,3616,15,1,360568,360583,356967
7207,3616,60,3,360583,360643,357027
7208,3616,91,3,360643,360734,357118
7209,3616,88,3,360734,360822,357206
7210,3617,59,2,360822,360881,357264
7211,3617,20,3,360881,360901,357284
7212,3618,44,3,360901,360945,357327
7213,3619,62,1,360945,361007,357388
7214,3619,99,1,361007,361106,357487
7215,3619,98,3,361106,361204,357585
7216,3620,78,2,361204,361282,357662
7217,3620,9,3,361282,361291,357671
7218,3620,68,2,361291,361359,357739
7219,3620,19,3,361359,361378,357758
7220,3620,61,2,361378,361439,357819
7221,3620,12,2,361439,361451,357831
7222,3621,24,2,361451,361475,357854
7223,3622,53,1,361475,361528,357906
7224,3623,17,2,361528,361545,357922
7225,3624,88,3,361545,361633,358009
7226,3625,57,3,361633,361690,358065
7227,3625,60,2,361690,361750,358125
7228,3626,97,2,361750,361847,358221
7229,3626,83,3,361847,361930,358304
7230,3627,35,1,361930,361965,358338
7231,3627,40,2,361965,362005,358378
7232,3627,88,1,362005,362093,358466
7233,3628,36,1,362093,362129,358501
7234,3628,46,3,362129,362175,358547
7235,3628,1,2,362175,362176,358548
7236,3629,85,2,362176,362261,358632
7237,3630,3,3,362261,362264,358634
7238,3630,20,1,362264,362284,358654
7239,3630,4,1,362284,362288,358658
7240,3630,27,1,362288,362315,358685
7241,3631,6,1,362315,362321,358690
7242,3632,46,1,362321,362367,358735
7243,3633,22,1,362367,362389,358756
7244,3633,50,3,362389,362439,358806
7245,3633,46,3,362439,362485,358852
7246,3634,22,3,362485,362507,358873
7247,3635,39,3,362507,362546,358911
7248,3636,65,1,362546,362611,358975
7249,3637,67,3,362611,362678,359041
7250,3637,77,1,362678,362755,359118
7251,3637,54,2,362755,362809,359172
7252,3637,2,3,362809,362811,359174
7253,3638,63,2,362811,362874,359236
7254,3639,49,1,362874,362923,359284
7255,3640,90,2,362923,363013,359373
7256,3640,2,3,363013,363015,359375
7257,3640,79,2,363015,363094,359454
7258,3640,78,3,363094,363172,359532
7259,3640,98,3,363172,363270,359630
7260,3641,38,1,363270,363308,359667
7261,3641,1,1,363308,363309,359668
7262,3642,21,1,363309,363330,359688
7263,3643,47,2,363330,363377,359734
7264,3644,44,1,363377,363421,359777
7265,3644,65,2,363421,363486,359842
7266,3644,59,2,363486,363545,359901
7267,3645,84,1,363545,363629,359984
7268,3645,56,1,363629,363685,360040
7269,3646,11,2,363685,363696,360050
7270,3647,7,2,363696,363703,360056
7271,3648,65,1,363703,363768,360120
7272,3648,36,2,363768,363804,360156
7273,3648,11,2,363804,363815,360167
7274,3648,94,1,363815,363909,360261
7275,3649,17,1,363909,363926,360277
7276,3650,4,3,363926,363930,360280
7277,3650,52,3,363930,363982,360332
7278,3651,29,1,363982,364011,360360
7279,3652,83,1,364011,364094,360442
7280,3652,96,2,364094,364190,360538
7281,3653,2,2,364190,364192,360539
7282,3653,25,2,364192,364217,360564
7283,3654,24,2,364217,364241,360587
7284,3654,74,3,364241,364315,360661
7285,3655,80,2,364315,364395,360740
7286,3655,64,1,364395,364459,360804
7287,3656,20,3,364459,364479,360823
7288,3656,90,3,364479,364569,360913
7289,3657,0,1,364569,364569,360912
7290,3657,84,1,364569,364653,360996
7291,3658,70,2,364653,364723,361065
7292,3659,4,2,364723,364727,361068
7293,3659,86,2,364727,364813,361154
7294,3660,75,1,364813,364888,361228
7295,3660,1,2,364888,364889,361229
7296,3660,47,1,364889,364936,361276
7297,3661,78,1,364936,365014,361353
7298,3662,51,2,365014,365065,361403
7299,3662,37,3,365065,365102,361440
7300,3662,55,3,365102,365157,361495
7301,3663,75,1,365157,365232,361569
7302,3664,50,2,365232,365282,361618
7303,3664,41,3,365282,365323,361659
7304,3665,90,2,365323,365413,361748
7305,3665,36,2,365413,365449,361784
7306,3666,10,2,365449,365459,361793
7307,3667,95,1,365459,365554,361887
7308,3668,92,2,365554,365646,361978
7309,3669,27,3,365646,365673,362004
7310,3669,43,2,365673,365716,362047
7311,3669,100,3,365716,365816,362147
7312,3669,54,1,365816,365870,362201
7313,3669,64,3,365870,365934,362265
7314,3670,8,3,365934,365942,362272
7315,3670,80,3,365942,366022,362352
7316,3671,41,1,366022,366063,362392
7317,3672,12,1,366063,366075,362403
7318,3673,75,2,366075,366150,362477
7319,3673,6,3,366150,366156,362483
7320,3674,0,3,366156,366156,362482
7321,3674,86,1,366156,366242,362568
7322,3674,89,3,366242,366331,362657
7323,3674,88,2,366331,366419,362745
7324,3674,20,3,366419,366439,362765
7325,3675,22,2,366439,366461,362786
7326,3675,94,3,366461,366555,362880
7327,3675,90,1,366555,366645,362970
7328,3675,29,3,366645,366674,362999
7329,3676,94,3,366674,366768,363092
7330,3676,54,1,366768,366822,363146
7331,3676,44,1,366822,366866,363190
7332,3676,1,2,366866,366867,363191
7333,3676,66,1,366867,366933,363257
7334,3676,32,3,366933,366965,363289
7335,3677,73,1,366965,367038,363361
7336,3678,10,2,367038,367048,363370
7337,3679,96,3,367048,367144,363465
7338,3679,91,1,367144,367235,363556
7339,3679,88,2,367235,367323,363644
7340,3680,8,2,367323,367331,363651
7341,3680,53,3,367331,367384,363704
7342,3680,22,2,367384,367406,363726
7343,3681,21,2,367406,367427,363746
7344,3681,41,1,367427,367468,363787
7345,3682,1,3,367468,367469,363787
7346,3683,47,3,367469,367516,363833
7347,3684,88,2,367516,367604,363920
7348,3685,47,1,367604,367651,363966
7349,3686,3,1,367651,367654,363968
7350,3687,15,3,367654,367669,363982
7351,3688,82,2,367669,367751,364063
7352,3689,15,3,367751,367766,364077
7353,3689,90,2,367766,367856,364167
7354,3690,62,2,367856,367918,364228
7355,3691,9,1,367918,367927,364236
7356,3692,67,2,367927,367994,364302
7357,3693,78,1,367994,368072,364379
7358,3694,10,3,368072,368082,364388
7359,3694,90,1,368082,368172,364478
7360,3694,79,3,368172,368251,364557
7361,3695,79,1,368251,368330,364635
7362,3695,76,1,368330,368406,364711
7363,3695,58,3,368406,368464,364769
7364,3695,14,2,368464,368478,364783
7365,3695,89,1,368478,368567,364872
7366,3696,98,1,368567,368665,364969
7367,3696,100,2,368665,368765,365069
7368,3697,34,3,368765,368799,365102
7369,3698,37,3,368799,368836,365138
7370,3698,69,3,368836,368905,365207
7371,3698,49,3,368905,368954,365256
7372,3699,36,2,368954,368990,365291
7373,3699,81,3,368990,369071,365372
7374,3700,35,3,369071,369106,365406
7375,3700,88,2,369106,369194,365494
7376,3701,52,1,369194,369246,365545
7377,3701,94,3,369246,369340,365639
7378,3702,5,1,369340,369345,365643
7379,3702,43,2,369345,369388,365686
7380,3703,51,2,369388,369439,365736
7381,3703,93,3,369439,369532,365829
7382,3704,48,3,369532,369580,365876
7383,3705,46,2,369580,369626,365921
7384,3706,24,1,369626,369650,365944
7385,3707,48,1,369650,369698,365991
7386,3707,18,1,369698,369716,366009
7387,3708,71,3,369716,369787,366079
7388,3709,72,1,369787,369859,366150
7389,3710,44,3,369859,369903,366193
7390,3711,41,3,369903,369944,366233
7391,3711,48,3,369944,369992,366281
7392,3712,21,3,369992,370013,366301
7393,3713,22,2,370013,370035,366322
7394,3713,73,3,370035,370108,366395
7395,3713,15,2,370108,370123,366410
7396,3713,15,1,370123,370138,366425
7397,3714,44,3,370138,370182,366468
7398,3715,94,2,370182,370276,366561
7399,3716,62,2,370276,370338,366622
7400,3717,17,1,370338,370355,366638
7401,3717,75,2,370355,370430,366713
7402,3717,46,3,370430,370476,366759
7403,3718,33,3,370476,370509,366791
7404,3718,19,2,370509,370528,366810
7405,3718,33,1,370528,370561,366843
7406,3719,55,2,370561,370616,366897
7407,3720,59,1,370616,370675,366955
7408,3720,43,1,370675,370718,366998
7409,3721,47,1,370718,370765,367044
7410,3722,65,3,370765,370830,367108
7411,3722,99,3,370830,370929,367207
7412,3722,5,1,370929,370934,367212
7413,3722,66,3,370934,371000,367278
7414,3722,18,3,371000,371018,367296
7415,3723,11,2,371018,371029,367306
7416,3723,31,1,371029,371060,367337
7417,3723,58,3,371060,371118,367395
7418,3723,56,2,371118,371174,367451
7419,3723,72,1,371174,371246,367523
7420,3724,66,1,371246,371312,367588
7421,3724,61,2,371312,371373,367649
7422,3725,66,2,371373,371439,367714
7423,3725,3,1,371439,371442,367717
7424,3725,24,2,371442,371466,367741
7425,3726,90,3,371466,371556,367830
7426,3726,70,2,371556,371626,367900
7427,3726,0,2,371626,371626,367900
7428,3726,51,2,371626,371677,367951
7429,3726,93,3,371677,371770,368044
7430,3726,8,2,371770,371778,368052
7431,3726,95,1,371778,371873,368147
7432,3727,66,3,371873,371939,368212
7433,3728,38,3,371939,371977,368249
7434,3728,46,3,371977,372023,368295
7435,3728,55,1,372023,372078,368350
7436,3728,0,1,372078,372078,368350
7437,3729,22,2,372078,372100,368371
7438,3730,85,3,372100,372185,368455
7439,3731,16,1,372185,372201,368470
7440,3732,59,1,372201,372260,368528
7441,3733,0,3,372260,372260,368527
7442,3733,20,1,372260,372280,368547
7443,3734,73,2,372280,372353,368619
7444,3735,26,3,372353,372379,368644
7445,3736,4,2,372379,372383,368647
7446,3736,6,3,372383,372389,368653
7447,3736,3,1,372389,372392,368656
7448,3736,59,1,372392,372451,368715
7449,3736,8,1,372451,372459,368723
7450,3736,83,1,372459,372542,368806
7451,3736,53,2,372542,372595,368859
7452,3736,76,3,372595,372671,368935
7453,3737,16,2,372671,372687,368950
7454,3738,87,1,372687,372774,369036
7455,3738,51,1,372774,372825,369087
7456,3738,32,3,372825,372857,369119
7457,3738,50,3,372857,372907,369169
7458,3738,17,1,372907,372924,369186
7459,3738,75,2,372924,372999,369261
7460,3738,12,2,372999,373011,369273
7461,3738,55,1,373011,373066,369328
7462,3738,55,3,373066,373121,369383
7463,3738,14,2,373121,373135,369397
7464,3739,98,3,373135,373233,369494
7465,3740,15,3,373233,373248,369508
7466,3741,63,1,373248,373311,369570
7467,3741,17,1,373311,373328,369587
7468,3741,51,2,373328,373379,369638
7469,3741,60,2,373379,373439,369698
7470,3741,89,3,373439,373528,369787
7471,3741,87,2,373528,373615,369874
7472,3741,94,1,373615,373709,369968
7473,3742,96,1,373709,373805,370063
7474,3742,60,2,373805,373865,370123
7475,3743,28,1,373865,373893,370150
7476,3744,74,3,373893,373967,370223
7477,3744,88,3,373967,374055,370311
7478,3744,26,2,374055,374081,370337
7479,3744,97,2,374081,374178,370434
7480,3745,25,1,374178,374203,370458
7481,3745,80,3,374203,374283,370538
7482,3745,65,1,374283,374348,370603
7483,3746,77,3,374348,374425,370679
7484,3747,23,2,374425,374448,370701
7485,3748,50,1,374448,374498,370750
7486,3748,55,2,374498,374553,370805
7487,3748,87,2,374553,374640,370892
7488,3749,5,1,374640,374645,370896
7489,3750,76,1,374645,374721,370971
7490,3750,69,2,374721,374790,371040
7491,3751,74,2,374790,374864,371113
7492,3751,8,3,374864,374872,371121
7493,3752,38,1,374872,374910,371158
7494,3753,19,3,374910,374929,371176
7495,3753,16,2,374929,374945,371192
7496,3754,3,3,374945,374948,371194
7497,3755,36,1,374948,374984,371229
7498,3756,84,3,374984,375068,371312
7499,3757,93,3,375068,375161,371404
7500,3757,72,1,375161,375233,371476
7501,3757,87,2,375233,375320,371563
7502,3758,44,2,375320,375364,371606
7503,3758,16,2,375364,375380,371622
7504,3758,5,2,375380,375385,371627
7505,3759,8,3,375385,375393,371634
7506,3759,64,1,375393,375457,371698
7507,3760,91,1,375457,375548,371788
7508,3760,55,1,375548,375603,371843
7509,3761,38,3,375603,375641,371880
7510,3762,52,1,375641,375693,371931
7511,3763,97,1,375693,375790,372027
7512,3764,88,1,375790,375878,372114
7513,3765,69,1,375878,375947,372182
7514,3765,40,3,375947,375987,372222
7515,3765,3,3,375987,375990,372225
7516,3766,64,1,375990,376054,372288
7517,3767,74,2,376054,376128,372361
7518,3767,39,3,376128,376167,372400
7519,3768,61,3,376167,376228,372460
7520,3769,48,1,376228,376276,372507
7521,3770,60,2,376276,376336,372566
7522,3771,61,1,376336,376397,372626
7523,3772,82,1,376397,376479,372707
7524,3773,57,2,376479,376536,372763
7525,3773,48,3,376536,376584,372811
7526,3774,63,3,376584,376647,372873
7527,3774,96,1,376647,376743,372969
7528,3775,96,3,376743,376839,373064
7529,3775,56,1,376839,376895,373120
7530,3776,98,3,376895,376993,373217
7531,3777,57,1,376993,377050,373273
7532,3777,88,1,377050,377138,373361
7533,3777,58,1,377138,377196,373419
7534,3778,70,2,377196,377266,373488
7535,3778,14,2,377266,377280,373502
7536,3779,59,1,377280,377339,373560
7537,3780,56,3,377339,377395,373615
7538,3780,74,1,377395,377469,373689
7539,3780,47,1,377469,377516,373736
7540,3781,98,1,377516,377614,373833
7541,3782,33,1,377614,377647,373865
7542,3783,33,2,377647,377680,373897
7543,3784,100,1,377680,377780,373996
7544,3785,97,2,377780,377877,374092
7545,3786,84,2,377877,377961,374175
7546,3786,96,2,377961,378057,374271
7547,3787,94,3,378057,378151,374364
7548,3787,82,1,378151,378233,374446
7549,3788,41,3,378233,378274,374486
7550,3789,47,3,378274,378321,374532
7551,3789,70,2,378321,378391,374602
7552,3789,57,3,378391,378448,374659
7553,3789,31,3,378448,378479,374690
7554,3790,77,3,378479,378556,374766
7555,3791,28,1,378556,378584,374793
7556,3792,40,3,378584,378624,374832
7557,3793,51,3,378624,378675,374882
7558,3793,39,3,378675,378714,374921
7559,3794,8,3,378714,378722,374928
7560,3795,16,1,378722,378738,374943
7561,3796,65,2,378738,378803,375007
7562,3797,52,3,378803,378855,375058
7563,3798,3,2,378855,378858,375060
7564,3798,39,2,378858,378897,375099
7565,3799,90,2,378897,378987,375188
7566,3800,8,3,378987,378995,375195
7567,3801,74,2,378995,379069,375268
7568,3802,88,2,379069,379157,375355
7569,3803,89,3,379157,379246,375443
7570,3804,26,3,379246,379272,375468
7571,3805,100,1,379272,379372,375567
7572,3806,97,2,379372,379469,375663
7573,3806,12,1,379469,379481,375675
7574,3806,79,1,379481,379560,375754
7575,3806,47,2,379560,379607,375801
7576,3807,80,2,379607,379687,375880
7577,3807,70,1,379687,379757,375950
7578,3807,39,3,379757,379796,375989
7579,3807,80,1,379796,379876,376069
7580,3807,42,1,379876,379918,376111
7581,3807,40,2,379918,379958,376151
7582,3808,13,3,379958,379971,376163
7583,3809,44,2,379971,380015,376206
7584,3810,26,3,380015,380041,376231
7585,3811,66,3,380041,380107,376296
7586,3812,12,3,380107,380119,376307
7587,3813,67,2,380119,380186,376373
7588,3814,74,1,380186,380260,376446
7589,3814,77,2,380260,380337,376523
7590,3814,36,3,380337,380373,376559
7591,3814,2,3,380373,380375,376561
7592,3814,86,3,380375,380461,376647
7593,3814,17,3,380461,380478,376664
7594,3815,40,1,380478,380518,376703
7595,3815,26,3,380518,380544,376729
7596,3816,41,1,380544,380585,376769
7597,3817,100,3,380585,380685,376868
7598,3817,28,3,380685,380713,376896
7599,3818,13,1,380713,380726,376908
7600,3818,38,2,380726,380764,376946
7601,3818,85,2,380764,380849,377031
7602,3818,38,3,380849,380887,377069
7603,3818,19,3,380887,380906,377088
7604,3819,95,1,380906,381001,377182
7605,3820,93,3,381001,381094,377274
7606,3821,9,2,381094,381103,377282
7607,3822,46,1,381103,381149,377327
7608,3823,56,3,381149,381205,377382
7609,3823,2,1,381205,381207,377384
7610,3824,23,2,381207,381230,377406
7611,3824,14,2,381230,381244,377420
7612,3825,94,2,381244,381338,377513
7613,3826,12,3,381338,381350,377524
7614,3827,58,3,381350,381408,377581
7615,3827,44,1,381408,381452,377625
7616,3828,79,2,381452,381531,377703
7617,3829,7,1,381531,381538,377709
7618,3829,60,1,381538,381598,377769
7619,3830,68,3,381598,381666,377836
7620,3831,59,2,381666,381725,377894
7621,3832,100,2,381725,381825,377993
7622,3833,48,3,381825,381873,378040
7623,3834,87,3,381873,381960,378126
7624,3834,19,2,381960,381979,378145
7625,3834,98,2,381979,382077,378243
7626,3834,85,3,382077,382162,378328
7627,3835,31,3,382162,382193,378358
7628,3835,6,2,382193,382199,378364
7629,3836,74,2,382199,382273,378437
7630,3837,25,2,382273,382298,378461
7631,3837,36,3,382298,382334,378497
7632,3838,43,1,382334,382377,378539
7633,3839,26,2,382377,382403,378564
7634,3840,17,3,382403,382420,378580
7635,3840,70,2,382420,382490,378650
7636,3840,0,2,382490,382490,378650
7637,3841,91,1,382490,382581,378740
7638,3842,43,3,382581,382624,378782
7639,3842,74,2,382624,382698,378856
7640,3842,8,2,382698,382706,378864
7641,3843,85,3,382706,382791,378948
7642,3844,18,3,382791,382809,378965
7643,3844,100,1,382809,382909,379065
7644,3844,60,2,382909,382969,379125
7645,3844,55,2,382969,383024,379180
7646,3845,39,3,383024,383063,379218
7647,3846,3,3,383063,383066,379220
7648,3847,41,2,383066,383107,379260
7649,3847,86,3,383107,383193,379346
7650,3847,79,1,383193,383272,379425
7651,3847,25,3,383272,383297,379450
7652,3848,61,2,383297,383358,379510
7653,3848,92,2,383358,383450,379602
7654,3849,76,2,383450,383526,379677
7655,3849,27,1,383526,383553,379704
7656,3849,79,2,383553,383632,379783
7657,3850,37,2,383632,383669,379819
7658,3851,64,3,383669,383733,379882
7659,3852,36,3,383733,383769,379917
7660,3853,28,1,383769,383797,379944
7661,3854,5,3,383797,383802,379948
7662,3855,26,2,383802,383828,379973
7663,3856,21,3,383828,383849,379993
7664,3857,49,1,383849,383898,380041
7665,3857,22,3,383898,383920,380063
7666,3857,1,1,383920,383921,380064
7667,3858,84,3,383921,384005,380147
7668,3859,68,2,384005,384073,380214
7669,3859,77,1,384073,384150,380291
7670,3860,10,2,384150,384160,380300
7671,3861,15,3,384160,384175,380314
7672,3862,21,3,384175,384196,380334
7673,3863,46,2,384196,384242,380379
7674,3864,28,2,384242,384270,380406
7675,3864,14,2,384270,384284,380420
7676,3864,38,1,384284,384322,380458
7677,3865,16,3,384322,384338,380473
7678,3866,97,2,384338,384435,380569
7679,3867,61,1,384435,384496,380629
7680,3868,34,3,384496,384530,380662
7681,3868,83,2,384530,384613,380745
7682,3869,13,3,384613,384626,380757
7683,3870,4,1,384626,384630,380760
7684,3871,21,3,384630,384651,380780
7685,3871,84,1,384651,384735,380864
7686,3871,5,2,384735,384740,380869
7687,3871,94,2,384740,384834,380963
7688,3871,46,1,384834,384880,381009
7689,3871,41,1,384880,384921,381050
7690,3872,41,2,384921,384962,381090
7691,3873,67,2,384962,385029,381156
7692,3873,96,1,385029,385125,381252
7693,3874,92,3,385125,385217,381343
7694,3874,44,2,385217,385261,381387
7695,3874,68,3,385261,385329,381455
7696,3874,57,1,385329,385386,381512
7697,3874,91,2,385386,385477,381603
7698,3875,72,3,385477,385549,381674
7699,3875,25,3,385549,385574,381699
7700,3875,7,2,385574,385581,381706
7701,3875,36,1,385581,385617,381742
7702,3875,26,1,385617,385643,381768
7703,3876,80,1,385643,385723,381847
7704,3876,37,1,385723,385760,381884
7705,3877,75,1,385760,385835,381958
7706,3878,62,2,385835,385897,382019
7707,3879,28,1,385897,385925,382046
7708,3880,20,1,385925,385945,382065
7709,3880,44,2,385945,385989,382109
7710,3880,56,2,385989,386045,382165
7711,3881,36,3,386045,386081,382200
7712,3882,56,1,386081,386137,382255
7713,3883,33,2,386137,386170,382287
7714,3884,9,3,386170,386179,382295
7715,3884,58,1,386179,386237,382353
7716,3885,12,3,386237,386249,382364
7717,3885,64,1,386249,386313,382428
7718,3886,88,2,386313,386401,382515
7719,3887,73,2,386401,386474,382587
7720,3887,11,1,386474,386485,382598
7721,3887,47,3,386485,386532,382645
7722,3888,67,2,386532,386599,382711
7723,3888,45,2,386599,386644,382756
7724,3888,68,2,386644,386712,382824
7725,3889,92,1,386712,386804,382915
7726,3890,10,1,386804,386814,382924
7727,3890,6,2,386814,386820,382930
7728,3890,12,2,386820,386832,382942
7729,3891,16,2,386832,386848,382957
7730,3891,0,3,386848,386848,382957
7731,3892,51,2,386848,386899,383007
7732,3892,90,2,386899,386989,383097
7733,3893,5,1,386989,386994,383101
7734,3893,56,3,386994,387050,383157
7735,3894,63,2,387050,387113,383219
7736,3895,52,1,387113,387165,383270
7737,3895,33,2,387165,387198,383303
7738,3895,51,3,387198,387249,383354
7739,3895,5,3,387249,387254,383359
7740,3895,40,1,387254,387294,383399
7741,3895,52,3,387294,387346,383451
7742,3896,69,1,387346,387415,383519
7743,3896,7,1,387415,387422,383526
7744,3896,62,3,387422,387484,383588
7745,3896,93,1,387484,387577,383681
7746,3897,27,2,387577,387604,383707
7747,3898,35,1,387604,387639,383741
7748,3898,50,1,387639,387689,383791
7749,3899,16,1,387689,387705,383806
7750,3899,27,2,387705,387732,383833
7751,3899,49,3,387732,387781,383882
7752,3900,3,3,387781,387784,383884
7753,3901,51,2,387784,387835,383934
7754,3902,62,1,387835,387897,383995
7755,3903,28,3,387897,387925,384022
7756,3903,71,3,387925,387996,384093
7757,3903,14,2,387996,388010,384107
7758,3903,95,2,388010,388105,384202
7759,3903,73,2,388105,388178,384275
7760,3904,34,1,388178,388212,384308
7761,3905,33,2,388212,388245,384340
7762,3906,12,2,388245,388257,384351
7763,3907,84,2,388257,388341,384434
7764,3908,83,3,388341,388424,384516
7765,3908,11,2,388424,388435,384527
7766,3908,76,3,388435,388511,384603
7767,3908,43,1,388511,388554,384646
7768,3908,43,1,388554,388597,384689
7769,3909,12,1,388597,388609,384700
7770,3910,28,1,388609,388637,384727
7771,3911,54,1,388637,388691,384780
7772,3912,83,1,388691,388774,384862
7773,3912,93,1,388774,388867,384955
7774,3912,11,3,388867,388878,384966
7775,3913,69,2,388878,388947,385034
7776,3914,95,1,388947,389042,385128
7777,3914,0,1,389042,389042,385128
7778,3915,4,2,389042,389046,385131
7779,3916,29,1,389046,389075,385159
7780,3917,60,1,389075,389135,385218
7781,3917,59,2,389135,389194,385277
7782,3918,54,1,389194,389248,385330
7783,3918,64,3,389248,389312,385394
7784,3918,89,3,389312,389401,385483
7785,3919,25,1,389401,389426,385507
7786,3920,60,3,389426,389486,385566
7787,3920,41,3,389486,389527,385607
7788,3920,72,1,389527,389599,385679
7789,3921,34,3,389599,389633,385712
7790,3921,60,3,389633,389693,385772
7791,3921,10,1,389693,389703,385782
7792,3922,88,1,389703,389791,385869
7793,3922,68,1,389791,389859,385937
7794,3922,33,3,389859,389892,385970
7795,3923,92,2,389892,389984,386061
7796,3923,71,1,389984,390055,386132
7797,3923,94,3,390055,390149,386226
7798,3923,14,2,390149,390163,386240
7799,3923,13,1,390163,390176,386253
7800,3924,90,3,390176,390266,386342
7801,3925,40,2,390266,390306,386381
7802,3926,81,1,390306,390387,386461
7803,3927,92,2,390387,390479,386552
7804,3928,73,3,390479,390552,386624
7805,3928,79,2,390552,390631,386703
7806,3928,6,3,390631,390637,386709
7807,3928,19,2,390637,390656,386728
7808,3929,22,2,390656,390678,386749
7809,3930,46,2,390678,390724,386794
7810,3931,78,3,390724,390802,386871
7811,3931,94,3,390802,390896,386965
7812,3932,38,2,390896,390934,387002
7813,3932,90,1,390934,391024,387092
7814,3933,3,2,391024,391027,387094
7815,3934,4,2,391027,391031,387097
7816,3934,47,1,391031,391078,387144
7817,3935,94,2,391078,391172,387237
7818,3935,76,2,391172,391248,387313
7819,3936,26,2,391248,391274,387338
7820,3937,11,2,391274,391285,387348
7821,3938,63,3,391285,391348,387410
7822,3938,0,3,391348,391348,387410
7823,3938,35,1,391348,391383,387445
7824,3939,17,1,391383,391400,387461
7825,3940,76,3,391400,391476,387536
7826,3941,12,3,391476,391488,387547
7827,3941,84,1,391488,391572,387631
7828,3942,72,1,391572,391644,387702
7829,3942,43,3,391644,391687,387745
7830,3942,6,1,391687,391693,387751
7831,3942,68,1,391693,391761,387819
7832,3943,7,1,391761,391768,387825
7833,3944,77,3,391768,391845,387901
7834,3945,82,1,391845,391927,387982
7835,3945,65,1,391927,391992,388047
7836,3945,21,1,391992,392013,388068
7837,3945,7,3,392013,392020,388075
7838,3946,56,2,392020,392076,388130
7839,3947,80,1,392076,392156,388209
7840,3947,67,1,392156,392223,388276
7841,3947,54,3,392223,392277,388330
7842,3948,81,1,392277,392358,388410
7843,3949,23,3,392358,392381,388432
7844,3950,66,2,392381,392447,388497
7845,3951,20,1,392447,392467,388516
7846,3951,99,2,392467,392566,388615
7847,3951,50,2,392566,392616,388665
7848,3952,61,3,392616,392677,388725
7849,3953,23,2,392677,392700,388747
7850,3954,67,1,392700,392767,388813
7851,3954,75,1,392767,392842,388888
7852,3955,87,1,392842,392929,388974
7853,3956,100,3,392929,393029,389073
7854,3956,32,2,393029,393061,389105
7855,3957,65,1,393061,393126,389169
7856,3958,48,1,393126,393174,389216
7857,3959,67,2,393174,393241,389282
7858,3960,30,2,393241,393271,389311
7859,3961,76,2,393271,393347,389386
7860,3961,9,1,393347,393356,389395
7861,3962,94,2,393356,393450,389488
7862,3963,3,1,393450,393453,389490
7863,3963,58,2,393453,393511,389548
7864,3963,80,2,393511,393591,389628
7865,3963,50,3,393591,393641,389678
7866,3963,6,3,393641,393647,389684
7867,3964,19,2,393647,393666,389702
7868,3965,43,3,393666,393709,389744
7869,3966,50,1,393709,393759,389793
7870,3966,31,1,393759,393790,389824
7871,3967,90,1,393790,393880,389913
7872,3968,32,3,393880,393912,389944
7873,3968,92,1,393912,394004,390036
7874,3969,97,3,394004,394101,390132
7875,3970,71,3,394101,394172,390202
7876,3970,91,1,394172,394263,390293
7877,3970,57,2,394263,394320,390350
7878,3970,17,2,394320,394337,390367
7879,3970,72,3,394337,394409,390439
7880,3970,44,2,394409,394453,390483
7881,3970,58,3,394453,394511,390541
7882,3970,39,1,394511,394550,390580
7883,3970,85,3,394550,394635,390665
7884,3970,47,2,394635,394682,390712
7885,3971,36,3,394682,394718,390747
7886,3971,63,2,394718,394781,390810
7887,3972,71,2,394781,394852,390880
7888,3972,10,3,394852,394862,390890
7889,3972,80,1,394862,394942,390970
7890,3973,36,3,394942,394978,391005
7891,3973,70,3,394978,395048,391075
7892,3973,57,1,395048,395105,391132
7893,3973,53,2,395105,395158,391185
7894,3973,7,3,395158,395165,391192
7895,3973,61,3,395165,395226,391253
7896,3974,59,3,395226,395285,391311
7897,3974,46,3,395285,395331,391357
7898,3974,6,3,395331,395337,391363
7899,3975,84,2,395337,395421,391446
7900,3976,83,2,395421,395504,391528
7901,3976,37,3,395504,395541,391565
7902,3976,14,2,395541,395555,391579
7903,3977,26,3,395555,395581,391604
7904,3978,33,1,395581,395614,391636
7905,3978,81,3,395614,395695,391717
7906,3978,26,1,395695,395721,391743
7907,3979,24,3,395721,395745,391766
7908,3979,51,2,395745,395796,391817
7909,3980,8,3,395796,395804,391824
7910,3981,22,3,395804,395826,391845
7911,3981,58,1,395826,395884,391903
7912,3981,43,2,395884,395927,391946
7913,3981,22,1,395927,395949,391968
7914,3981,36,3,395949,395985,392004
7915,3982,28,2,395985,396013,392031
7916,3983,95,3,396013,396108,392125
7917,3984,89,2,396108,396197,392213
7918,3985,31,3,396197,396228,392243
7919,3986,40,2,396228,396268,392282
7920,3987,53,3,396268,396321,392334
7921,3988,15,2,396321,396336,392348
7922,3989,33,2,396336,396369,392380
7923,3989,31,1,396369,396400,392411
7924,3990,4,1,396400,396404,392414
7925,3990,12,2,396404,396416,392426
7926,3991,22,1,396416,396438,392447
7927,3991,10,3,396438,396448,392457
7928,3992,89,2,396448,396537,392545
7929,3993,34,1,396537,396571,392578
7930,3994,19,3,396571,396590,392596
7931,3994,34,2,396590,396624,392630
7932,3995,97,2,396624,396721,392726
7933,3996,82,3,396721,396803,392807
7934,3997,12,3,396803,396815,392818
7935,3998,13,2,396815,396828,392830
7936,3998,78,1,396828,396906,392908
7937,3999,28,2,396906,396934,392935
7938,3999,19,3,396934,396953,392954
7939,3999,19,3,396953,396972,392973
7940,3999,45,1,396972,397017,393018
7941,4000,73,1,397017,397090,393090
7942,4000,75,3,397090,397165,393165
7943,4000,40,3,397165,397205,393205
7944,4001,40,3,397205,397245,393244
7945,4001,23,1,397245,397268,393267
7946,4002,58,3,397268,397326,393324
7947,4003,21,1,397326,397347,393344
7948,4003,96,2,397347,397443,393440
7949,4003,55,2,397443,397498,393495
7950,4003,5,3,397498,397503,393500
7951,4003,78,2,397503,397581,393578
7952,4004,63,1,397581,397644,393640
7953,4004,86,3,397644,397730,393726
7954,4005,28,1,397730,397758,393753
7955,4006,60,3,397758,397818,393812
7956,4006,47,3,397818,397865,393859
7957,4006,63,1,397865,397928,393922
7958,4007,74,3,397928,398002,393995
7959,4008,71,1,398002,398073,394065
7960,4009,69,2,398073,398142,394133
7961,4010,20,3,398142,398162,394152
7962,4011,46,2,398162,398208,394197
7963,4012,88,2,398208,398296,394284
7964,4013,14,1,398296,398310,394297
7965,4013,52,2,398310,398362,394349
7966,4014,20,1,398362,398382,394368
7967,4015,9,1,398382,398391,394376
7968,4015,32,2,398391,398423,394408
7969,4016,19,2,398423,398442,394426
7970,4016,99,3,398442,398541,394525
7971,4016,65,3,398541,398606,394590
7972,4017,82,1,398606,398688,394671
7973,4018,73,2,398688,398761,394743
7974,4019,8,2,398761,398769,394750
7975,4019,21,3,398769,398790,394771
7976,4020,7,2,398790,398797,394777
7977,4020,95,3,398797,398892,394872
7978,4021,35,3,398892,398927,394906
7979,4022,5,3,398927,398932,394910
7980,4023,45,3,398932,398977,394954
7981,4023,40,3,398977,399017,394994
7982,4024,57,2,399017,399074,395050
7983,4025,7,2,399074,399081,395056
7984,4026,28,1,399081,399109,395083
7985,4026,60,3,399109,399169,395143
7986,4027,75,3,399169,399244,395217
7987,4028,69,3,399244,399313,395285
7988,4028,14,3,399313,399327,395299
7989,4028,40,2,399327,399367,395339
7990,4029,68,2,399367,399435,395406
7991,4030,81,1,399435,399516,395486
7992,4031,66,1,399516,399582,395551
7993,4031,59,1,399582,399641,395610
7994,4032,42,3,399641,399683,395651
7995,4033,69,3,399683,399752,395719
7996,4033,87,3,399752,399839,395806
7997,4034,12,3,399839,399851,395817
7998,4034,97,1,399851,399948,395914
7999,4035,67,1,399948,400015,395980
8000,4035,73,1,400015,400088,396053
8001,4035,13,1,400088,400101,396066
8002,4035,39,3,400101,400140,396105
8003,4035,23,1,400140,400163,396128
8004,4036,97,1,400163,400260,396224
8005,4037,19,1,400260,400279,396242
8006,4037,34,1,400279,400313,396276
8007,4037,29,1,400313,400342,396305
8008,4037,13,3,400342,400355,396318
8009,4037,27,2,400355,400382,396345
8010,4038,7,1,400382,400389,396351
8011,4038,54,3,400389,400443,396405
8012,4038,38,2,400443,400481,396443
8013,4039,60,2,400481,400541,396502
8014,4039,17,2,400541,400558,396519
8015,4040,34,1,400558,400592,396552
8016,4040,45,3,400592,400637,396597
8017,4041,91,3,400637,400728,396687
8018,4041,60,3,400728,400788,396747
8019,4042,68,1,400788,400856,396814
8020,4042,65,1,400856,400921,396879
8021,4043,81,3,400921,401002,396959
8022,4044,68,1,401002,401070,397026
8023,4044,48,3,401070,401118,397074
8024,4044,48,2,401118,401166,397122
8025,4045,45,1,401166,401211,397166
8026,4045,8,2,401211,401219,397174
8027,4045,49,1,401219,401268,397223
8028,4046,0,2,401268,401268,397222
8029,4047,14,2,401268,401282,397235
8030,4047,17,2,401282,401299,397252
8031,4048,19,1,401299,401318,397270
8032,4049,10,3,401318,401328,397279
8033,4049,23,1,401328,401351,397302
8034,4049,44,3,401351,401395,397346
8035,4049,64,3,401395,401459,397410
8036,4050,74,1,401459,401533,397483
8037,4051,42,3,401533,401575,397524
8038,4052,60,2,401575,401635,397583
8039,4053,7,2,401635,401642,397589
8040,4053,71,1,401642,401713,397660
8041,4054,27,2,401713,401740,397686
8042,4054,3,2,401740,401743,397689
8043,4054,80,3,401743,401823,397769
8044,4054,56,3,401823,401879,397825
8045,4055,50,2,401879,401929,397874
8046,4055,56,2,401929,401985,397930
8047,4055,98,3,401985,402083,398028
8048,4055,39,2,402083,402122,398067
8049,4056,91,3,402122,402213,398157
8050,4056,98,3,402213,402311,398255
8051,4057,38,1,402311,402349,398292
8052,4058,60,1,402349,402409,398351
8053,4059,59,3,402409,402468,398409
8054,4060,86,3,402468,402554,398494
8055,4061,33,2,402554,402587,398526
8056,4062,10,3,402587,402597,398535
8057,4062,49,3,402597,402646,398584
8058,4062,13,2,402646,402659,398597
8059,4063,3,2,402659,402662,398599
8060,4063,52,3,402662,402714,398651
8061,4063,85,1,402714,402799,398736
8062,4064,69,3,402799,402868,398804
8063,4065,79,2,402868,402947,398882
8064,4066,10,3,402947,402957,398891
8065,4066,22,3,402957,402979,398913
8066,4066,34,2,402979,403013,398947
8067,4066,33,1,403013,403046,398980
8068,4067,49,1,403046,403095,399028
8069,4067,21,2,403095,403116,399049
8070,4068,75,1,403116,403191,399123
8071,4068,90,1,403191,403281,399213
8072,4069,91,3,403281,403372,399303
8073,4069,38,3,403372,403410,399341
8074,4069,71,2,403410,403481,399412
8075,4070,24,1,403481,403505,399435
8076,4070,9,3,403505,403514,399444
8077,4070,13,1,403514,403527,399457
8078,4071,39,3,403527,403566,399495
8079,4072,8,2,403566,403574,399502
8080,4073,37,1,403574,403611,399538
8081,4074,6,3,403611,403617,399543
8082,4074,1,3,403617,403618,399544
8083,4075,54,1,403618,403672,399597
8084,4076,67,3,403672,403739,399663
8085,4077,53,2,403739,403792,399715
8086,4078,2,2,403792,403794,399716
8087,4079,96,2,403794,403890,399811
8088,4079,11,2,403890,403901,399822
8089,4080,92,1,403901,403993,399913
8090,4080,66,2,403993,404059,399979
8091,4081,55,2,404059,404114,400033
8092,4082,24,3,404114,404138,400056
8093,4082,3,1,404138,404141,400059
8094,4083,22,3,404141,404163,400080
8095,4083,31,1,404163,404194,400111
8096,4083,69,1,404194,404263,400180
8097,4083,73,2,404263,404336,400253
8098,4084,42,2,404336,404378,400294
8099,4085,89,1,404378,404467,400382
8100,4086,9,3,404467,404476,400390
8101,4087,11,2,404476,404487,400400
8102,4088,15,2,404487,404502,400414
8103,4088,37,2,404502,404539,400451
8104,4089,75,3,404539,404614,400525
8105,4090,34,2,404614,404648,400558
8106,4091,17,1,404648,404665,400574
8107,4092,63,2,404665,404728,400636
8108,4093,51,2,404728,404779,400686
8109,4093,57,3,404779,404836,400743
8110,4094,38,3,404836,404874,400780
8111,4095,35,1,404874,404909,400814
8112,4095,41,3,404909,404950,400855
8113,4095,22,2,404950,404972,400877
8114,4096,39,2,404972,405011,400915
8115,4096,50,3,405011,405061,400965
8116,4096,99,3,405061,405160,401064
8117,4096,1,3,405160,405161,401065
8118,4097,57,1,405161,405218,401121
8119,4098,15,2,405218,405233,401135
8120,4098,24,1,405233,405257,401159
8121,4098,69,3,405257,405326,401228
8122,4099,52,2,405326,405378,401279
8123,4100,21,1,405378,405399,401299
8124,4101,70,1,405399,405469,401368
8125,4102,47,1,405469,405516,401414
8126,4102,76,3,405516,405592,401490
8127,4102,24,1,405592,405616,401514
8128,4102,55,2,405616,405671,401569
8129,4102,21,2,405671,405692,401590
8130,4102,17,2,405692,405709,401607
8131,4103,95,1,405709,405804,401701
8132,4104,73,3,405804,405877,401773
8133,4105,65,1,405877,405942,401837
8134,4106,90,1,405942,406032,401926
8135,4106,34,2,406032,406066,401960
8136,4106,5,3,406066,406071,401965
8137,4106,83,1,406071,406154,402048
8138,4107,16,2,406154,406170,402063
8139,4108,54,3,406170,406224,402116
8140,4108,32,1,406224,406256,402148
8141,4109,25,2,406256,406281,402172
8142,4110,60,1,406281,406341,402231
8143,4110,33,2,406341,406374,402264
8144,4111,80,2,406374,406454,402343
8145,4111,24,1,406454,406478,402367
8146,4111,21,3,406478,406499,402388
8147,4112,2,3,406499,406501,402389
8148,4112,15,2,406501,406516,402404
8149,4112,49,1,406516,406565,402453
8150,4112,42,1,406565,406607,402495
8151,4113,4,1,406607,406611,402498
8152,4114,49,3,406611,406660,402546
8153,4114,100,2,406660,406760,402646
8154,4115,94,1,406760,406854,402739
8155,4115,71,3,406854,406925,402810
8156,4116,76,2,406925,407001,402885
8157,4116,76,3,407001,407077,402961
8158,4116,84,3,407077,407161,403045
8159,4117,9,2,407161,407170,403053
8160,4117,90,3,407170,407260,403143
8161,4118,45,1,407260,407305,403187
8162,4119,39,3,407305,407344,403225
8163,4119,69,1,407344,407413,403294
8164,4120,25,1,407413,407438,403318
8165,4120,50,1,407438,407488,403368
8166,4120,68,2,407488,407556,403436
8167,4120,16,3,407556,407572,403452
8168,4121,84,3,407572,407656,403535
8169,4121,60,2,407656,407716,403595
8170,4122,50,1,407716,407766,403644
8171,4123,73,1,407766,407839,403716
8172,4123,75,2,407839,407914,403791
8173,4124,92,2,407914,408006,403882
8174,4124,54,2,408006,408060,403936
8175,4125,55,3,408060,408115,403990
8176,4125,37,3,408115,408152,404027
8177,4125,91,2,408152,408243,404118
8178,4126,74,2,408243,408317,404191
8179,4127,18,2,408317,408335,404208
8180,4128,40,2,408335,408375,404247
8181,4129,0,1,408375,408375,404246
8182,4129,61,2,408375,408436,404307
8183,4130,52,1,408436,408488,404358
8184,4130,82,3,408488,408570,404440
8185,4130,59,2,408570,408629,404499
8186,4131,67,1,408629,408696,404565
8187,4131,52,1,408696,408748,404617
8188,4131,12,1,408748,408760,404629
8189,4131,95,2,408760,408855,404724
8190,4132,62,1,408855,408917,404785
8191,4132,88,3,408917,409005,404873
8192,4132,6,3,409005,409011,404879
8193,4132,88,1,409011,409099,404967
8194,4132,30,3,409099,409129,404997
8195,4132,60,2,409129,409189,405057
8196,4132,12,3,409189,409201,405069
8197,4132,5,2,409201,409206,405074
8198,4132,86,2,409206,409292,405160
8199,4133,75,2,409292,409367,405234
8200,4134,53,1,409367,409420,405286
8201,4135,95,1,409420,409515,405380
8202,4136,61,3,409515,409576,405440
8203,4137,36,1,409576,409612,405475
8204,4137,36,2,409612,409648,405511
8205,4138,0,2,409648,409648,405510
8206,4138,0,3,409648,409648,405510
8207,4138,24,2,409648,409672,405534
8208,4138,47,2,409672,409719,405581
8209,4138,94,3,409719,409813,405675
8210,4138,83,1,409813,409896,405758
8211,4139,88,3,409896,409984,405845
8212,4139,77,2,409984,410061,405922
8213,4140,61,3,410061,410122,405982
8214,4140,85,2,410122,410207,406067
8215,4141,82,2,410207,410289,406148
8216,4142,100,3,410289,410389,406247
8217,4142,51,3,410389,410440,406298
8218,4142,60,2,410440,410500,406358
8219,4142,27,2,410500,410527,406385
8220,4143,45,3,410527,410572,406429
8221,4143,44,2,410572,410616,406473
8222,4143,4,1,410616,410620,406477
8223,4143,7,2,410620,410627,406484
8224,4144,74,2,410627,410701,406557
8225,4145,32,2,410701,410733,406588
8226,4146,97,2,410733,410830,406684
8227,4147,5,2,410830,410835,406688
8228,4147,79,1,410835,410914,406767
8229,4147,96,1,410914,411010,406863
8230,4148,11,2,411010,411021,406873
8231,4149,26,2,411021,411047,406898
8232,4149,19,2,411047,411066,406917
8233,4149,0,2,411066,411066,406917
8234,4150,65,2,411066,411131,406981
8235,4151,88,2,411131,411219,407068
8236,4152,52,1,411219,411271,407119
8237,4152,76,1,411271,411347,407195
8238,4152,94,1,411347,411441,407289
8239,4152,29,3,411441,411470,407318
8240,4152,49,3,411470,411519,407367
8241,4152,79,2,411519,411598,407446
8242,4153,62,1,411598,411660,407507
8243,4154,66,3,411660,411726,407572
8244,4154,79,3,411726,411805,407651
8245,4155,99,1,411805,411904,407749
8246,4155,64,1,411904,411968,407813
8247,4155,14,3,411968,411982,407827
8248,4156,1,1,411982,411983,407827
8249,4157,34,2,411983,412017,407860
8250,4158,90,3,412017,412107,407949
8251,4159,44,3,412107,412151,407992
8252,4159,34,1,412151,412185,408026
8253,4159,25,3,412185,412210,408051
8254,4159,95,3,412210,412305,408146
8255,4160,51,2,412305,412356,408196
8256,4161,34,3,412356,412390,408229
8257,4161,36,2,412390,412426,408265
8258,4162,80,3,412426,412506,408344
8259,4163,32,2,412506,412538,408375
8260,4163,32,2,412538,412570,408407
8261,4163,87,3,412570,412657,408494
8262,4164,50,1,412657,412707,408543
8263,4165,39,1,412707,412746,408581
8264,4165,20,1,412746,412766,408601
8265,4166,6,2,412766,412772,408606
8266,4166,45,1,412772,412817,408651
8267,4166,25,2,412817,412842,408676
8268,4166,47,1,412842,412889,408723
8269,4167,77,3,412889,412966,408799
8270,4167,16,1,412966,412982,408815
8271,4168,33,2,412982,413015,408847
8272,4169,88,1,413015,413103,408934
8273,4170,30,1,413103,413133,408963
8274,4171,84,2,413133,413217,409046
8275,4172,62,3,413217,413279,409107
8276,4172,58,3,413279,413337,409165
8277,4173,26,1,413337,413363,409190
8278,4174,11,3,413363,413374,409200
8279,4175,56,1,413374,413430,409255
8280,4175,65,1,413430,413495,409320
8281,4176,63,2,413495,413558,409382
8282,4176,42,2,413558,413600,409424
8283,4176,13,3,413600,413613,409437
8284,4177,46,1,413613,413659,409482
8285,4177,62,3,413659,413721,409544
8286,4178,85,3,413721,413806,409628
8287,4178,71,3,413806,413877,409699
8288,4179,83,3,413877,413960,409781
8289,4179,69,3,413960,414029,409850
8290,4180,29,1,414029,414058,409878
8291,4180,65,3,414058,414123,409943
8292,4181,53,3,414123,414176,409995
8293,4182,45,2,414176,414221,410039
8294,4183,61,1,414221,414282,410099
8295,4184,32,1,414282,414314,410130
8296,4185,53,1,414314,414367,410182
8297,4186,68,3,414367,414435,410249
8298,4186,67,2,414435,414502,410316
8299,4186,85,3,414502,414587,410401
8300,4187,98,1,414587,414685,410498
8301,4187,95,3,414685,414780,410593
8302,4188,73,1,414780,414853,410665
8303,4189,55,3,414853,414908,410719
8304,4189,58,2,414908,414966,410777
8305,4190,15,2,414966,414981,410791
8306,4190,73,3,414981,415054,410864
8307,4190,47,3,415054,415101,410911
8308,4191,86,2,415101,415187,410996
8309,4192,87,1,415187,415274,411082
8310,4192,73,3,415274,415347,411155
8311,4193,41,2,415347,415388,411195
8312,4193,7,2,415388,415395,411202
8313,4194,80,2,415395,415475,411281
8314,4194,31,3,415475,415506,411312
8315,4194,23,3,415506,415529,411335
8316,4194,51,3,415529,415580,411386
8317,4195,49,3,415580,415629,411434
8318,4195,15,2,415629,415644,411449
8319,4195,74,1,415644,415718,411523
8320,4195,37,1,415718,415755,411560
8321,4195,70,1,415755,415825,411630
8322,4195,29,3,415825,415854,411659
8323,4195,23,2,415854,415877,411682
8324,4196,9,3,415877,415886,411690
8325,4197,76,3,415886,415962,411765
8326,4197,21,3,415962,415983,411786
8327,4198,48,1,415983,416031,411833
8328,4199,6,2,416031,416037,411838
8329,4199,99,3,416037,416136,411937
8330,4200,50,3,416136,416186,411986
8331,4200,26,3,416186,416212,412012
8332,4200,59,1,416212,416271,412071
8333,4201,33,2,416271,416304,412103
8334,4201,41,1,416304,416345,412144
8335,4201,57,3,416345,416402,412201
8336,4201,65,3,416402,416467,412266
8337,4202,56,1,416467,416523,412321
8338,4202,94,2,416523,416617,412415
8339,4203,79,2,416617,416696,412493
8340,4203,26,3,416696,416722,412519
8341,4204,13,3,416722,416735,412531
8342,4205,39,3,416735,416774,412569
8343,4206,16,2,416774,416790,412584
8344,4207,73,3,416790,416863,412656
8345,4208,73,1,416863,416936,412728
8346,4208,27,2,416936,416963,412755
8347,4208,32,1,416963,416995,412787
8348,4208,25,2,416995,417020,412812
8349,4209,40,3,417020,417060,412851
8350,4209,52,2,417060,417112,412903
8351,4209,66,3,417112,417178,412969
8352,4210,71,1,417178,417249,413039
8353,4211,3,2,417249,417252,413041
8354,4211,17,3,417252,417269,413058
8355,4212,43,3,417269,417312,413100
8356,4213,22,2,417312,417334,413121
8357,4214,13,2,417334,417347,413133
8358,4214,50,2,417347,417397,413183
8359,4215,9,2,417397,417406,413191
8360,4216,24,3,417406,417430,413214
8361,4217,15,3,417430,417445,413228
8362,4217,13,1,417445,417458,413241
8363,4218,99,3,417458,417557,413339
8364,4219,50,3,417557,417607,413388
8365,4220,82,3,417607,417689,413469
8366,4221,64,3,417689,417753,413532
8367,4222,56,2,417753,417809,413587
8368,4223,82,2,417809,417891,413668
8369,4224,50,3,417891,417941,413717
8370,4225,44,1,417941,417985,413760
8371,4226,9,1,417985,417994,413768
8372,4227,52,3,417994,418046,413819
8373,4228,2,2,418046,418048,413820
8374,4228,48,1,418048,418096,413868
8375,4228,32,1,418096,418128,413900
8376,4228,52,3,418128,418180,413952
8377,4228,7,1,418180,418187,413959
8378,4228,6,1,418187,418193,413965
8379,4228,46,2,418193,418239,414011
8380,4229,97,2,418239,418336,414107
8381,4230,58,2,418336,418394,414164
8382,4230,7,3,418394,418401,414171
8383,4230,3,3,418401,418404,414174
8384,4230,32,3,418404,418436,414206
8385,4231,69,3,418436,418505,414274
8386,4231,49,1,418505,418554,414323
8387,4231,27,1,418554,418581,414350
8388,4232,37,2,418581,418618,414386
8389,4232,50,3,418618,418668,414436
8390,4232,54,2,418668,418722,414490
8391,4232,11,1,418722,418733,414501
8392,4232,74,2,418733,418807,414575
8393,4232,94,2,418807,418901,414669
8394,4232,4,2,418901,418905,414673
8395,4233,42,1,418905,418947,414714
8396,4233,36,2,418947,418983,414750
8397,4233,19,2,418983,419002,414769
8398,4233,23,3,419002,419025,414792
8399,4234,23,3,419025,419048,414814
8400,4234,25,2,419048,419073,414839
8401,4235,19,2,419073,419092,414857
8402,4235,84,1,419092,419176,414941
8403,4235,77,3,419176,419253,415018
8404,4235,72,2,419253,419325,415090
8405,4236,51,1,419325,419376,415140
8406,4237,1,2,419376,419377,415140
8407,4237,15,1,419377,419392,415155
8408,4238,83,2,419392,419475,415237
8409,4238,49,1,419475,419524,415286
8410,4238,44,2,419524,419568,415330
8411,4238,91,2,419568,419659,415421
8412,4238,69,2,419659,419728,415490
8413,4239,76,3,419728,419804,415565
8414,4239,9,1,419804,419813,415574
8415,4239,33,3,419813,419846,415607
8416,4239,30,3,419846,419876,415637
8417,4239,23,1,419876,419899,415660
8418,4239,58,2,419899,419957,415718
8419,4239,17,3,419957,419974,415735
8420,4239,38,1,419974,420012,415773
8421,4240,23,1,420012,420035,415795
8422,4241,82,1,420035,420117,415876
8423,4242,43,2,420117,420160,415918
8424,4242,2,2,420160,420162,415920
8425,4243,84,3,420162,420246,416003
8426,4243,50,3,420246,420296,416053
8427,4244,23,2,420296,420319,416075
8428,4245,28,2,420319,420347,416102
8429,4245,62,3,420347,420409,416164
8430,4245,97,3,420409,420506,416261
8431,4246,39,1,420506,420545,416299
8432,4246,14,1,420545,420559,416313
8433,4247,75,3,420559,420634,416387
8434,4247,12,2,420634,420646,416399
8435,4248,25,3,420646,420671,416423
8436,4249,86,1,420671,420757,416508
8437,4249,9,3,420757,420766,416517
8438,4250,53,3,420766,420819,416569
8439,4250,91,2,420819,420910,416660
8440,4251,26,3,420910,420936,416685
8441,4251,72,3,420936,421008,416757
8442,4252,30,3,421008,421038,416786
8443,4252,56,3,421038,421094,416842
8444,4253,32,3,421094,421126,416873
8445,4253,37,1,421126,421163,416910
8446,4254,92,3,421163,421255,417001
8447,4254,69,2,421255,421324,417070
8448,4255,14,3,421324,421338,417083
8449,4255,14,3,421338,421352,417097
8450,4255,76,1,421352,421428,417173
8451,4256,64,3,421428,421492,417236
8452,4257,2,3,421492,421494,417237
8453,4258,31,3,421494,421525,417267
8454,4258,26,1,421525,421551,417293
8455,4258,89,3,421551,421640,417382
8456,4259,21,1,421640,421661,417402
8457,4260,100,3,421661,421761,417501
8458,4261,86,2,421761,421847,417586
8459,4262,42,1,421847,421889,417627
8460,4263,48,2,421889,421937,417674
8461,4263,25,3,421937,421962,417699
8462,4263,2,3,421962,421964,417701
8463,4264,73,1,421964,422037,417773
8464,4265,35,2,422037,422072,417807
8465,4266,66,3,422072,422138,417872
8466,4266,37,1,422138,422175,417909
8467,4266,67,2,422175,422242,417976
8468,4267,66,1,422242,422308,418041
8469,4268,64,3,422308,422372,418104
8470,4268,44,1,422372,422416,418148
8471,4269,73,1,422416,422489,418220
8472,4270,28,1,422489,422517,418247
8473,4271,28,1,422517,422545,418274
8474,4272,97,2,422545,422642,418370
8475,4272,77,3,422642,422719,418447
8476,4273,1,1,422719,422720,418447
8477,4273,23,1,422720,422743,418470
8478,4273,72,2,422743,422815,418542
8479,4274,22,1,422815,422837,418563
8480,4275,30,2,422837,422867,418592
8481,4276,83,3,422867,422950,418674
8482,4276,85,1,422950,423035,418759
8483,4276,48,3,423035,423083,418807
8484,4276,43,3,423083,423126,418850
8485,4277,29,1,423126,423155,418878
8486,4277,53,1,423155,423208,418931
8487,4277,66,2,423208,423274,418997
8488,4277,80,1,423274,423354,419077
8489,4278,44,1,423354,423398,419120
8490,4279,59,3,423398,423457,419178
8491,4280,25,1,423457,423482,419202
8492,4280,85,2,423482,423567,419287
8493,4280,92,1,423567,423659,419379
8494,4281,68,2,423659,423727,419446
8495,4281,1,1,423727,423728,419447
8496,4282,7,2,423728,423735,419453
8497,4282,72,1,423735,423807,419525
8498,4282,97,1,423807,423904,419622
8499,4283,79,2,423904,423983,419700
8500,4283,4,3,423983,423987,419704
8501,4284,19,2,423987,424006,419722
8502,4284,83,2,424006,424089,419805
8503,4285,1,1,424089,424090,419805
8504,4286,72,3,424090,424162,419876
8505,4287,28,1,424162,424190,419903
8506,4288,81,2,424190,424271,419983
8507,4288,74,3,424271,424345,420057
8508,4289,9,3,424345,424354,420065
8509,4289,72,2,424354,424426,420137
8510,4290,48,2,424426,424474,420184
8511,4290,41,3,424474,424515,420225
8512,4290,5,2,424515,424520,420230
8513,4290,46,2,424520,424566,420276
8514,4290,97,2,424566,424663,420373
8515,4290,4,1,424663,424667,420377
8516,4290,93,3,424667,424760,420470
8517,4290,72,3,424760,424832,420542
8518,4291,60,3,424832,424892,420601
8519,4291,56,3,424892,424948,420657
8520,4292,22,2,424948,424970,420678
8521,4292,7,1,424970,424977,420685
8522,4292,34,3,424977,425011,420719
8523,4293,50,3,425011,425061,420768
8524,4294,93,3,425061,425154,420860
8525,4294,42,2,425154,425196,420902
8526,4294,62,3,425196,425258,420964
8527,4294,59,3,425258,425317,421023
8528,4294,93,2,425317,425410,421116
8529,4295,59,1,425410,425469,421174
8530,4295,63,3,425469,425532,421237
8531,4295,30,3,425532,425562,421267
8532,4296,61,2,425562,425623,421327
8533,4297,12,1,425623,425635,421338
8534,4297,32,2,425635,425667,421370
8535,4298,48,2,425667,425715,421417
8536,4298,83,2,425715,425798,421500
8537,4299,22,1,425798,425820,421521
8538,4299,34,3,425820,425854,421555
8539,4299,72,3,425854,425926,421627
8540,4299,59,3,425926,425985,421686
8541,4300,6,1,425985,425991,421691
8542,4300,2,1,425991,425993,421693
8543,4300,84,2,425993,426077,421777
8544,4301,84,3,426077,426161,421860
8545,4301,36,3,426161,426197,421896
8546,4302,59,2,426197,426256,421954
8547,4303,89,3,426256,426345,422042
8548,4303,89,2,426345,426434,422131
8549,4303,59,1,426434,426493,422190
8550,4304,62,2,426493,426555,422251
8551,4304,100,3,426555,426655,422351
8552,4304,68,1,426655,426723,422419
8553,4304,38,1,426723,426761,422457
8554,4305,44,2,426761,426805,422500
8555,4306,65,3,426805,426870,422564
8556,4307,28,2,426870,426898,422591
8557,4307,5,1,426898,426903,422596
8558,4307,14,1,426903,426917,422610
8559,4308,58,1,426917,426975,422667
8560,4308,67,3,426975,427042,422734
8561,4308,22,2,427042,427064,422756
8562,4308,6,3,427064,427070,422762
8563,4309,61,2,427070,427131,422822
8564,4310,6,2,427131,427137,422827
8565,4311,71,1,427137,427208,422897
8566,4312,40,2,427208,427248,422936
8567,4312,5,1,427248,427253,422941
8568,4313,49,1,427253,427302,422989
8569,4314,87,3,427302,427389,423075
8570,4315,2,3,427389,427391,423076
8571,4315,22,2,427391,427413,423098
8572,4316,75,2,427413,427488,423172
8573,4317,23,3,427488,427511,423194
8574,4317,37,3,427511,427548,423231
8575,4318,8,3,427548,427556,423238
8576,4318,99,3,427556,427655,423337
8577,4319,54,3,427655,427709,423390
8578,4320,24,2,427709,427733,423413
8579,4320,88,3,427733,427821,423501
8580,4320,42,3,427821,427863,423543
8581,4321,57,1,427863,427920,423599
8582,4322,25,1,427920,427945,423623
8583,4322,61,2,427945,428006,423684
8584,4322,14,1,428006,428020,423698
8585,4322,13,3,428020,428033,423711
8586,4322,40,1,428033,428073,423751
8587,4322,63,3,428073,428136,423814
8588,4322,97,2,428136,428233,423911
8589,4322,92,3,428233,428325,424003
8590,4323,50,3,428325,428375,424052
8591,4324,48,3,428375,428423,424099
8592,4324,41,2,428423,428464,424140
8593,4324,46,3,428464,428510,424186
8594,4324,29,3,428510,428539,424215
8595,4324,97,3,428539,428636,424312
8596,4324,83,1,428636,428719,424395
8597,4324,86,3,428719,428805,424481
8598,4324,99,3,428805,428904,424580
8599,4325,7,2,428904,428911,424586
8600,4326,22,1,428911,428933,424607
8601,4327,69,3,428933,429002,424675
8602,4328,100,2,429002,429102,424774
8603,4329,97,2,429102,429199,424870
8604,4330,34,3,429199,429233,424903
8605,4330,11,3,429233,429244,424914
8606,4331,10,2,429244,429254,424923
8607,4331,75,3,429254,429329,424998
8608,4332,39,1,429329,429368,425036
8609,4332,85,2,429368,429453,425121
8610,4332,42,2,429453,429495,425163
8611,4332,26,1,429495,429521,425189
8612,4333,73,1,429521,429594,425261
8613,4334,52,3,429594,429646,425312
8614,4334,5,3,429646,429651,425317
8615,4335,90,3,429651,429741,425406
8616,4336,88,3,429741,429829,425493
8617,4337,24,2,429829,429853,425516
8618,4337,97,1,429853,429950,425613
8619,4338,30,2,429950,429980,425642
8620,4339,16,2,429980,429996,425657
8621,4339,27,2,429996,430023,425684
8622,4339,12,1,430023,430035,425696
8623,4339,81,2,430035,430116,425777
8624,4339,76,2,430116,430192,425853
8625,4340,11,3,430192,430203,425863
8626,4341,95,1,430203,430298,425957
8627,4342,50,2,430298,430348,426006
8628,4342,31,2,430348,430379,426037
8629,4342,50,1,430379,430429,426087
8630,4342,8,3,430429,430437,426095
8631,4342,31,3,430437,430468,426126
8632,4342,7,1,430468,430475,426133
8633,4342,55,3,430475,430530,426188
8634,4343,30,3,430530,430560,426217
8635,4343,90,3,430560,430650,426307
8636,4343,65,2,430650,430715,426372
8637,4343,77,1,430715,430792,426449
8638,4344,61,2,430792,430853,426509
8639,4345,78,1,430853,430931,426586
8640,4345,56,2,430931,430987,426642
8641,4346,83,3,430987,431070,426724
8642,4347,93,1,431070,431163,426816
8643,4347,83,1,431163,431246,426899
8644,4348,54,3,431246,431300,426952
8645,4349,16,3,431300,431316,426967
8646,4349,46,1,431316,431362,427013
8647,4349,42,3,431362,431404,427055
8648,4349,66,1,431404,431470,427121
8649,4349,1,2,431470,431471,427122
8650,4349,31,2,431471,431502,427153
8651,4350,24,2,431502,431526,427176
8652,4351,37,3,431526,431563,427212
8653,4352,72,1,431563,431635,427283
8654,4352,90,2,431635,431725,427373
8655,4353,89,2,431725,431814,427461
8656,4354,95,3,431814,431909,427555
8657,4355,18,2,431909,431927,427572
8658,4355,24,2,431927,431951,427596
8659,4356,70,2,431951,432021,427665
8660,4357,61,1,432021,432082,427725
8661,4358,90,2,432082,432172,427814
8662,4359,19,1,432172,432191,427832
8663,4360,75,1,432191,432266,427906
8664,4360,49,2,432266,432315,427955
8665,4361,62,2,432315,432377,428016
8666,4362,55,3,432377,432432,428070
8667,4362,40,2,432432,432472,428110
8668,4363,84,3,432472,432556,428193
8669,4364,39,2,432556,432595,428231
8670,4364,91,1,432595,432686,428322
8671,4365,77,3,432686,432763,428398
8672,4365,87,2,432763,432850,428485
8673,4366,39,3,432850,432889,428523
8674,4367,65,2,432889,432954,428587
8675,4368,35,2,432954,432989,428621
8676,4369,100,2,432989,433089,428720
8677,4370,70,1,433089,433159,428789
8678,4370,38,3,433159,433197,428827
8679,4371,7,2,433197,433204,428833
8680,4371,91,2,433204,433295,428924
8681,4372,55,2,433295,433350,428978
8682,4373,91,1,433350,433441,429068
8683,4374,44,3,433441,433485,429111
8684,4374,43,1,433485,433528,429154
8685,4375,79,1,433528,433607,429232
8686,4376,1,1,433607,433608,429232
8687,4377,46,2,433608,433654,429277
8688,4378,25,1,433654,433679,429301
8689,4378,87,2,433679,433766,429388
8690,4379,32,3,433766,433798,429419
8691,4379,52,2,433798,433850,429471
8692,4380,19,1,433850,433869,429489
8693,4381,29,3,433869,433898,429517
8694,4381,54,1,433898,433952,429571
8695,4381,19,2,433952,433971,429590
8696,4382,81,2,433971,434052,429670
8697,4382,51,2,434052,434103,429721
8698,4383,7,2,434103,434110,429727
8699,4383,44,2,434110,434154,429771
8700,4384,60,1,434154,434214,429830
8701,4384,33,3,434214,434247,429863
8702,4384,25,3,434247,434272,429888
8703,4384,0,3,434272,434272,429888
8704,4384,95,2,434272,434367,429983
8705,4384,90,3,434367,434457,430073
8706,4384,99,2,434457,434556,430172
8707,4384,30,3,434556,434586,430202
8708,4384,55,2,434586,434641,430257
8709,4385,62,1,434641,434703,430318
8710,4385,51,1,434703,434754,430369
8711,4385,20,2,434754,434774,430389
8712,4386,39,2,434774,434813,430427
8713,4387,36,1,434813,434849,430462
8714,4387,57,2,434849,434906,430519
8715,4388,22,2,434906,434928,430540
8716,4388,32,2,434928,434960,430572
8717,4388,62,1,434960,435022,430634
8718,4389,94,2,435022,435116,430727
8719,4389,75,2,435116,435191,430802
8720,4389,49,1,435191,435240,430851
8721,4389,41,3,435240,435281,430892
8722,4390,99,2,435281,435380,430990
8723,4390,28,1,435380,435408,431018
8724,4391,22,2,435408,435430,431039
8725,4392,20,3,435430,435450,431058
8726,4393,42,1,435450,435492,431099
8727,4393,27,2,435492,435519,431126
8728,4394,40,3,435519,435559,431165
8729,4395,59,2,435559,435618,431223
8730,4396,70,3,435618,435688,431292
8731,4397,94,3,435688,435782,431385
8732,4398,21,3,435782,435803,431405
8733,4398,99,2,435803,435902,431504
8734,4398,43,1,435902,435945,431547
8735,4398,84,1,435945,436029,431631
8736,4398,14,3,436029,436043,431645
8737,4399,73,1,436043,436116,431717
8738,4399,96,1,436116,436212,431813
8739,4399,79,3,436212,436291,431892
8740,4400,1,3,436291,436292,431892
8741,4401,43,2,436292,436335,431934
8742,4401,72,1,436335,436407,432006
8743,4401,46,1,436407,436453,432052
8744,4401,98,2,436453,436551,432150
8745,4402,96,3,436551,436647,432245
8746,4403,22,3,436647,436669,432266
8747,4404,20,1,436669,436689,432285
8748,4404,72,1,436689,436761,432357
8749,4405,84,1,436761,436845,432440
8750,4406,8,2,436845,436853,432447
8751,4406,100,2,436853,436953,432547
8752,4407,45,1,436953,436998,432591
8753,4407,36,3,436998,437034,432627
8754,4407,69,2,437034,437103,432696
8755,4407,9,3,437103,437112,432705
8756,4408,23,1,437112,437135,432727
8757,4409,56,3,437135,437191,432782
8758,4409,52,1,437191,437243,432834
8759,4409,7,1,437243,437250,432841
8760,4409,78,1,437250,437328,432919
8761,4409,14,1,437328,437342,432933
8762,4409,5,2,437342,437347,432938
8763,4410,39,1,437347,437386,432976
8764,4410,72,2,437386,437458,433048
8765,4411,79,2,437458,437537,433126
8766,4411,60,2,437537,437597,433186
8767,4412,86,2,437597,437683,433271
8768,4412,3,3,437683,437686,433274
8769,4413,17,3,437686,437703,433290
8770,4413,47,1,437703,437750,433337
8771,4414,24,3,437750,437774,433360
8772,4415,54,1,437774,437828,433413
8773,4415,44,3,437828,437872,433457
8774,4415,50,2,437872,437922,433507
8775,4415,40,2,437922,437962,433547
8776,4415,58,1,437962,438020,433605
8777,4415,85,3,438020,438105,433690
8778,4416,1,3,438105,438106,433690
8779,4417,7,3,438106,438113,433696
8780,4417,85,2,438113,438198,433781
8781,4418,42,2,438198,438240,433822
8782,4418,83,3,438240,438323,433905
8783,4419,32,1,438323,438355,433936
8784,4419,51,1,438355,438406,433987
8785,4420,31,2,438406,438437,434017
8786,4420,88,2,438437,438525,434105
8787,4420,92,1,438525,438617,434197
8788,4420,49,1,438617,438666,434246
8789,4421,58,1,438666,438724,434303
8790,4421,49,3,438724,438773,434352
8791,4422,17,3,438773,438790,434368
8792,4422,76,2,438790,438866,434444
8793,4422,81,1,438866,438947,434525
8794,4423,39,1,438947,438986,434563
8795,4424,99,1,438986,439085,434661
8796,4425,3,1,439085,439088,434663
8797,4425,99,1,439088,439187,434762
8798,4425,13,2,439187,439200,434775
8799,4425,44,2,439200,439244,434819
8800,4426,40,2,439244,439284,434858
8801,4426,40,1,439284,439324,434898
8802,4427,71,1,439324,439395,434968
8803,4427,15,3,439395,439410,434983
8804,4427,52,3,439410,439462,435035
8805,4427,39,2,439462,439501,435074
8806,4427,8,1,439501,439509,435082
8807,4428,12,3,439509,439521,435093
8808,4429,91,1,439521,439612,435183
8809,4429,69,2,439612,439681,435252
8810,4429,17,3,439681,439698,435269
8811,4429,32,2,439698,439730,435301
8812,4429,85,1,439730,439815,435386
8813,4430,3,2,439815,439818,435388
8814,4431,63,3,439818,439881,435450
8815,4432,25,3,439881,439906,435474
8816,4432,67,3,439906,439973,435541
8817,4433,73,1,439973,440046,435613
8818,4433,45,1,440046,440091,435658
8819,4434,71,2,440091,440162,435728
8820,4434,83,1,440162,440245,435811
8821,4434,64,1,440245,440309,435875
8822,4434,39,1,440309,440348,435914
8823,4434,76,1,440348,440424,435990
8824,4435,7,2,440424,440431,435996
8825,4436,14,1,440431,440445,436009
8826,4437,75,1,440445,440520,436083
8827,4437,2,1,440520,440522,436085
8828,4437,3,1,440522,440525,436088
8829,4438,88,3,440525,440613,436175
8830,4439,25,3,440613,440638,436199
8831,4440,0,2,440638,440638,436198
8832,4440,29,2,440638,440667,436227
8833,4440,13,3,440667,440680,436240
8834,4440,87,2,440680,440767,436327
8835,4440,39,1,440767,440806,436366
8836,4440,50,2,440806,440856,436416
8837,4440,31,2,440856,440887,436447
8838,4441,27,2,440887,440914,436473
8839,4441,89,1,440914,441003,436562
8840,4442,23,2,441003,441026,436584
8841,4442,50,2,441026,441076,436634
8842,4443,73,3,441076,441149,436706
8843,4443,37,2,441149,441186,436743
8844,4444,53,3,441186,441239,436795
8845,4444,54,1,441239,441293,436849
8846,4444,78,2,441293,441371,436927
8847,4445,21,3,441371,441392,436947
8848,4445,26,1,441392,441418,436973
8849,4445,61,2,441418,441479,437034
8850,4446,70,2,441479,441549,437103
8851,4447,27,3,441549,441576,437129
8852,4447,42,2,441576,441618,437171
8853,4447,38,3,441618,441656,437209
8854,4448,47,3,441656,441703,437255
8855,4449,76,2,441703,441779,437330
8856,4450,10,1,441779,441789,437339
8857,4450,76,3,441789,441865,437415
8858,4450,50,2,441865,441915,437465
8859,4451,8,3,441915,441923,437472
8860,4451,74,3,441923,441997,437546
8861,4451,43,1,441997,442040,437589
8862,4451,65,1,442040,442105,437654
8863,4451,87,2,442105,442192,437741
8864,4451,62,2,442192,442254,437803
8865,4452,70,3,442254,442324,437872
8866,4453,52,3,442324,442376,437923
8867,4453,39,3,442376,442415,437962
8868,4453,9,1,442415,442424,437971
8869,4453,5,1,442424,442429,437976
8870,4454,65,1,442429,442494,438040
8871,4455,28,1,442494,442522,438067
8872,4455,15,2,442522,442537,438082
8873,4456,96,3,442537,442633,438177
8874,4457,18,2,442633,442651,438194
8875,4458,26,1,442651,442677,438219
8876,4458,56,2,442677,442733,438275
8877,4459,49,3,442733,442782,438323
8878,4460,97,1,442782,442879,438419
8879,4461,13,2,442879,442892,438431
8880,4462,81,2,442892,442973,438511
8881,4462,82,2,442973,443055,438593
8882,4463,38,3,443055,443093,438630
8883,4464,100,3,443093,443193,438729
8884,4464,57,1,443193,443250,438786
8885,4464,86,3,443250,443336,438872
8886,4465,55,1,443336,443391,438926
8887,4466,12,3,443391,443403,438937
8888,4467,87,3,443403,443490,439023
8889,4468,30,1,443490,443520,439052
8890,4468,31,3,443520,443551,439083
8891,4468,84,2,443551,443635,439167
8892,4469,30,2,443635,443665,439196
8893,4469,85,1,443665,443750,439281
8894,4469,77,1,443750,443827,439358
8895,4470,11,1,443827,443838,439368
8896,4471,28,1,443838,443866,439395
8897,4471,91,2,443866,443957,439486
8898,4471,72,1,443957,444029,439558
8899,4471,30,3,444029,444059,439588
8900,4471,10,2,444059,444069,439598
8901,4471,8,2,444069,444077,439606
8902,4471,64,3,444077,444141,439670
8903,4472,55,1,444141,444196,439724
8904,4472,97,3,444196,444293,439821
8905,4472,14,1,444293,444307,439835
8906,4473,24,1,444307,444331,439858
8907,4473,87,3,444331,444418,439945
8908,4474,74,3,444418,444492,440018
8909,4475,87,2,444492,444579,440104
8910,4475,99,1,444579,444678,440203
8911,4476,45,2,444678,444723,440247
8912,4477,35,3,444723,444758,440281
8913,4477,71,1,444758,444829,440352
8914,4478,66,1,444829,444895,440417
8915,4479,74,2,444895,444969,440490
8916,4480,46,1,444969,445015,440535
8917,4481,18,1,445015,445033,440552
8918,4481,72,2,445033,445105,440624
8919,4481,24,2,445105,445129,440648
8920,4481,4,3,445129,445133,440652
8921,4481,18,3,445133,445151,440670
8922,4481,47,3,445151,445198,440717
8923,4482,54,3,445198,445252,440770
8924,4483,49,3,445252,445301,440818
8925,4484,10,3,445301,445311,440827
8926,4485,76,2,445311,445387,440902
8927,4486,26,3,445387,445413,440927
8928,4487,37,1,445413,445450,440963
8929,4488,32,3,445450,445482,440994
8930,4489,2,2,445482,445484,440995
8931,4489,84,2,445484,445568,441079
8932,4490,54,3,445568,445622,441132
8933,4491,65,2,445622,445687,441196
8934,4492,1,2,445687,445688,441196
8935,4492,35,1,445688,445723,441231
8936,4492,25,2,445723,445748,441256
8937,4492,82,3,445748,445830,441338
8938,4493,92,1,445830,445922,441429
8939,4494,8,2,445922,445930,441436
8940,4494,22,2,445930,445952,441458
8941,4494,85,3,445952,446037,441543
8942,4494,77,2,446037,446114,441620
8943,4494,75,3,446114,446189,441695
8944,4494,64,1,446189,446253,441759
8945,4494,60,1,446253,446313,441819
8946,4495,84,3,446313,446397,441902
8947,4496,95,2,446397,446492,441996
8948,4496,18,2,446492,446510,442014
8949,4497,97,2,446510,446607,442110
8950,4498,41,1,446607,446648,442150
8951,4499,32,3,446648,446680,442181
8952,4500,71,1,446680,446751,442251
8953,4501,99,3,446751,446850,442349
8954,4501,13,1,446850,446863,442362
8955,4501,87,2,446863,446950,442449
8956,4502,72,2,446950,447022,442520
8957,4502,83,2,447022,447105,442603
8958,4502,66,2,447105,447171,442669
8959,4502,74,1,447171,447245,442743
8960,4502,74,2,447245,447319,442817
8961,4502,46,1,447319,447365,442863
8962,4502,89,3,447365,447454,442952
8963,4502,80,1,447454,447534,443032
8964,4503,4,3,447534,447538,443035
8965,4503,20,3,447538,447558,443055
8966,4504,92,2,447558,447650,443146
8967,4505,54,2,447650,447704,443199
8968,4505,27,2,447704,447731,443226
8969,4505,9,3,447731,447740,443235
8970,4506,14,1,447740,447754,443248
8971,4506,27,2,447754,447781,443275
8972,4507,20,1,447781,447801,443294
8973,4507,75,1,447801,447876,443369
8974,4507,4,1,447876,447880,443373
8975,4508,10,3,447880,447890,443382
8976,4509,96,2,447890,447986,443477
8977,4509,28,1,447986,448014,443505
8978,4510,23,3,448014,448037,443527
8979,4511,92,3,448037,448129,443618
8980,4512,96,2,448129,448225,443713
8981,4512,67,2,448225,448292,443780
8982,4513,47,1,448292,448339,443826
8983,4513,82,1,448339,448421,443908
8984,4513,80,2,448421,448501,443988
8985,4514,64,2,448501,448565,444051
8986,4515,78,2,448565,448643,444128
8987,4515,40,1,448643,448683,444168
8988,4516,45,1,448683,448728,444212
8989,4517,35,3,448728,448763,444246
8990,4517,92,3,448763,448855,444338
8991,4518,75,1,448855,448930,444412
8992,4519,0,1,448930,448930,444411
8993,4520,98,2,448930,449028,444508
8994,4520,98,1,449028,449126,444606
8995,4521,68,3,449126,449194,444673
8996,4522,73,3,449194,449267,444745
8997,4522,75,2,449267,449342,444820
8998,4522,26,3,449342,449368,444846
8999,4523,72,1,449368,449440,444917
9000,4523,57,1,449440,449497,444974
9001,4524,51,1,449497,449548,445024
9002,4524,89,1,449548,449637,445113
9003,4525,78,2,449637,449715,445190
9004,4525,8,3,449715,449723,445198
9005,4525,79,1,449723,449802,445277
9006,4526,89,3,449802,449891,445365
9007,4527,29,1,449891,449920,445393
9008,4528,10,2,449920,449930,445402
9009,4528,52,2,449930,449982,445454
9010,4528,29,3,449982,450011,445483
9011,4528,37,3,450011,450048,445520
9012,4529,75,2,450048,450123,445594
9013,4529,89,1,450123,450212,445683
9014,4530,80,3,450212,450292,445762
9015,4531,0,3,450292,450292,445761
9016,4531,47,2,450292,450339,445808
9017,4531,33,3,450339,450372,445841
9018,4531,85,3,450372,450457,445926
9019,4531,39,2,450457,450496,445965
9020,4532,85,3,450496,450581,446049
9021,4533,72,3,450581,450653,446120
9022,4533,54,2,450653,450707,446174
9023,4534,98,3,450707,450805,446271
9024,4534,71,2,450805,450876,446342
9025,4534,24,2,450876,450900,446366
9026,4534,99,1,450900,450999,446465
9027,4535,29,2,450999,451028,446493
9028,4535,17,3,451028,451045,446510
9029,4535,42,1,451045,451087,446552
9030,4536,68,1,451087,451155,446619
9031,4537,75,1,451155,451230,446693
9032,4538,89,1,451230,451319,446781
9033,4538,88,1,451319,451407,446869
9034,4539,53,3,451407,451460,446921
9035,4540,10,2,451460,451470,446930
9036,4541,6,2,451470,451476,446935
9037,4542,74,2,451476,451550,447008
9038,4543,55,2,451550,451605,447062
9039,4543,21,1,451605,451626,447083
9040,4543,48,2,451626,451674,447131
9041,4543,6,2,451674,451680,447137
9042,4544,86,3,451680,451766,447222
9043,4544,1,2,451766,451767,447223
9044,4545,28,1,451767,451795,447250
9045,4545,69,1,451795,451864,447319
9046,4545,51,2,451864,451915,447370
9047,4545,97,1,451915,452012,447467
9048,4546,0,3,452012,452012,447466
9049,4547,85,2,452012,452097,447550
9050,4547,53,1,452097,452150,447603
9051,4548,9,1,452150,452159,447611
9052,4549,23,3,452159,452182,447633
9053,4549,40,2,452182,452222,447673
9054,4549,82,3,452222,452304,447755
9055,4549,75,1,452304,452379,447830
9056,4549,29,1,452379,452408,447859
9057,4549,51,3,452408,452459,447910
9058,4549,29,3,452459,452488,447939
9059,4550,5,3,452488,452493,447943
9060,4550,78,2,452493,452571,448021
9061,4551,63,3,452571,452634,448083
9062,4551,92,3,452634,452726,448175
9063,4552,68,1,452726,452794,448242
9064,4552,85,2,452794,452879,448327
9065,4553,44,1,452879,452923,448370
9066,4554,90,3,452923,453013,448459
9067,4555,53,2,453013,453066,448511
9068,4555,36,1,453066,453102,448547
9069,4556,3,3,453102,453105,448549
9070,4557,7,1,453105,453112,448555
9071,4558,17,2,453112,453129,448571
9072,4559,36,2,453129,453165,448606
9073,4559,24,1,453165,453189,448630
9074,4560,36,3,453189,453225,448665
9075,4560,60,1,453225,453285,448725
9076,4560,5,2,453285,453290,448730
9077,4560,98,1,453290,453388,448828
9078,4561,19,3,453388,453407,448846
9079,4562,87,3,453407,453494,448932
9080,4562,30,1,453494,453524,448962
9081,4562,60,2,453524,453584,449022
9082,4563,21,1,453584,453605,449042
9083,4564,82,1,453605,453687,449123
9084,4564,52,2,453687,453739,449175
9085,4565,35,2,453739,453774,449209
9086,4566,31,1,453774,453805,449239
9087,4566,70,3,453805,453875,449309
9088,4567,96,3,453875,453971,449404
9089,4568,68,3,453971,454039,449471
9090,4568,74,3,454039,454113,449545
9091,4568,5,3,454113,454118,449550
9092,4569,2,2,454118,454120,449551
9093,4569,52,1,454120,454172,449603
9094,4569,20,3,454172,454192,449623
9095,4570,98,3,454192,454290,449720
9096,4571,86,2,454290,454376,449805
9097,4572,16,3,454376,454392,449820
9098,4573,33,3,454392,454425,449852
9099,4573,99,3,454425,454524,449951
9100,4573,83,1,454524,454607,450034
9101,4574,11,3,454607,454618,450044
9102,4575,31,2,454618,454649,450074
9103,4576,16,3,454649,454665,450089
9104,4576,86,3,454665,454751,450175
9105,4576,76,1,454751,454827,450251
9106,4577,41,3,454827,454868,450291
9107,4578,42,1,454868,454910,450332
9108,4578,96,2,454910,455006,450428
9109,4578,32,1,455006,455038,450460
9110,4579,84,2,455038,455122,450543
9111,4580,19,2,455122,455141,450561
9112,4580,37,3,455141,455178,450598
9113,4580,98,1,455178,455276,450696
9114,4580,23,3,455276,455299,450719
9115,4580,59,1,455299,455358,450778
9116,4581,19,2,455358,455377,450796
9117,4582,20,3,455377,455397,450815
9118,4582,89,2,455397,455486,450904
9119,4582,61,3,455486,455547,450965
9120,4583,5,3,455547,455552,450969
9121,4583,91,1,455552,455643,451060
9122,4584,6,2,455643,455649,451065
9123,4585,39,1,455649,455688,451103
9124,4585,31,1,455688,455719,451134
9125,4585,69,2,455719,455788,451203
9126,4585,69,2,455788,455857,451272
9127,4586,77,2,455857,455934,451348
9128,4587,42,3,455934,455976,451389
9129,4588,74,1,455976,456050,451462
9130,4589,61,1,456050,456111,451522
9131,4590,77,3,456111,456188,451598
9132,4591,2,3,456188,456190,451599
9133,4591,40,1,456190,456230,451639
9134,4592,36,2,456230,456266,451674
9135,4593,37,2,456266,456303,451710
9136,4594,83,2,456303,456386,451792
9137,4594,18,2,456386,456404,451810
9138,4595,6,1,456404,456410,451815
9139,4595,96,3,456410,456506,451911
9140,4595,43,3,456506,456549,451954
9141,4595,86,1,456549,456635,452040
9142,4595,86,2,456635,456721,452126
9143,4595,13,3,456721,456734,452139
9144,4596,30,1,456734,456764,452168
9145,4596,59,3,456764,456823,452227
9146,4597,53,1,456823,456876,452279
9147,4598,13,2,456876,456889,452291
9148,4599,26,1,456889,456915,452316
9149,4599,75,3,456915,456990,452391
9150,4599,58,1,456990,457048,452449
9151,4600,76,2,457048,457124,452524
9152,4600,7,3,457124,457131,452531
9153,4600,56,2,457131,457187,452587
9154,4601,40,2,457187,457227,452626
9155,4602,23,1,457227,457250,452648
9156,4603,24,2,457250,457274,452671
9157,4603,45,3,457274,457319,452716
9158,4603,84,1,457319,457403,452800
9159,4604,73,3,457403,457476,452872
9160,4604,38,2,457476,457514,452910
9161,4604,49,2,457514,457563,452959
9162,4605,39,3,457563,457602,452997
9163,4606,80,2,457602,457682,453076
9164,4607,88,1,457682,457770,453163
9165,4608,80,2,457770,457850,453242
9166,4608,49,3,457850,457899,453291
9167,4608,49,2,457899,457948,453340
9168,4608,65,1,457948,458013,453405
9169,4609,27,2,458013,458040,453431
9170,4610,73,3,458040,458113,453503
9171,4610,54,3,458113,458167,453557
9172,4611,3,3,458167,458170,453559
9173,4612,66,3,458170,458236,453624
9174,4612,61,2,458236,458297,453685
9175,4612,40,2,458297,458337,453725
9176,4612,66,3,458337,458403,453791
9177,4613,72,1,458403,458475,453862
9178,4614,46,2,458475,458521,453907
9179,4614,33,1,458521,458554,453940
9180,4615,99,1,458554,458653,454038
9181,4615,12,3,458653,458665,454050
9182,4616,25,3,458665,458690,454074
9183,4616,30,2,458690,458720,454104
9184,4616,42,2,458720,458762,454146
9185,4617,46,2,458762,458808,454191
9186,4617,79,3,458808,458887,454270
9187,4618,6,3,458887,458893,454275
9188,4618,78,3,458893,458971,454353
9189,4618,30,1,458971,459001,454383
9190,4619,8,3,459001,459009,454390
9191,4620,85,1,459009,459094,454474
9192,4621,18,3,459094,459112,454491
9193,4621,96,1,459112,459208,454587
9194,4622,38,3,459208,459246,454624
9195,4623,15,1,459246,459261,454638
9196,4624,44,1,459261,459305,454681
9197,4625,97,1,459305,459402,454777
9198,4626,17,1,459402,459419,454793
9199,4626,47,1,459419,459466,454840
9200,4626,40,3,459466,459506,454880
9201,4626,8,1,459506,459514,454888
9202,4627,54,2,459514,459568,454941
9203,4628,71,3,459568,459639,455011
9204,4629,100,3,459639,459739,455110
9205,4630,92,3,459739,459831,455201
9206,4631,58,3,459831,459889,455258
9207,4632,96,1,459889,459985,455353
9208,4632,50,3,459985,460035,455403
9209,4632,81,2,460035,460116,455484
9210,4633,95,2,460116,460211,455578
9211,4634,83,2,460211,460294,455660
9212,4634,18,1,460294,460312,455678
9213,4635,46,3,460312,460358,455723
9214,4635,97,2,460358,460455,455820
9215,4636,99,3,460455,460554,455918
9216,4636,9,3,460554,460563,455927
9217,4637,99,1,460563,460662,456025
9218,4638,16,3,460662,460678,456040
9219,4639,91,1,460678,460769,456130
9220,4639,44,3,460769,460813,456174
9221,4640,88,1,460813,460901,456261
9222,4641,60,3,460901,460961,456320
9223,4641,4,2,460961,460965,456324
9224,4641,57,2,460965,461022,456381
9225,4642,35,2,461022,461057,456415
9226,4643,44,3,461057,461101,456458
9227,4644,42,1,461101,461143,456499
9228,4644,1,1,461143,461144,456500
9229,4644,21,3,461144,461165,456521
9230,4644,38,3,461165,461203,456559
9231,4645,59,3,461203,461262,456617
9232,4645,70,1,461262,461332,456687
9233,4646,88,2,461332,461420,456774
9234,4647,37,2,461420,461457,456810
9235,4648,56,1,461457,461513,456865
9236,4648,61,2,461513,461574,456926
9237,4649,58,3,461574,461632,456983
9238,4650,46,3,461632,461678,457028
9239,4651,31,3,461678,461709,457058
9240,4651,32,3,461709,461741,457090
9241,4651,85,1,461741,461826,457175
9242,4651,33,3,461826,461859,457208
9243,4651,65,1,461859,461924,457273
9244,4651,44,2,461924,461968,457317
9245,4652,51,2,461968,462019,457367
9246,4652,28,1,462019,462047,457395
9247,4652,83,1,462047,462130,457478
9248,4653,88,1,462130,462218,457565
9249,4653,79,3,462218,462297,457644
9250,4654,67,2,462297,462364,457710
9251,4654,83,1,462364,462447,457793
9252,4654,86,3,462447,462533,457879
9253,4654,19,1,462533,462552,457898
9254,4655,78,2,462552,462630,457975
9255,4655,73,1,462630,462703,458048
9256,4655,15,3,462703,462718,458063
9257,4656,89,1,462718,462807,458151
9258,4657,92,3,462807,462899,458242
9259,4658,59,3,462899,462958,458300
9260,4659,84,2,462958,463042,458383
9261,4659,93,3,463042,463135,458476
9262,4660,53,1,463135,463188,458528
9263,4661,26,3,463188,463214,458553
9264,4661,43,2,463214,463257,458596
9265,4661,45,3,463257,463302,458641
9266,4662,63,1,463302,463365,458703
9267,4662,80,1,463365,463445,458783
9268,4663,96,1,463445,463541,458878
9269,4663,51,3,463541,463592,458929
9270,4664,66,3,463592,463658,458994
9271,4664,29,3,463658,463687,459023
9272,4664,73,1,463687,463760,459096
9273,4664,78,2,463760,463838,459174
9274,4664,86,3,463838,463924,459260
9275,4665,56,1,463924,463980,459315
9276,4666,0,3,463980,463980,459314
9277,4666,66,3,463980,464046,459380
9278,4667,36,2,464046,464082,459415
9279,4668,82,2,464082,464164,459496
9280,4669,45,1,464164,464209,459540
9281,4670,17,3,464209,464226,459556
9282,4671,53,3,464226,464279,459608
9283,4671,92,3,464279,464371,459700
9284,4671,56,1,464371,464427,459756
9285,4672,77,2,464427,464504,459832
9286,4672,42,1,464504,464546,459874
9287,4673,44,3,464546,464590,459917
9288,4674,41,3,464590,464631,459957
9289,4674,16,3,464631,464647,459973
9290,4675,31,3,464647,464678,460003
9291,4676,26,2,464678,464704,460028
9292,4677,81,2,464704,464785,460108
9293,4678,24,1,464785,464809,460131
9294,4679,95,3,464809,464904,460225
9295,4679,79,2,464904,464983,460304
9296,4679,50,3,464983,465033,460354
9297,4679,79,1,465033,465112,460433
9298,4679,90,3,465112,465202,460523
9299,4679,16,3,465202,465218,460539
9300,4679,54,3,465218,465272,460593
9301,4680,54,1,465272,465326,460646
9302,4680,8,2,465326,465334,460654
9303,4681,76,1,465334,465410,460729
9304,4681,75,2,465410,465485,460804
9305,4681,49,1,465485,465534,460853
9306,4682,51,3,465534,465585,460903
9307,4683,24,3,465585,465609,460926
9308,4683,92,1,465609,465701,461018
9309,4683,6,3,465701,465707,461024
9310,4683,50,1,465707,465757,461074
9311,4683,40,1,465757,465797,461114
9312,4683,48,1,465797,465845,461162
9313,4683,10,3,465845,465855,461172
9314,4683,0,2,465855,465855,461172
9315,4683,12,2,465855,465867,461184
9316,4684,13,1,465867,465880,461196
9317,4685,78,1,465880,465958,461273
9318,4685,13,3,465958,465971,461286
9319,4686,50,1,465971,466021,461335
9320,4686,95,3,466021,466116,461430
9321,4686,92,1,466116,466208,461522
9322,4687,73,3,466208,466281,461594
9323,4688,59,2,466281,466340,461652
9324,4688,74,1,466340,466414,461726
9325,4689,32,1,466414,466446,461757
9326,4690,19,2,466446,466465,461775
9327,4690,98,3,466465,466563,461873
9328,4690,46,3,466563,466609,461919
9329,4691,0,1,466609,466609,461918
9330,4692,39,2,466609,466648,461956
9331,4692,4,1,466648,466652,461960
9332,4693,49,3,466652,466701,462008
9333,4694,42,1,466701,466743,462049
9334,4695,92,3,466743,466835,462140
9335,4696,91,1,466835,466926,462230
9336,4696,29,3,466926,466955,462259
9337,4696,43,3,466955,466998,462302
9338,4696,17,3,466998,467015,462319
9339,4697,3,2,467015,467018,462321
9340,4698,30,1,467018,467048,462350
9341,4698,1,1,467048,467049,462351
9342,4698,22,2,467049,467071,462373
9343,4698,57,1,467071,467128,462430
9344,4699,47,2,467128,467175,462476
9345,4700,49,3,467175,467224,462524
9346,4701,58,1,467224,467282,462581
9347,4701,86,2,467282,467368,462667
9348,4702,87,3,467368,467455,462753
9349,4703,62,3,467455,467517,462814
9350,4703,6,3,467517,467523,462820
9351,4703,69,1,467523,467592,462889
9352,4704,18,3,467592,467610,462906
9353,4705,86,1,467610,467696,462991
9354,4706,69,3,467696,467765,463059
9355,4707,17,2,467765,467782,463075
9356,4707,56,2,467782,467838,463131
9357,4707,20,2,467838,467858,463151
9358,4707,28,2,467858,467886,463179
9359,4707,40,3,467886,467926,463219
9360,4707,56,2,467926,467982,463275
9361,4707,17,3,467982,467999,463292
9362,4708,65,1,467999,468064,463356
9363,4709,72,2,468064,468136,463427
9364,4709,87,3,468136,468223,463514
9365,4710,5,2,468223,468228,463518
9366,4711,26,1,468228,468254,463543
9367,4711,94,1,468254,468348,463637
9368,4712,70,1,468348,468418,463706
9369,4713,33,1,468418,468451,463738
9370,4713,53,2,468451,468504,463791
9371,4714,76,2,468504,468580,463866
9372,4714,21,1,468580,468601,463887
9373,4714,49,1,468601,468650,463936
9374,4715,51,3,468650,468701,463986
9375,4716,83,3,468701,468784,464068
9376,4716,57,3,468784,468841,464125
9377,4716,83,1,468841,468924,464208
9378,4717,99,2,468924,469023,464306
9379,4717,74,3,469023,469097,464380
9380,4718,96,3,469097,469193,464475
9381,4718,5,2,469193,469198,464480
9382,4719,50,1,469198,469248,464529
9383,4720,70,2,469248,469318,464598
9384,4720,11,2,469318,469329,464609
9385,4721,8,2,469329,469337,464616
9386,4722,47,3,469337,469384,464662
9387,4723,12,3,469384,469396,464673
9388,4723,9,3,469396,469405,464682
9389,4724,27,1,469405,469432,464708
9390,4724,100,1,469432,469532,464808
9391,4725,53,1,469532,469585,464860
9392,4725,5,1,469585,469590,464865
9393,4725,3,1,469590,469593,464868
9394,4725,93,1,469593,469686,464961
9395,4726,65,3,469686,469751,465025
9396,4727,90,1,469751,469841,465114
9397,4728,35,2,469841,469876,465148
9398,4729,43,1,469876,469919,465190
9399,4729,3,3,469919,469922,465193
9400,4730,95,1,469922,470017,465287
9401,4731,55,2,470017,470072,465341
9402,4732,38,1,470072,470110,465378
9403,4733,55,2,470110,470165,465432
9404,4734,75,3,470165,470240,465506
9405,4734,0,1,470240,470240,465506
9406,4734,29,3,470240,470269,465535
9407,4735,94,1,470269,470363,465628
9408,4736,93,1,470363,470456,465720
9409,4736,46,2,470456,470502,465766
9410,4737,39,1,470502,470541,465804
9411,4737,73,1,470541,470614,465877
9412,4738,32,1,470614,470646,465908
9413,4739,20,1,470646,470666,465927
9414,4740,98,1,470666,470764,466024
9415,4740,90,1,470764,470854,466114
9416,4740,99,3,470854,470953,466213
9417,4741,91,2,470953,471044,466303
9418,4741,98,3,471044,471142,466401
9419,4741,97,2,471142,471239,466498
9420,4741,68,2,471239,471307,466566
9421,4741,42,3,471307,471349,466608
9422,4741,32,1,471349,471381,466640
9423,4742,9,3,471381,471390,466648
9424,4743,71,2,471390,471461,466718
9425,4743,53,1,471461,471514,466771
9426,4744,41,1,471514,471555,466811
9427,4745,57,2,471555,471612,466867
9428,4745,52,3,471612,471664,466919
9429,4745,84,2,471664,471748,467003
9430,4746,87,2,471748,471835,467089
9431,4747,87,3,471835,471922,467175
9432,4747,89,2,471922,472011,467264
9433,4748,4,2,472011,472015,467267
9434,4749,69,1,472015,472084,467335
9435,4750,64,3,472084,472148,467398
9436,4750,28,3,472148,472176,467426
9437,4750,2,1,472176,472178,467428
9438,4751,34,3,472178,472212,467461
9439,4752,36,2,472212,472248,467496
9440,4752,32,3,472248,472280,467528
9441,4752,38,1,472280,472318,467566
9442,4752,18,1,472318,472336,467584
9443,4752,50,2,472336,472386,467634
9444,4752,8,1,472386,472394,467642
9445,4752,44,3,472394,472438,467686
9446,4752,56,3,472438,472494,467742
9447,4752,9,1,472494,472503,467751
9448,4753,40,3,472503,472543,467790
9449,4754,88,3,472543,472631,467877
9450,4755,98,2,472631,472729,467974
9451,4755,90,3,472729,472819,468064
9452,4755,75,1,472819,472894,468139
9453,4755,80,3,472894,472974,468219
9454,4756,54,2,472974,473028,468272
9455,4756,34,1,473028,473062,468306
9456,4757,48,3,473062,473110,468353
9457,4757,63,1,473110,473173,468416
9458,4758,73,3,473173,473246,468488
9459,4759,93,1,473246,473339,468580
9460,4759,9,1,473339,473348,468589
9461,4760,56,1,473348,473404,468644
9462,4760,54,1,473404,473458,468698
9463,4760,87,2,473458,473545,468785
9464,4761,46,1,473545,473591,468830
9465,4761,19,1,473591,473610,468849
9466,4761,6,2,473610,473616,468855
9467,4762,62,3,473616,473678,468916
9468,4762,67,1,473678,473745,468983
9469,4762,65,3,473745,473810,469048
9470,4762,57,2,473810,473867,469105
9471,4763,100,2,473867,473967,469204
9472,4764,20,2,473967,473987,469223
9473,4765,83,2,473987,474070,469305
9474,4765,86,1,474070,474156,469391
9475,4765,43,2,474156,474199,469434
9476,4766,80,1,474199,474279,469513
9477,4767,95,3,474279,474374,469607
9478,4767,28,3,474374,474402,469635
9479,4768,85,3,474402,474487,469719
9480,4768,59,1,474487,474546,469778
9481,4769,49,3,474546,474595,469826
9482,4770,16,2,474595,474611,469841
9483,4770,73,2,474611,474684,469914
9484,4770,92,3,474684,474776,470006
9485,4770,21,1,474776,474797,470027
9486,4770,12,2,474797,474809,470039
9487,4770,100,1,474809,474909,470139
9488,4771,92,2,474909,475001,470230
9489,4772,26,3,475001,475027,470255
9490,4773,48,2,475027,475075,470302
9491,4773,97,3,475075,475172,470399
9492,4773,94,1,475172,475266,470493
9493,4774,48,1,475266,475314,470540
9494,4775,85,3,475314,475399,470624
9495,4775,80,1,475399,475479,470704
9496,4776,27,1,475479,475506,470730
9497,4776,96,1,475506,475602,470826
9498,4776,45,1,475602,475647,470871
9499,4777,1,2,475647,475648,470871
9500,4777,25,1,475648,475673,470896
9501,4778,53,1,475673,475726,470948
9502,4779,65,3,475726,475791,471012
9503,4780,40,2,475791,475831,471051
9504,4780,78,3,475831,475909,471129
9505,4781,35,1,475909,475944,471163
9506,4781,68,1,475944,476012,471231
9507,4781,71,2,476012,476083,471302
9508,4782,95,2,476083,476178,471396
9509,4782,72,3,476178,476250,471468
9510,4782,40,3,476250,476290,471508
9511,4782,53,2,476290,476343,471561
9512,4782,75,1,476343,476418,471636
9513,4783,78,3,476418,476496,471713
9514,4783,51,2,476496,476547,471764
9515,4783,66,3,476547,476613,471830
9516,4783,72,2,476613,476685,471902
9517,4784,9,1,476685,476694,471910
9518,4784,80,1,476694,476774,471990
9519,4785,83,2,476774,476857,472072
9520,4785,62,3,476857,476919,472134
9521,4786,58,2,476919,476977,472191
9522,4786,61,1,476977,477038,472252
9523,4786,75,3,477038,477113,472327
9524,4786,80,1,477113,477193,472407
9525,4786,63,1,477193,477256,472470
9526,4786,1,1,477256,477257,472471
9527,4786,40,2,477257,477297,472511
9528,4787,45,3,477297,477342,472555
9529,4788,65,2,477342,477407,472619
9530,4788,3,2,477407,477410,472622
9531,4788,17,2,477410,477427,472639
9532,4788,97,3,477427,477524,472736
9533,4788,2,2,477524,477526,472738
9534,4788,22,2,477526,477548,472760
9535,4788,42,2,477548,477590,472802
9536,4789,98,2,477590,477688,472899
9537,4789,74,2,477688,477762,472973
9538,4790,71,3,477762,477833,473043
9539,4790,34,3,477833,477867,473077
9540,4790,56,3,477867,477923,473133
9541,4790,17,3,477923,477940,473150
9542,4790,87,2,477940,478027,473237
9543,4791,17,2,478027,478044,473253
9544,4792,85,3,478044,478129,473337
9545,4793,29,1,478129,478158,473365
9546,4793,77,1,478158,478235,473442
9547,4794,39,3,478235,478274,473480
9548,4794,91,1,478274,478365,473571
9549,4795,54,1,478365,478419,473624
9550,4796,34,2,478419,478453,473657
9551,4796,88,1,478453,478541,473745
9552,4797,40,2,478541,478581,473784
9553,4798,50,2,478581,478631,473833
9554,4799,61,2,478631,478692,473893
9555,4800,24,3,478692,478716,473916
9556,4800,75,1,478716,478791,473991
9557,4801,87,3,478791,478878,474077
9558,4802,95,1,478878,478973,474171
9559,4803,58,1,478973,479031,474228
9560,4804,8,3,479031,479039,474235
9561,4805,41,2,479039,479080,474275
9562,4805,90,2,479080,479170,474365
9563,4805,99,3,479170,479269,474464
9564,4806,62,2,479269,479331,474525
9565,4806,100,1,479331,479431,474625
9566,4807,19,2,479431,479450,474643
9567,4807,44,3,479450,479494,474687
9568,4808,56,1,479494,479550,474742
9569,4809,33,3,479550,479583,474774
9570,4810,41,1,479583,479624,474814
9571,4811,28,2,479624,479652,474841
9572,4812,28,1,479652,479680,474868
9573,4812,93,1,479680,479773,474961
9574,4813,71,1,479773,479844,475031
9575,4813,35,2,479844,479879,475066
9576,4814,3,3,479879,479882,475068
9577,4814,20,1,479882,479902,475088
9578,4815,49,2,479902,479951,475136
9579,4816,81,2,479951,480032,475216
9580,4816,94,1,480032,480126,475310
9581,4817,78,3,480126,480204,475387
9582,4818,46,3,480204,480250,475432
9583,4819,75,1,480250,480325,475506
9584,4819,53,2,480325,480378,475559
9585,4819,37,3,480378,480415,475596
9586,4820,96,2,480415,480511,475691
9587,4820,32,2,480511,480543,475723
9588,4820,5,2,480543,480548,475728
9589,4820,15,3,480548,480563,475743
9590,4821,21,2,480563,480584,475763
9591,4821,43,1,480584,480627,475806
9592,4822,10,1,480627,480637,475815
9593,4822,91,2,480637,480728,475906
9594,4822,7,1,480728,480735,475913
9595,4823,72,3,480735,480807,475984
9596,4824,63,1,480807,480870,476046
9597,4825,29,1,480870,480899,476074
9598,4825,30,1,480899,480929,476104
9599,4826,19,2,480929,480948,476122
9600,4826,91,1,480948,481039,476213
9601,4827,2,1,481039,481041,476214
9602,4828,33,2,481041,481074,476246
9603,4828,82,1,481074,481156,476328
9604,4828,74,1,481156,481230,476402
9605,4828,85,3,481230,481315,476487
9606,4829,79,2,481315,481394,476565
9607,4829,95,1,481394,481489,476660
9608,4829,79,2,481489,481568,476739
9609,4829,81,2,481568,481649,476820
9610,4830,100,2,481649,481749,476919
9611,4830,52,1,481749,481801,476971
9612,4830,36,2,481801,481837,477007
9613,4830,86,2,481837,481923,477093
9614,4831,19,2,481923,481942,477111
9615,4831,76,1,481942,482018,477187
9616,4832,53,3,482018,482071,477239
9617,4833,62,2,482071,482133,477300
9618,4833,9,2,482133,482142,477309
9619,4834,54,2,482142,482196,477362
9620,4834,38,1,482196,482234,477400
9621,4835,42,3,482234,482276,477441
9622,4835,30,2,482276,482306,477471
9623,4835,46,2,482306,482352,477517
9624,4836,2,2,482352,482354,477518
9625,4836,42,3,482354,482396,477560
9626,4837,40,3,482396,482436,477599
9627,4838,51,3,482436,482487,477649
9628,4839,20,2,482487,482507,477668
9629,4840,75,1,482507,482582,477742
9630,4840,21,1,482582,482603,477763
9631,4841,45,2,482603,482648,477807
9632,4842,70,3,482648,482718,477876
9633,4843,86,3,482718,482804,477961
9634,4844,61,1,482804,482865,478021
9635,4845,69,3,482865,482934,478089
9636,4845,28,3,482934,482962,478117
9637,4845,1,3,482962,482963,478118
9638,4845,95,1,482963,483058,478213
9639,4845,92,1,483058,483150,478305
9640,4845,12,2,483150,483162,478317
9641,4846,66,3,483162,483228,478382
9642,4846,59,1,483228,483287,478441
9643,4846,16,2,483287,483303,478457
9644,4846,75,1,483303,483378,478532
9645,4847,48,2,483378,483426,478579
9646,4848,63,3,483426,483489,478641
9647,4848,35,2,483489,483524,478676
9648,4848,3,2,483524,483527,478679
9649,4848,31,3,483527,483558,478710
9650,4849,46,2,483558,483604,478755
9651,4850,83,1,483604,483687,478837
9652,4850,100,1,483687,483787,478937
9653,4850,31,1,483787,483818,478968
9654,4850,46,1,483818,483864,479014
9655,4850,16,3,483864,483880,479030
9656,4850,5,1,483880,483885,479035
9657,4850,4,2,483885,483889,479039
9658,4850,98,1,483889,483987,479137
9659,4851,90,1,483987,484077,479226
9660,4852,43,2,484077,484120,479268
9661,4852,54,1,484120,484174,479322
9662,4853,70,1,484174,484244,479391
9663,4853,28,2,484244,484272,479419
9664,4854,77,3,484272,484349,479495
9665,4855,2,3,484349,484351,479496
9666,4855,84,3,484351,484435,479580
9667,4856,85,2,484435,484520,479664
9668,4856,21,1,484520,484541,479685
9669,4857,53,1,484541,484594,479737
9670,4857,41,1,484594,484635,479778
9671,4857,94,2,484635,484729,479872
9672,4857,34,3,484729,484763,479906
9673,4857,50,1,484763,484813,479956
9674,4858,80,3,484813,484893,480035
9675,4859,36,1,484893,484929,480070
9676,4859,37,2,484929,484966,480107
9677,4859,51,1,484966,485017,480158
9678,4860,73,3,485017,485090,480230
9679,4861,48,2,485090,485138,480277
9680,4861,72,2,485138,485210,480349
9681,4862,45,1,485210,485255,480393
9682,4862,96,2,485255,485351,480489
9683,4862,48,1,485351,485399,480537
9684,4862,9,1,485399,485408,480546
9685,4862,73,2,485408,485481,480619
9686,4863,20,1,485481,485501,480638
9687,4864,93,3,485501,485594,480730
9688,4864,31,2,485594,485625,480761
9689,4865,91,3,485625,485716,480851
9690,4865,14,3,485716,485730,480865
9691,4865,56,2,485730,485786,480921
9692,4866,50,3,485786,485836,480970
9693,4866,43,2,485836,485879,481013
9694,4866,90,1,485879,485969,481103
9695,4867,26,1,485969,485995,481128
9696,4867,92,1,485995,486087,481220
9697,4867,23,2,486087,486110,481243
9698,4867,78,2,486110,486188,481321
9699,4867,57,1,486188,486245,481378
9700,4867,11,2,486245,486256,481389
9701,4868,3,3,486256,486259,481391
9702,4869,84,1,486259,486343,481474
9703,4869,21,3,486343,486364,481495
9704,4870,86,2,486364,486450,481580
9705,4870,27,3,486450,486477,481607
9706,4870,61,3,486477,486538,481668
9707,4871,89,2,486538,486627,481756
9708,4871,13,2,486627,486640,481769
9709,4872,39,3,486640,486679,481807
9710,4872,35,3,486679,486714,481842
9711,4872,60,2,486714,486774,481902
9712,4872,5,2,486774,486779,481907
9713,4872,94,2,486779,486873,482001
9714,4873,72,2,486873,486945,482072
9715,4874,75,1,486945,487020,482146
9716,4875,78,2,487020,487098,482223
9717,4876,47,1,487098,487145,482269
9718,4877,66,1,487145,487211,482334
9719,4877,71,3,487211,487282,482405
9720,4878,32,2,487282,487314,482436
9721,4878,41,3,487314,487355,482477
9722,4878,4,2,487355,487359,482481
9723,4879,10,3,487359,487369,482490
9724,4880,76,3,487369,487445,482565
9725,4881,11,1,487445,487456,482575
9726,4882,87,1,487456,487543,482661
9727,4883,38,2,487543,487581,482698
9728,4883,74,2,487581,487655,482772
9729,4883,25,3,487655,487680,482797
9730,4883,39,3,487680,487719,482836
9731,4884,100,3,487719,487819,482935
9732,4884,59,1,487819,487878,482994
9733,4885,99,3,487878,487977,483092
9734,4886,27,2,487977,488004,483118
9735,4887,75,2,488004,488079,483192
9736,4888,70,3,488079,488149,483261
9737,4889,28,2,488149,488177,483288
9738,4889,25,1,488177,488202,483313
9739,4889,4,1,488202,488206,483317
9740,4889,72,3,488206,488278,483389
9741,4890,7,3,488278,488285,483395
9742,4891,31,3,488285,488316,483425
9743,4892,43,2,488316,488359,483467
9744,4893,76,1,488359,488435,483542
9745,4893,96,1,488435,488531,483638
9746,4893,31,2,488531,488562,483669
9747,4893,40,1,488562,488602,483709
9748,4894,73,1,488602,488675,483781
9749,4894,75,2,488675,488750,483856
9750,4895,93,1,488750,488843,483948
9751,4896,58,1,488843,488901,484005
9752,4897,65,1,488901,488966,484069
9753,4897,26,1,488966,488992,484095
9754,4898,34,3,488992,489026,484128
9755,4898,90,3,489026,489116,484218
9756,4898,66,2,489116,489182,484284
9757,4898,54,1,489182,489236,484338
9758,4898,31,2,489236,489267,484369
9759,4899,97,3,489267,489364,484465
9760,4900,13,3,489364,489377,484477
9761,4901,15,1,489377,489392,484491
9762,4901,68,2,489392,489460,484559
9763,4901,75,1,489460,489535,484634
9764,4902,13,3,489535,489548,484646
9765,4903,37,3,489548,489585,484682
9766,4903,86,3,489585,489671,484768
9767,4904,32,1,489671,489703,484799
9768,4904,15,3,489703,489718,484814
9769,4904,5,2,489718,489723,484819
9770,4905,7,1,489723,489730,484825
9771,4906,80,3,489730,489810,484904
9772,4906,30,2,489810,489840,484934
9773,4906,54,3,489840,489894,484988
9774,4906,1,1,489894,489895,484989
9775,4906,7,2,489895,489902,484996
9776,4906,78,2,489902,489980,485074
9777,4907,78,2,489980,490058,485151
9778,4907,33,2,490058,490091,485184
9779,4908,43,3,490091,490134,485226
9780,4909,58,2,490134,490192,485283
9781,4909,92,3,490192,490284,485375
9782,4909,16,3,490284,490300,485391
9783,4909,20,1,490300,490320,485411
9784,4909,42,1,490320,490362,485453
9785,4909,43,2,490362,490405,485496
9786,4910,69,1,490405,490474,485564
9787,4911,37,3,490474,490511,485600
9788,4911,3,2,490511,490514,485603
9789,4912,80,1,490514,490594,485682
9790,4912,28,2,490594,490622,485710
9791,4913,55,1,490622,490677,485764
9792,4914,95,1,490677,490772,485858
9793,4915,19,2,490772,490791,485876
9794,4916,38,2,490791,490829,485913
9795,4916,2,2,490829,490831,485915
9796,4916,43,3,490831,490874,485958
9797,4916,41,3,490874,490915,485999
9798,4916,9,3,490915,490924,486008
9799,4917,16,2,490924,490940,486023
9800,4917,14,3,490940,490954,486037
9801,4917,55,2,490954,491009,486092
9802,4918,94,2,491009,491103,486185
9803,4918,68,2,491103,491171,486253
9804,4918,90,1,491171,491261,486343
9805,4919,85,2,491261,491346,486427
9806,4920,9,3,491346,491355,486435
9807,4921,0,1,491355,491355,486434
9808,4922,81,1,491355,491436,486514
9809,4923,93,1,491436,491529,486606
9810,4924,6,1,491529,491535,486611
9811,4924,84,1,491535,491619,486695
9812,4924,4,1,491619,491623,486699
9813,4924,34,2,491623,491657,486733
9814,4924,93,3,491657,491750,486826
9815,4925,67,2,491750,491817,486892
9816,4925,78,3,491817,491895,486970
9817,4926,37,1,491895,491932,487006
9818,4926,74,1,491932,492006,487080
9819,4926,47,3,492006,492053,487127
9820,4927,61,1,492053,492114,487187
9821,4927,31,3,492114,492145,487218
9822,4928,53,2,492145,492198,487270
9823,4928,87,1,492198,492285,487357
9824,4928,66,1,492285,492351,487423
9825,4928,6,1,492351,492357,487429
9826,4929,75,1,492357,492432,487503
9827,4929,42,2,492432,492474,487545
9828,4929,11,1,492474,492485,487556
9829,4929,93,3,492485,492578,487649
9830,4930,35,2,492578,492613,487683
9831,4930,56,1,492613,492669,487739
9832,4931,57,1,492669,492726,487795
9833,4932,3,2,492726,492729,487797
9834,4932,89,2,492729,492818,487886
9835,4933,66,1,492818,492884,487951
9836,4934,69,1,492884,492953,488019
9837,4935,30,2,492953,492983,488048
9838,4936,58,1,492983,493041,488105
9839,4937,9,2,493041,493050,488113
9840,4937,100,1,493050,493150,488213
9841,4938,70,1,493150,493220,488282
9842,4939,5,2,493220,493225,488286
9843,4940,99,3,493225,493324,488384
9844,4941,56,1,493324,493380,488439
9845,4941,71,2,493380,493451,488510
9846,4942,80,3,493451,493531,488589
9847,4943,86,1,493531,493617,488674
9848,4943,16,1,493617,493633,488690
9849,4944,61,1,493633,493694,488750
9850,4945,79,1,493694,493773,488828
9851,4946,72,1,493773,493845,488899
9852,4946,7,1,493845,493852,488906
9853,4946,83,3,493852,493935,488989
9854,4946,100,2,493935,494035,489089
9855,4947,32,3,494035,494067,489120
9856,4947,63,2,494067,494130,489183
9857,4948,39,2,494130,494169,489221
9858,4948,10,2,494169,494179,489231
9859,4949,55,2,494179,494234,489285
9860,4950,42,2,494234,494276,489326
9861,4951,18,3,494276,494294,489343
9862,4952,0,3,494294,494294,489342
9863,4952,79,2,494294,494373,489421
9864,4953,30,3,494373,494403,489450
9865,4953,24,2,494403,494427,489474
9866,4953,69,3,494427,494496,489543
9867,4953,80,2,494496,494576,489623
9868,4954,35,3,494576,494611,489657
9869,4954,25,2,494611,494636,489682
9870,4954,31,3,494636,494667,489713
9871,4955,32,2,494667,494699,489744
9872,4955,1,1,494699,494700,489745
9873,4955,8,2,494700,494708,489753
9874,4955,83,1,494708,494791,489836
9875,4956,23,3,494791,494814,489858
9876,4956,35,1,494814,494849,489893
9877,4956,66,3,494849,494915,489959
9878,4956,44,1,494915,494959,490003
9879,4957,98,2,494959,495057,490100
9880,4957,89,1,495057,495146,490189
9881,4958,85,3,495146,495231,490273
9882,4958,90,1,495231,495321,490363
9883,4959,54,3,495321,495375,490416
9884,4960,98,3,495375,495473,490513
9885,4960,41,3,495473,495514,490554
9886,4961,53,3,495514,495567,490606
9887,4962,45,2,495567,495612,490650
9888,4963,7,1,495612,495619,490656
9889,4964,0,2,495619,495619,490655
9890,4965,45,1,495619,495664,490699
9891,4966,77,3,495664,495741,490775
9892,4966,36,3,495741,495777,490811
9893,4966,36,3,495777,495813,490847
9894,4967,62,2,495813,495875,490908
9895,4968,87,2,495875,495962,490994
9896,4968,43,1,495962,496005,491037
9897,4969,22,2,496005,496027,491058
9898,4969,73,1,496027,496100,491131
9899,4970,94,3,496100,496194,491224
9900,4971,94,2,496194,496288,491317
9901,4972,25,1,496288,496313,491341
9902,4972,2,2,496313,496315,491343
9903,4973,1,1,496315,496316,491343
9904,4973,13,2,496316,496329,491356
9905,4973,25,1,496329,496354,491381
9906,4974,30,3,496354,496384,491410
9907,4974,33,1,496384,496417,491443
9908,4975,35,2,496417,496452,491477
9909,4975,53,1,496452,496505,491530
9910,4975,25,2,496505,496530,491555
9911,4976,51,2,496530,496581,491605
9912,4976,99,3,496581,496680,491704
9913,4976,80,1,496680,496760,491784
9914,4976,17,2,496760,496777,491801
9915,4977,72,3,496777,496849,491872
9916,4978,82,3,496849,496931,491953
9917,4979,60,3,496931,496991,492012
9918,4979,36,1,496991,497027,492048
9919,4980,74,3,497027,497101,492121
9920,4981,97,3,497101,497198,492217
9921,4982,77,2,497198,497275,492293
9922,4982,57,1,497275,497332,492350
9923,4982,61,2,497332,497393,492411
9924,4982,30,2,497393,497423,492441
9925,4982,64,3,497423,497487,492505
9926,4982,51,2,497487,497538,492556
9927,4983,67,2,497538,497605,492622
9928,4983,61,2,497605,497666,492683
9929,4983,40,1,497666,497706,492723
9930,4984,82,2,497706,497788,492804
9931,4984,44,3,497788,497832,492848
9932,4984,6,3,497832,497838,492854
9933,4985,0,1,497838,497838,492853
9934,4986,86,1,497838,497924,492938
9935,4986,83,2,497924,498007,493021
9936,4986,28,3,498007,498035,493049
9937,4986,96,1,498035,498131,493145
9938,4986,70,1,498131,498201,493215
9939,4986,73,3,498201,498274,493288
9940,4986,86,2,498274,498360,493374
9941,4986,95,2,498360,498455,493469
9942,4986,73,2,498455,498528,493542
9943,4987,45,1,498528,498573,493586
9944,4987,7,1,498573,498580,493593
9945,4988,80,2,498580,498660,493672
9946,4989,44,3,498660,498704,493715
9947,4990,81,3,498704,498785,493795
9948,4991,17,2,498785,498802,493811
9949,4991,5,3,498802,498807,493816
9950,4991,0,2,498807,498807,493816
9951,4992,8,1,498807,498815,493823
9952,4993,19,2,498815,498834,493841
9953,4993,71,2,498834,498905,493912
9954,4994,84,2,498905,498989,493995
9955,4994,24,2,498989,499013,494019
9956,4995,31,2,499013,499044,494049
9957,4995,47,1,499044,499091,494096
9958,4995,24,3,499091,499115,494120
9959,4995,91,2,499115,499206,494211
9960,4995,62,1,499206,499268,494273
9961,4996,1,2,499268,499269,494273
9962,4996,69,3,499269,499338,494342
9963,4996,28,2,499338,499366,494370
9964,4997,6,2,499366,499372,494375
9965,4997,15,1,499372,499387,494390
9966,4997,17,2,499387,499404,494407
9967,4998,19,1,499404,499423,494425
9968,4998,6,3,499423,499429,494431
9969,4999,12,2,499429,499441,494442
9970,4999,43,2,499441,499484,494485
9971,5000,50,3,499484,499534,494534
9972,5001,13,3,499534,499547,494546
9973,5001,48,2,499547,499595,494594
9974,5001,96,3,499595,499691,494690
9975,5002,12,1,499691,499703,494701
9976,5003,73,3,499703,499776,494773
9977,5004,81,2,499776,499857,494853
9978,5004,0,1,499857,499857,494853
9979,5004,69,1,499857,499926,494922
9980,5005,80,3,499926,500006,495001
9981,5005,87,3,500006,500093,495088
9982,5005,51,3,500093,500144,495139
9983,5006,41,1,500144,500185,495179
9984,5006,75,2,500185,500260,495254
9985,5007,14,1,500260,500274,495267
9986,5007,0,1,500274,500274,495267
9987,5007,97,1,500274,500371,495364
9988,5007,60,1,500371,500431,495424
9989,5008,4,2,500431,500435,495427
9990,5008,75,3,500435,500510,495502
9991,5009,36,1,500510,500546,495537
9992,5010,11,3,500546,500557,495547
9993,5010,74,2,500557,500631,495621
9994,5010,99,1,500631,500730,495720
9995,5011,87,1,500730,500817,495806
9996,5011,95,3,500817,500912,495901
9997,5012,19,2,500912,500931,495919
9998,5012,62,1,500931,500993,495981
9999,5012,80,3,500993,501073,496061
Average turn around time,247047.2265,,,,,
