Job ID,Arrival,Burst,Priority,Start,End,Turn Around
0,0,33,2,0,33,33
1,1,97,3,33,130,129
3,2,13,1,130,143,141
2,2,70,3,143,213,211
4,3,69,3,213,282,279
5,4,32,3,282,314,310
8,5,41,1,314,355,350
9,5,43,3,355,398,393
7,5,81,3,398,479,474
6,5,93,1,479,572,567
10,6,23,3,572,595,589
14,6,29,1,595,624,618
13,6,80,1,624,704,698
15,6,83,3,704,787,781
11,6,89,2,787,876,870
12,6,96,3,876,972,966
16,6,100,3,972,1072,1066
17,7,70,3,1072,1142,1135
18,8,73,3,1142,1215,1207
19,9,86,2,1215,1301,1292
20,10,15,3,1301,1316,1306
21,10,17,1,1316,1333,1323
23,11,5,1,1333,1338,1327
22,11,8,3,1338,1346,1335
24,11,9,1,1346,1355,1344
25,12,66,2,1355,1421,1409
26,13,40,3,1421,1461,1448
28,14,33,2,1461,1494,1480
27,14,90,3,1494,1584,1570
29,15,98,1,1584,1682,1667
30,16,0,2,1682,1682,1666
31,17,4,3,1682,1686,1669
32,18,42,3,1686,1728,1710
35,18,48,3,1728,1776,1758
34,18,56,3,1776,1832,1814
33,18,71,3,1832,1903,1885
37,19,1,3,1903,1904,1885
36,19,25,1,1904,1929,1910
38,20,18,1,1929,1947,1927
40,20,19,1,1947,1966,1946
39,20,34,1,1966,2000,1980
41,21,75,1,2000,2075,2054
42,22,24,2,2075,2099,2077
43,22,99,3,2099,2198,2176
46,23,0,2,2198,2198,2175
44,23,5,3,2198,2203,2180
45,23,55,1,2203,2258,2235
47,24,99,2,2258,2357,2333
48,25,77,1,2357,2434,2409
49,26,81,2,2434,2515,2489
50,27,38,1,2515,2553,2526
51,28,5,1,2553,2558,2530
59,28,16,3,2558,2574,2546
58,28,33,3,2574,2607,2579
53,28,46,2,2607,2653,2625
52,28,59,2,2653,2712,2684
56,28,71,1,2712,2783,2755
55,28,75,1,2783,2858,2830
57,28,75,3,2858,2933,2905
54,28,99,1,2933,3032,3004
61,29,53,2,3032,3085,3056
60,29,60,2,3085,3145,3116
62,30,97,3,3145,3242,3212
63,31,7,1,3242,3249,3218
64,32,78,1,3249,3327,3295
68,33,21,1,3327,3348,3315
65,33,36,3,3348,3384,3351
67,33,44,3,3384,3428,3395
66,33,92,3,3428,3520,3487
70,34,0,1,3520,3520,3486
71,34,50,3,3520,3570,3536
69,34,71,3,3570,3641,3607
72,34,87,1,3641,3728,3694
73,34,88,3,3728,3816,3782
74,35,46,2,3816,3862,3827
75,36,51,2,3862,3913,3877
76,36,63,1,3913,3976,3940
77,37,43,2,3976,4019,3982
79,38,8,3,4019,4027,3989
80,38,9,1,4027,4036,3998
78,38,82,1,4036,4118,4080
81,39,2,2,4118,4120,4081
82,40,74,1,4120,4194,4154
83,41,23,2,4194,4217,4176
84,42,77,1,4217,4294,4252
85,42,92,3,4294,4386,4344
86,43,2,3,4386,4388,4345
87,43,85,3,4388,4473,4430
88,44,49,1,4473,4522,4478
89,45,69,1,4522,4591,4546
94,46,6,1,4591,4597,4551
93,46,6,2,4597,4603,4557
91,46,39,3,4603,4642,4596
90,46,93,1,4642,4735,4689
92,46,96,3,4735,4831,4785
97,47,26,2,4831,4857,4810
99,47,37,1,4857,4894,4847
95,47,60,2,4894,4954,4907
96,47,73,3,4954,5027,4980
98,47,80,1,5027,5107,5060
100,48,26,1,5107,5133,5085
101,48,41,1,5133,5174,5126
102,49,47,2,5174,5221,5172
103,50,28,3,5221,5249,5199
104,51,77,1,5249,5326,5275
105,52,10,3,5326,5336,5284
106,52,56,3,5336,5392,5340
107,53,43,1,5392,5435,5382
108,53,85,1,5435,5520,5467
109,54,38,2,5520,5558,5504
110,55,31,1,5558,5589,5534
112,55,74,3,5589,5663,5608
111,55,81,3,5663,5744,5689
114,56,10,2,5744,5754,5698
115,56,21,2,5754,5775,5719
113,56,80,2,5775,5855,5799
116,57,49,1,5855,5904,5847
118,58,1,2,5904,5905,5847
119,58,50,2,5905,5955,5897
117,58,72,2,5955,6027,5969
121,59,57,3,6027,6084,6025
120,59,95,2,6084,6179,6120
124,60,31,2,6179,6210,6150
122,60,43,3,6210,6253,6193
123,60,73,3,6253,6326,6266
126,61,56,3,6326,6382,6321
125,61,95,3,6382,6477,6416
127,62,65,2,6477,6542,6480
128,63,64,3,6542,6606,6543
129,64,93,3,6606,6699,6635
132,65,37,1,6699,6736,6671
130,65,69,1,6736,6805,6740
131,65,89,2,6805,6894,6829
134,66,10,2,6894,6904,6838
133,66,26,2,6904,6930,6864
135,66,97,2,6930,7027,6961
136,67,51,3,7027,7078,7011
137,68,60,2,7078,7138,7070
139,69,60,1,7138,7198,7129
140,69,67,3,7198,7265,7196
141,69,72,2,7265,7337,7268
138,69,77,3,7337,7414,7345
142,70,59,2,7414,7473,7403
146,71,39,1,7473,7512,7441
145,71,64,3,7512,7576,7505
147,71,69,1,7576,7645,7574
144,71,73,1,7645,7718,7647
143,71,81,3,7718,7799,7728
148,72,62,2,7799,7861,7789
149,72,84,2,7861,7945,7873
150,73,20,2,7945,7965,7892
152,73,26,2,7965,7991,7918
151,73,80,2,7991,8071,7998
153,74,73,1,8071,8144,8070
155,75,75,3,8144,8219,8144
154,75,80,3,8219,8299,8224
156,76,19,3,8299,8318,8242
158,76,37,2,8318,8355,8279
157,76,68,3,8355,8423,8347
159,77,87,2,8423,8510,8433
162,78,5,2,8510,8515,8437
161,78,14,2,8515,8529,8451
163,78,24,3,8529,8553,8475
164,78,56,1,8553,8609,8531
160,78,63,3,8609,8672,8594
165,79,70,2,8672,8742,8663
166,80,20,1,8742,8762,8682
167,80,60,1,8762,8822,8742
170,81,12,2,8822,8834,8753
171,81,37,1,8834,8871,8790
168,81,83,1,8871,8954,8873
169,81,95,2,8954,9049,8968
172,82,47,3,9049,9096,9014
174,83,38,3,9096,9134,9051
175,83,85,2,9134,9219,9136
173,83,86,3,9219,9305,9222
176,84,40,1,9305,9345,9261
177,85,14,2,9345,9359,9274
178,86,47,3,9359,9406,9320
179,87,71,1,9406,9477,9390
180,88,17,3,9477,9494,9406
181,89,56,2,9494,9550,9461
182,90,5,2,9550,9555,9465
183,91,39,2,9555,9594,9503
184,92,32,3,9594,9626,9534
185,93,4,2,9626,9630,9537
188,93,12,1,9630,9642,9549
187,93,51,1,9642,9693,9600
186,93,55,2,9693,9748,9655
189,94,42,2,9748,9790,9696
191,94,50,3,9790,9840,9746
190,94,82,1,9840,9922,9828
192,95,62,2,9922,9984,9889
193,96,10,1,9984,9994,9898
194,96,40,1,9994,10034,9938
195,96,55,1,10034,10089,9993
198,97,32,2,10089,10121,10024
197,97,61,1,10121,10182,10085
196,97,66,1,10182,10248,10151
199,98,25,3,10248,10273,10175
201,98,53,2,10273,10326,10228
200,98,56,3,10326,10382,10284
202,98,67,3,10382,10449,10351
203,99,95,3,10449,10544,10445
209,100,1,1,10544,10545,10445
204,100,5,1,10545,10550,10450
207,100,6,2,10550,10556,10456
205,100,59,1,10556,10615,10515
208,100,60,3,10615,10675,10575
206,100,70,2,10675,10745,10645
210,101,20,2,10745,10765,10664
211,102,14,1,10765,10779,10677
213,103,36,1,10779,10815,10712
212,103,81,2,10815,10896,10793
216,104,3,1,10896,10899,10795
215,104,13,1,10899,10912,10808
217,104,16,3,10912,10928,10824
214,104,31,3,10928,10959,10855
218,104,43,3,10959,11002,10898
219,105,98,3,11002,11100,10995
221,106,34,1,11100,11134,11028
222,106,43,3,11134,11177,11071
220,106,51,2,11177,11228,11122
223,106,83,1,11228,11311,11205
225,107,29,2,11311,11340,11233
226,107,76,3,11340,11416,11309
224,107,93,3,11416,11509,11402
227,108,88,3,11509,11597,11489
228,109,25,3,11597,11622,11513
229,110,1,1,11622,11623,11513
230,111,13,2,11623,11636,11525
232,111,33,1,11636,11669,11558
231,111,60,1,11669,11729,11618
233,111,82,3,11729,11811,11700
234,112,55,2,11811,11866,11754
235,113,64,2,11866,11930,11817
236,114,17,1,11930,11947,11833
237,115,14,3,11947,11961,11846
238,115,50,3,11961,12011,11896
239,116,37,2,12011,12048,11932
240,116,80,3,12048,12128,12012
241,117,15,2,12128,12143,12026
242,117,91,1,12143,12234,12117
243,118,21,3,12234,12255,12137
244,119,67,2,12255,12322,12203
245,120,19,1,12322,12341,12221
246,120,92,1,12341,12433,12313
247,121,45,2,12433,12478,12357
249,121,57,1,12478,12535,12414
248,121,69,2,12535,12604,12483
251,122,35,3,12604,12639,12517
250,122,67,2,12639,12706,12584
253,123,26,3,12706,12732,12609
252,123,44,1,12732,12776,12653
255,123,49,3,12776,12825,12702
254,123,92,3,12825,12917,12794
256,124,62,2,12917,12979,12855
259,125,53,2,12979,13032,12907
258,125,69,1,13032,13101,12976
260,125,75,1,13101,13176,13051
257,125,87,1,13176,13263,13138
261,126,21,3,13263,13284,13158
262,127,56,1,13284,13340,13213
263,128,90,1,13340,13430,13302
264,129,85,2,13430,13515,13386
266,130,53,2,13515,13568,13438
267,130,57,2,13568,13625,13495
265,130,78,2,13625,13703,13573
268,131,24,3,13703,13727,13596
269,131,37,3,13727,13764,13633
271,132,56,1,13764,13820,13688
270,132,91,3,13820,13911,13779
272,133,86,3,13911,13997,13864
273,134,67,2,13997,14064,13930
274,135,91,1,14064,14155,14020
275,136,52,2,14155,14207,14071
276,137,31,1,14207,14238,14101
277,138,10,3,14238,14248,14110
280,139,1,2,14248,14249,14110
281,139,4,2,14249,14253,14114
279,139,25,1,14253,14278,14139
278,139,57,1,14278,14335,14196
285,140,20,2,14335,14355,14215
282,140,39,3,14355,14394,14254
283,140,42,2,14394,14436,14296
284,140,83,2,14436,14519,14379
286,141,61,3,14519,14580,14439
288,142,6,3,14580,14586,14444
287,142,65,1,14586,14651,14509
289,143,1,2,14651,14652,14509
291,144,3,3,14652,14655,14511
290,144,72,1,14655,14727,14583
292,145,51,1,14727,14778,14633
293,145,98,1,14778,14876,14731
295,146,60,3,14876,14936,14790
294,146,78,3,14936,15014,14868
296,147,26,1,15014,15040,14893
301,147,38,1,15040,15078,14931
299,147,46,2,15078,15124,14977
298,147,47,2,15124,15171,15024
297,147,54,1,15171,15225,15078
300,147,65,2,15225,15290,15143
302,148,94,1,15290,15384,15236
305,149,42,3,15384,15426,15277
303,149,50,1,15426,15476,15327
304,149,62,1,15476,15538,15389
306,149,99,3,15538,15637,15488
307,150,14,1,15637,15651,15501
308,150,30,1,15651,15681,15531
309,150,41,2,15681,15722,15572
311,151,53,2,15722,15775,15624
313,151,64,1,15775,15839,15688
312,151,70,2,15839,15909,15758
310,151,79,3,15909,15988,15837
314,152,17,1,15988,16005,15853
315,152,78,2,16005,16083,15931
316,153,100,1,16083,16183,16030
319,154,8,3,16183,16191,16037
320,154,20,2,16191,16211,16057
318,154,58,2,16211,16269,16115
317,154,80,1,16269,16349,16195
321,155,37,3,16349,16386,16231
322,156,12,2,16386,16398,16242
323,156,26,1,16398,16424,16268
325,157,8,3,16424,16432,16275
324,157,86,1,16432,16518,16361
326,158,19,2,16518,16537,16379
327,158,42,1,16537,16579,16421
329,159,7,3,16579,16586,16427
331,159,11,1,16586,16597,16438
328,159,77,3,16597,16674,16515
330,159,81,2,16674,16755,16596
332,160,11,1,16755,16766,16606
334,160,66,1,16766,16832,16672
333,160,87,2,16832,16919,16759
335,161,17,2,16919,16936,16775
336,162,1,2,16936,16937,16775
338,163,54,2,16937,16991,16828
339,163,63,1,16991,17054,16891
337,163,77,2,17054,17131,16968
340,164,52,2,17131,17183,17019
341,165,72,1,17183,17255,17090
342,166,25,1,17255,17280,17114
344,166,31,1,17280,17311,17145
343,166,63,1,17311,17374,17208
345,167,18,1,17374,17392,17225
346,167,18,2,17392,17410,17243
347,168,16,2,17410,17426,17258
349,168,34,1,17426,17460,17292
348,168,73,1,17460,17533,17365
351,169,40,3,17533,17573,17404
350,169,76,3,17573,17649,17480
353,170,58,2,17649,17707,17537
354,170,81,3,17707,17788,17618
352,170,89,3,17788,17877,17707
355,171,45,2,17877,17922,17751
357,172,41,1,17922,17963,17791
356,172,73,2,17963,18036,17864
359,172,84,2,18036,18120,17948
358,172,92,2,18120,18212,18040
360,173,3,2,18212,18215,18042
361,173,62,2,18215,18277,18104
363,174,46,3,18277,18323,18149
362,174,99,3,18323,18422,18248
364,175,83,2,18422,18505,18330
365,175,93,3,18505,18598,18423
366,176,77,1,18598,18675,18499
367,177,19,2,18675,18694,18517
370,178,5,2,18694,18699,18521
369,178,32,1,18699,18731,18553
368,178,47,2,18731,18778,18600
372,179,78,3,18778,18856,18677
371,179,83,3,18856,18939,18760
373,180,74,3,18939,19013,18833
374,181,78,3,19013,19091,18910
375,182,48,3,19091,19139,18957
376,183,17,3,19139,19156,18973
379,183,36,1,19156,19192,19009
378,183,71,3,19192,19263,19080
380,183,72,2,19263,19335,19152
377,183,96,2,19335,19431,19248
381,184,19,3,19431,19450,19266
382,184,46,3,19450,19496,19312
383,185,78,2,19496,19574,19389
384,185,79,1,19574,19653,19468
385,186,1,1,19653,19654,19468
386,187,18,1,19654,19672,19485
387,188,28,3,19672,19700,19512
388,189,68,2,19700,19768,19579
389,189,73,2,19768,19841,19652
390,190,54,2,19841,19895,19705
391,191,34,3,19895,19929,19738
392,191,70,1,19929,19999,19808
393,192,96,3,19999,20095,19903
395,193,58,2,20095,20153,19960
394,193,92,1,20153,20245,20052
397,194,4,2,20245,20249,20055
396,194,99,3,20249,20348,20154
399,195,25,2,20348,20373,20178
398,195,34,1,20373,20407,20212
400,196,6,2,20407,20413,20217
401,196,35,3,20413,20448,20252
402,197,7,3,20448,20455,20258
403,198,85,2,20455,20540,20342
404,199,4,3,20540,20544,20345
405,200,71,2,20544,20615,20415
406,201,53,2,20615,20668,20467
409,202,10,1,20668,20678,20476
407,202,33,3,20678,20711,20509
408,202,39,3,20711,20750,20548
411,202,78,1,20750,20828,20626
410,202,85,2,20828,20913,20711
412,203,61,3,20913,20974,20771
413,204,26,1,20974,21000,20796
415,204,47,1,21000,21047,20843
417,204,74,1,21047,21121,20917
416,204,80,1,21121,21201,20997
414,204,86,3,21201,21287,21083
418,204,91,1,21287,21378,21174
419,205,12,2,21378,21390,21185
420,205,52,1,21390,21442,21237
421,206,4,3,21442,21446,21240
422,206,81,1,21446,21527,21321
425,207,41,3,21527,21568,21361
426,207,57,1,21568,21625,21418
423,207,64,3,21625,21689,21482
424,207,71,3,21689,21760,21553
428,208,63,3,21760,21823,21615
427,208,72,1,21823,21895,21687
429,209,41,2,21895,21936,21727
431,210,41,2,21936,21977,21767
430,210,98,1,21977,22075,21865
432,211,0,1,22075,22075,21864
434,211,44,1,22075,22119,21908
433,211,84,2,22119,22203,21992
436,212,30,2,22203,22233,22021
435,212,63,3,22233,22296,22084
437,213,56,1,22296,22352,22139
438,214,11,2,22352,22363,22149
439,215,69,2,22363,22432,22217
441,216,29,3,22432,22461,22245
440,216,70,1,22461,22531,22315
443,217,31,2,22531,22562,22345
442,217,62,3,22562,22624,22407
445,218,50,3,22624,22674,22456
444,218,90,3,22674,22764,22546
446,219,31,1,22764,22795,22576
447,219,80,1,22795,22875,22656
448,220,44,3,22875,22919,22699
449,221,25,1,22919,22944,22723
450,221,50,2,22944,22994,22773
451,222,21,3,22994,23015,22793
453,223,26,2,23015,23041,22818
452,223,48,1,23041,23089,22866
454,223,55,3,23089,23144,22921
455,224,15,3,23144,23159,22935
456,224,46,2,23159,23205,22981
457,225,13,2,23205,23218,22993
458,226,3,3,23218,23221,22995
465,227,43,1,23221,23264,23037
464,227,47,3,23264,23311,23084
463,227,54,2,23311,23365,23138
459,227,65,1,23365,23430,23203
461,227,66,2,23430,23496,23269
460,227,70,1,23496,23566,23339
462,227,75,1,23566,23641,23414
466,228,25,2,23641,23666,23438
471,229,22,1,23666,23688,23459
467,229,23,2,23688,23711,23482
468,229,34,1,23711,23745,23516
469,229,62,1,23745,23807,23578
470,229,87,2,23807,23894,23665
472,230,7,1,23894,23901,23671
473,230,23,1,23901,23924,23694
475,231,22,1,23924,23946,23715
477,231,38,3,23946,23984,23753
476,231,53,2,23984,24037,23806
478,231,77,2,24037,24114,23883
479,231,87,2,24114,24201,23970
480,231,91,3,24201,24292,24061
474,231,93,1,24292,24385,24154
481,232,2,1,24385,24387,24155
482,232,52,1,24387,24439,24207
484,233,5,1,24439,24444,24211
483,233,9,2,24444,24453,24220
485,233,15,3,24453,24468,24235
486,234,22,2,24468,24490,24256
487,235,71,2,24490,24561,24326
488,236,11,1,24561,24572,24336
489,236,15,2,24572,24587,24351
490,236,18,2,24587,24605,24369
492,237,29,3,24605,24634,24397
491,237,71,1,24634,24705,24468
493,238,96,3,24705,24801,24563
494,239,83,1,24801,24884,24645
495,240,8,1,24884,24892,24652
496,240,17,1,24892,24909,24669
497,241,52,1,24909,24961,24720
501,242,0,1,24961,24961,24719
498,242,6,3,24961,24967,24725
499,242,28,3,24967,24995,24753
500,242,71,3,24995,25066,24824
504,243,11,1,25066,25077,24834
502,243,28,1,25077,25105,24862
503,243,38,1,25105,25143,24900
505,244,9,1,25143,25152,24908
506,245,46,2,25152,25198,24953
507,245,48,3,25198,25246,25001
508,246,32,1,25246,25278,25032
513,247,7,3,25278,25285,25038
511,247,40,1,25285,25325,25078
510,247,54,2,25325,25379,25132
512,247,91,3,25379,25470,25223
514,247,94,1,25470,25564,25317
509,247,100,2,25564,25664,25417
517,248,24,2,25664,25688,25440
515,248,67,2,25688,25755,25507
518,248,67,3,25755,25822,25574
516,248,90,1,25822,25912,25664
521,249,18,2,25912,25930,25681
519,249,25,3,25930,25955,25706
520,249,27,2,25955,25982,25733
522,250,18,2,25982,26000,25750
523,251,100,1,26000,26100,25849
526,252,21,1,26100,26121,25869
525,252,28,2,26121,26149,25897
524,252,59,1,26149,26208,25956
527,253,96,1,26208,26304,26051
529,254,43,3,26304,26347,26093
528,254,70,2,26347,26417,26163
530,254,73,3,26417,26490,26236
531,254,86,2,26490,26576,26322
532,255,37,3,26576,26613,26358
533,255,38,3,26613,26651,26396
534,255,49,2,26651,26700,26445
537,256,4,1,26700,26704,26448
535,256,29,1,26704,26733,26477
538,256,67,1,26733,26800,26544
536,256,70,1,26800,26870,26614
539,257,62,2,26870,26932,26675
540,258,39,2,26932,26971,26713
541,259,14,2,26971,26985,26726
542,260,72,2,26985,27057,26797
543,261,92,1,27057,27149,26888
544,262,96,1,27149,27245,26983
546,263,24,3,27245,27269,27006
545,263,100,1,27269,27369,27106
547,264,46,3,27369,27415,27151
549,265,20,2,27415,27435,27170
548,265,22,1,27435,27457,27192
550,266,34,2,27457,27491,27225
551,267,76,2,27491,27567,27300
552,268,27,2,27567,27594,27326
553,269,22,3,27594,27616,27347
554,269,68,3,27616,27684,27415
555,270,88,3,27684,27772,27502
557,271,26,3,27772,27798,27527
556,271,56,3,27798,27854,27583
560,271,63,1,27854,27917,27646
561,271,91,1,27917,28008,27737
559,271,95,1,28008,28103,27832
558,271,97,2,28103,28200,27929
562,272,18,2,28200,28218,27946
563,273,27,1,28218,28245,27972
564,273,92,2,28245,28337,28064
566,274,42,2,28337,28379,28105
565,274,43,3,28379,28422,28148
567,275,10,2,28422,28432,28157
568,275,22,2,28432,28454,28179
569,276,69,1,28454,28523,28247
571,277,22,2,28523,28545,28268
570,277,69,3,28545,28614,28337
572,278,6,3,28614,28620,28342
573,279,60,3,28620,28680,28401
574,279,81,2,28680,28761,28482
575,280,23,2,28761,28784,28504
576,280,97,2,28784,28881,28601
577,281,34,2,28881,28915,28634
578,282,17,3,28915,28932,28650
579,283,40,3,28932,28972,28689
580,284,34,2,28972,29006,28722
581,284,77,3,29006,29083,28799
582,284,90,3,29083,29173,28889
583,285,6,2,29173,29179,28894
585,285,8,2,29179,29187,28902
584,285,21,1,29187,29208,28923
586,286,11,3,29208,29219,28933
589,287,12,3,29219,29231,28944
587,287,77,1,29231,29308,29021
590,287,80,1,29308,29388,29101
588,287,95,1,29388,29483,29196
594,288,7,2,29483,29490,29202
591,288,15,1,29490,29505,29217
595,288,18,2,29505,29523,29235
592,288,54,1,29523,29577,29289
593,288,100,1,29577,29677,29389
596,289,17,1,29677,29694,29405
597,290,47,3,29694,29741,29451
598,291,61,2,29741,29802,29511
599,292,31,2,29802,29833,29541
600,292,48,2,29833,29881,29589
601,293,41,2,29881,29922,29629
602,294,76,1,29922,29998,29704
603,295,8,3,29998,30006,29711
605,295,34,3,30006,30040,29745
606,295,73,1,30040,30113,29818
604,295,75,3,30113,30188,29893
607,296,4,3,30188,30192,29896
613,297,7,2,30192,30199,29902
616,297,12,2,30199,30211,29914
614,297,19,1,30211,30230,29933
612,297,25,1,30230,30255,29958
608,297,43,2,30255,30298,30001
617,297,45,2,30298,30343,30046
615,297,54,1,30343,30397,30100
618,297,63,2,30397,30460,30163
609,297,79,3,30460,30539,30242
611,297,80,2,30539,30619,30322
610,297,84,2,30619,30703,30406
619,298,84,1,30703,30787,30489
620,298,96,2,30787,30883,30585
621,299,90,3,30883,30973,30674
622,300,8,1,30973,30981,30681
623,301,51,2,30981,31032,30731
624,301,64,1,31032,31096,30795
625,301,80,3,31096,31176,30875
626,302,47,1,31176,31223,30921
627,303,41,3,31223,31264,30961
628,303,50,2,31264,31314,31011
631,304,46,2,31314,31360,31056
629,304,49,1,31360,31409,31105
632,304,88,1,31409,31497,31193
630,304,94,2,31497,31591,31287
633,305,47,2,31591,31638,31333
634,306,81,2,31638,31719,31413
636,307,87,2,31719,31806,31499
635,307,94,1,31806,31900,31593
638,308,19,3,31900,31919,31611
637,308,52,3,31919,31971,31663
640,309,34,2,31971,32005,31696
639,309,58,1,32005,32063,31754
641,310,31,2,32063,32094,31784
642,310,49,1,32094,32143,31833
643,311,19,2,32143,32162,31851
645,312,44,2,32162,32206,31894
644,312,46,3,32206,32252,31940
646,313,8,1,32252,32260,31947
647,314,44,3,32260,32304,31990
648,315,72,2,32304,32376,32061
649,316,42,1,32376,32418,32102
655,317,27,3,32418,32445,32128
653,317,66,3,32445,32511,32194
654,317,67,2,32511,32578,32261
651,317,85,1,32578,32663,32346
650,317,98,3,32663,32761,32444
652,317,99,1,32761,32860,32543
656,317,100,2,32860,32960,32643
657,318,16,1,32960,32976,32658
658,318,28,3,32976,33004,32686
659,319,35,2,33004,33039,32720
660,320,75,1,33039,33114,32794
661,321,14,3,33114,33128,32807
664,322,15,2,33128,33143,32821
665,322,33,3,33143,33176,32854
662,322,46,3,33176,33222,32900
663,322,77,3,33222,33299,32977
669,323,8,3,33299,33307,32984
667,323,62,1,33307,33369,33046
666,323,70,2,33369,33439,33116
668,323,80,1,33439,33519,33196
670,324,98,1,33519,33617,33293
671,325,64,3,33617,33681,33356
672,326,47,1,33681,33728,33402
673,327,51,3,33728,33779,33452
674,328,74,3,33779,33853,33525
677,329,46,1,33853,33899,33570
675,329,52,1,33899,33951,33622
676,329,84,3,33951,34035,33706
678,330,16,2,34035,34051,33721
679,331,15,2,34051,34066,33735
680,332,13,1,34066,34079,33747
681,333,23,1,34079,34102,33769
682,334,19,1,34102,34121,33787
685,335,16,3,34121,34137,33802
684,335,69,3,34137,34206,33871
683,335,80,3,34206,34286,33951
686,336,70,1,34286,34356,34020
688,337,41,3,34356,34397,34060
687,337,95,1,34397,34492,34155
690,338,14,1,34492,34506,34168
689,338,44,3,34506,34550,34212
691,339,66,1,34550,34616,34277
692,340,25,3,34616,34641,34301
693,341,55,2,34641,34696,34355
694,341,64,1,34696,34760,34419
695,342,55,1,34760,34815,34473
696,342,58,2,34815,34873,34531
702,343,21,2,34873,34894,34551
700,343,22,3,34894,34916,34573
703,343,24,3,34916,34940,34597
699,343,27,3,34940,34967,34624
698,343,36,1,34967,35003,34660
697,343,59,2,35003,35062,34719
705,343,62,3,35062,35124,34781
704,343,64,2,35124,35188,34845
701,343,86,3,35188,35274,34931
706,344,2,3,35274,35276,34932
707,345,68,2,35276,35344,34999
708,346,41,1,35344,35385,35039
710,347,18,1,35385,35403,35056
711,347,24,1,35403,35427,35080
709,347,34,2,35427,35461,35114
713,347,59,3,35461,35520,35173
712,347,91,1,35520,35611,35264
714,348,83,3,35611,35694,35346
715,349,28,2,35694,35722,35373
716,349,100,3,35722,35822,35473
717,350,73,1,35822,35895,35545
718,350,88,3,35895,35983,35633
721,351,24,3,35983,36007,35656
722,351,33,2,36007,36040,35689
724,351,40,1,36040,36080,35729
719,351,46,2,36080,36126,35775
720,351,48,3,36126,36174,35823
723,351,68,2,36174,36242,35891
727,352,2,1,36242,36244,35892
726,352,39,1,36244,36283,35931
725,352,56,2,36283,36339,35987
730,352,73,3,36339,36412,36060
728,352,87,3,36412,36499,36147
729,352,88,2,36499,36587,36235
732,353,20,3,36587,36607,36254
731,353,94,1,36607,36701,36348
733,353,94,2,36701,36795,36442
734,354,0,2,36795,36795,36441
735,354,31,1,36795,36826,36472
736,355,81,2,36826,36907,36552
737,356,15,2,36907,36922,36566
738,357,16,3,36922,36938,36581
739,357,60,1,36938,36998,36641
740,358,69,1,36998,37067,36709
741,359,15,1,37067,37082,36723
742,360,24,2,37082,37106,36746
743,361,13,1,37106,37119,36758
744,361,38,1,37119,37157,36796
747,362,28,3,37157,37185,36823
749,362,36,1,37185,37221,36859
748,362,51,1,37221,37272,36910
745,362,58,1,37272,37330,36968
746,362,74,1,37330,37404,37042
750,362,92,3,37404,37496,37134
751,363,50,2,37496,37546,37183
752,364,86,2,37546,37632,37268
753,364,97,2,37632,37729,37365
754,364,97,2,37729,37826,37462
755,365,16,3,37826,37842,37477
756,366,38,3,37842,37880,37514
757,367,24,1,37880,37904,37537
759,368,12,2,37904,37916,37548
758,368,31,2,37916,37947,37579
760,369,17,1,37947,37964,37595
761,369,74,2,37964,38038,37669
762,370,52,2,38038,38090,37720
764,371,42,1,38090,38132,37761
763,371,78,1,38132,38210,37839
765,372,7,2,38210,38217,37845
766,372,55,2,38217,38272,37900
767,373,7,3,38272,38279,37906
769,373,12,3,38279,38291,37918
768,373,98,2,38291,38389,38016
771,374,22,2,38389,38411,38037
772,374,49,1,38411,38460,38086
773,374,52,1,38460,38512,38138
770,374,52,2,38512,38564,38190
775,375,17,2,38564,38581,38206
774,375,70,1,38581,38651,38276
778,376,3,1,38651,38654,38278
777,376,4,1,38654,38658,38282
776,376,91,1,38658,38749,38373
779,377,94,1,38749,38843,38466
780,378,33,1,38843,38876,38498
781,378,47,3,38876,38923,38545
782,379,16,2,38923,38939,38560
783,379,89,3,38939,39028,38649
784,380,35,1,39028,39063,38683
785,381,38,2,39063,39101,38720
786,381,43,1,39101,39144,38763
787,381,44,3,39144,39188,38807
789,381,84,1,39188,39272,38891
788,381,86,1,39272,39358,38977
792,382,42,3,39358,39400,39018
791,382,49,3,39400,39449,39067
790,382,65,1,39449,39514,39132
793,383,74,3,39514,39588,39205
794,384,1,3,39588,39589,39205
795,384,88,2,39589,39677,39293
797,385,8,2,39677,39685,39300
798,385,31,2,39685,39716,39331
796,385,36,3,39716,39752,39367
799,385,94,1,39752,39846,39461
801,386,6,1,39846,39852,39466
803,386,12,1,39852,39864,39478
802,386,20,2,39864,39884,39498
804,386,57,2,39884,39941,39555
800,386,70,2,39941,40011,39625
805,386,78,1,40011,40089,39703
806,387,0,1,40089,40089,39702
808,387,21,3,40089,40110,39723
807,387,29,1,40110,40139,39752
810,388,21,1,40139,40160,39772
812,388,51,1,40160,40211,39823
811,388,57,2,40211,40268,39880
814,388,79,2,40268,40347,39959
809,388,88,2,40347,40435,40047
813,388,92,2,40435,40527,40139
816,389,32,2,40527,40559,40170
815,389,32,3,40559,40591,40202
817,390,0,3,40591,40591,40201
818,390,51,1,40591,40642,40252
819,391,7,3,40642,40649,40258
820,392,99,1,40649,40748,40356
821,393,28,3,40748,40776,40383
822,394,7,1,40776,40783,40389
823,394,51,3,40783,40834,40440
825,395,21,3,40834,40855,40460
824,395,44,2,40855,40899,40504
827,396,59,3,40899,40958,40562
826,396,98,2,40958,41056,40660
828,397,0,1,41056,41056,40659
829,397,6,3,41056,41062,40665
830,397,15,2,41062,41077,40680
832,398,80,2,41077,41157,40759
831,398,90,1,41157,41247,40849
834,399,37,2,41247,41284,40885
833,399,82,2,41284,41366,40967
835,400,18,2,41366,41384,40984
836,401,98,2,41384,41482,41081
837,402,19,2,41482,41501,41099
838,403,83,2,41501,41584,41181
839,404,48,3,41584,41632,41228
841,405,5,2,41632,41637,41232
840,405,27,3,41637,41664,41259
842,406,95,2,41664,41759,41353
844,407,36,2,41759,41795,41388
845,407,60,1,41795,41855,41448
846,407,82,3,41855,41937,41530
843,407,89,3,41937,42026,41619
847,408,17,1,42026,42043,41635
848,409,44,2,42043,42087,41678
849,409,55,3,42087,42142,41733
851,410,41,1,42142,42183,41773
850,410,57,2,42183,42240,41830
852,411,93,2,42240,42333,41922
853,412,78,1,42333,42411,41999
854,413,13,3,42411,42424,42011
855,413,15,2,42424,42439,42026
857,414,23,2,42439,42462,42048
858,414,63,2,42462,42525,42111
856,414,87,3,42525,42612,42198
860,415,2,3,42612,42614,42199
859,415,50,3,42614,42664,42249
861,415,96,3,42664,42760,42345
863,416,50,1,42760,42810,42394
862,416,62,1,42810,42872,42456
864,417,92,3,42872,42964,42547
865,418,61,1,42964,43025,42607
866,419,10,1,43025,43035,42616
867,420,92,3,43035,43127,42707
868,421,80,1,43127,43207,42786
869,422,74,3,43207,43281,42859
870,423,44,3,43281,43325,42902
872,424,47,1,43325,43372,42948
873,424,70,3,43372,43442,43018
871,424,83,2,43442,43525,43101
875,424,88,2,43525,43613,43189
874,424,92,1,43613,43705,43281
878,425,10,2,43705,43715,43290
876,425,69,2,43715,43784,43359
877,425,69,2,43784,43853,43428
879,426,22,3,43853,43875,43449
882,427,31,1,43875,43906,43479
880,427,39,1,43906,43945,43518
881,427,48,3,43945,43993,43566
883,428,45,2,43993,44038,43610
884,428,92,1,44038,44130,43702
885,429,18,1,44130,44148,43719
886,430,23,1,44148,44171,43741
890,431,22,2,44171,44193,43762
888,431,46,3,44193,44239,43808
891,431,60,3,44239,44299,43868
887,431,78,2,44299,44377,43946
889,431,89,1,44377,44466,44035
892,432,0,2,44466,44466,44034
893,432,9,1,44466,44475,44043
894,432,58,3,44475,44533,44101
895,433,56,1,44533,44589,44156
896,433,93,3,44589,44682,44249
901,434,28,3,44682,44710,44276
897,434,45,2,44710,44755,44321
898,434,88,1,44755,44843,44409
900,434,91,2,44843,44934,44500
899,434,99,3,44934,45033,44599
905,435,29,3,45033,45062,44627
906,435,53,2,45062,45115,44680
904,435,63,3,45115,45178,44743
902,435,66,2,45178,45244,44809
903,435,97,2,45244,45341,44906
907,436,54,1,45341,45395,44959
908,437,25,2,45395,45420,44983
910,437,34,2,45420,45454,45017
911,437,44,3,45454,45498,45061
909,437,87,1,45498,45585,45148
913,438,5,3,45585,45590,45152
912,438,83,2,45590,45673,45235
914,439,3,3,45673,45676,45237
915,439,57,2,45676,45733,45294
916,440,17,3,45733,45750,45310
917,441,39,2,45750,45789,45348
918,442,13,3,45789,45802,45360
919,443,57,1,45802,45859,45416
921,444,5,2,45859,45864,45420
922,444,35,1,45864,45899,45455
920,444,47,3,45899,45946,45502
923,445,32,1,45946,45978,45533
925,446,62,1,45978,46040,45594
924,446,82,1,46040,46122,45676
926,447,95,2,46122,46217,45770
927,448,32,2,46217,46249,45801
928,448,35,3,46249,46284,45836
929,449,12,2,46284,46296,45847
930,449,58,2,46296,46354,45905
931,450,77,1,46354,46431,45981
934,451,43,1,46431,46474,46023
932,451,50,1,46474,46524,46073
933,451,85,3,46524,46609,46158
935,452,92,1,46609,46701,46249
936,453,70,2,46701,46771,46318
938,454,9,3,46771,46780,46326
939,454,21,2,46780,46801,46347
937,454,78,3,46801,46879,46425
940,455,94,2,46879,46973,46518
942,456,49,1,46973,47022,46566
943,456,51,2,47022,47073,46617
941,456,57,2,47073,47130,46674
944,457,39,2,47130,47169,46712
945,457,59,3,47169,47228,46771
946,458,32,3,47228,47260,46802
947,459,26,3,47260,47286,46827
948,460,33,1,47286,47319,46859
953,461,59,3,47319,47378,46917
950,461,60,2,47378,47438,46977
949,461,77,1,47438,47515,47054
952,461,83,2,47515,47598,47137
951,461,84,1,47598,47682,47221
955,462,46,2,47682,47728,47266
954,462,49,2,47728,47777,47315
957,463,4,3,47777,47781,47318
958,463,10,1,47781,47791,47328
959,463,69,2,47791,47860,47397
956,463,80,3,47860,47940,47477
960,464,74,3,47940,48014,47550
964,465,16,1,48014,48030,47565
961,465,20,1,48030,48050,47585
963,465,50,3,48050,48100,47635
965,465,83,1,48100,48183,47718
962,465,96,2,48183,48279,47814
968,466,7,2,48279,48286,47820
969,466,21,1,48286,48307,47841
967,466,27,1,48307,48334,47868
966,466,55,1,48334,48389,47923
970,466,57,1,48389,48446,47980
971,467,42,2,48446,48488,48021
972,468,61,3,48488,48549,48081
974,469,9,3,48549,48558,48089
975,469,63,1,48558,48621,48152
973,469,76,3,48621,48697,48228
976,469,99,1,48697,48796,48327
979,470,15,3,48796,48811,48341
978,470,22,2,48811,48833,48363
977,470,30,3,48833,48863,48393
982,471,42,3,48863,48905,48434
981,471,47,2,48905,48952,48481
983,471,56,2,48952,49008,48537
980,471,78,3,49008,49086,48615
984,472,13,3,49086,49099,48627
985,473,7,2,49099,49106,48633
986,474,10,2,49106,49116,48642
987,474,90,3,49116,49206,48732
988,475,77,2,49206,49283,48808
989,476,71,1,49283,49354,48878
992,477,6,2,49354,49360,48883
991,477,53,2,49360,49413,48936
993,477,55,1,49413,49468,48991
990,477,60,1,49468,49528,49051
994,478,4,3,49528,49532,49054
997,479,50,3,49532,49582,49103
996,479,90,1,49582,49672,49193
995,479,92,1,49672,49764,49285
998,480,62,3,49764,49826,49346
999,481,39,3,49826,49865,49384
1000,482,54,1,49865,49919,49437
1003,483,40,1,49919,49959,49476
1001,483,42,3,49959,50001,49518
1002,483,79,3,50001,50080,49597
1004,484,1,2,50080,50081,49597
1005,485,65,3,50081,50146,49661
1006,486,58,2,50146,50204,49718
1007,487,99,1,50204,50303,49816
1008,488,66,3,50303,50369,49881
1009,489,27,1,50369,50396,49907
1011,490,25,1,50396,50421,49931
1010,490,98,3,50421,50519,50029
1013,491,35,3,50519,50554,50063
1012,491,41,1,50554,50595,50104
1016,492,32,3,50595,50627,50135
1014,492,44,3,50627,50671,50179
1015,492,90,2,50671,50761,50269
1017,493,46,2,50761,50807,50314
1018,494,16,3,50807,50823,50329
1019,495,64,1,50823,50887,50392
1020,495,84,2,50887,50971,50476
1021,496,83,3,50971,51054,50558
1022,497,16,2,51054,51070,50573
1023,497,69,2,51070,51139,50642
1025,498,10,1,51139,51149,50651
1026,498,32,3,51149,51181,50683
1027,498,53,1,51181,51234,50736
1024,498,86,2,51234,51320,50822
1030,499,22,3,51320,51342,50843
1028,499,51,1,51342,51393,50894
1029,499,89,3,51393,51482,50983
1031,500,29,1,51482,51511,51011
1037,501,14,3,51511,51525,51024
1034,501,23,3,51525,51548,51047
1036,501,53,1,51548,51601,51100
1033,501,54,2,51601,51655,51154
1032,501,64,1,51655,51719,51218
1035,501,76,3,51719,51795,51294
1038,502,43,3,51795,51838,51336
1039,502,69,3,51838,51907,51405
1040,503,87,3,51907,51994,51491
1041,504,26,2,51994,52020,51516
1042,505,64,2,52020,52084,51579
1043,506,43,1,52084,52127,51621
1044,506,91,2,52127,52218,51712
1046,507,48,3,52218,52266,51759
1045,507,83,3,52266,52349,51842
1048,508,32,3,52349,52381,51873
1050,508,52,2,52381,52433,51925
1049,508,64,3,52433,52497,51989
1047,508,88,3,52497,52585,52077
1051,509,26,1,52585,52611,52102
1052,509,41,3,52611,52652,52143
1053,510,38,1,52652,52690,52180
1054,510,40,1,52690,52730,52220
1056,510,52,3,52730,52782,52272
1055,510,59,2,52782,52841,52331
1058,511,3,3,52841,52844,52333
1057,511,41,1,52844,52885,52374
1060,511,74,3,52885,52959,52448
1059,511,100,1,52959,53059,52548
1062,512,43,1,53059,53102,52590
1061,512,96,3,53102,53198,52686
1063,513,35,3,53198,53233,52720
1065,513,56,2,53233,53289,52776
1064,513,77,3,53289,53366,52853
1066,514,52,1,53366,53418,52904
1067,515,48,2,53418,53466,52951
1068,516,57,1,53466,53523,53007
1069,517,9,3,53523,53532,53015
1071,517,28,1,53532,53560,53043
1070,517,36,1,53560,53596,53079
1072,518,22,2,53596,53618,53100
1074,519,8,2,53618,53626,53107
1075,519,43,3,53626,53669,53150
1073,519,67,2,53669,53736,53217
1076,520,99,3,53736,53835,53315
1079,521,3,2,53835,53838,53317
1077,521,22,3,53838,53860,53339
1080,521,27,1,53860,53887,53366
1081,521,43,2,53887,53930,53409
1078,521,97,3,53930,54027,53506
1082,522,24,1,54027,54051,53529
1083,523,67,3,54051,54118,53595
1084,524,16,1,54118,54134,53610
1086,525,14,3,54134,54148,53623
1085,525,35,1,54148,54183,53658
1088,526,3,3,54183,54186,53660
1087,526,15,1,54186,54201,53675
1089,526,94,1,54201,54295,53769
1092,527,39,2,54295,54334,53807
1091,527,50,2,54334,54384,53857
1090,527,64,3,54384,54448,53921
1093,528,15,3,54448,54463,53935
1094,529,39,3,54463,54502,53973
1095,530,35,3,54502,54537,54007
1097,530,92,3,54537,54629,54099
1096,530,93,1,54629,54722,54192
1098,531,15,2,54722,54737,54206
1099,531,32,1,54737,54769,54238
1100,531,45,1,54769,54814,54283
1102,532,82,2,54814,54896,54364
1103,532,87,1,54896,54983,54451
1101,532,95,1,54983,55078,54546
1108,533,1,1,55078,55079,54546
1106,533,21,1,55079,55100,54567
1104,533,47,1,55100,55147,54614
1107,533,51,3,55147,55198,54665
1105,533,60,1,55198,55258,54725
1109,534,57,1,55258,55315,54781
1110,535,26,3,55315,55341,54806
1111,535,37,2,55341,55378,54843
1112,536,6,3,55378,55384,54848
1114,537,10,3,55384,55394,54857
1113,537,24,3,55394,55418,54881
1115,538,20,3,55418,55438,54900
1116,538,42,3,55438,55480,54942
1117,538,51,3,55480,55531,54993
1118,539,2,1,55531,55533,54994
1119,540,36,3,55533,55569,55029
1120,541,38,1,55569,55607,55066
1121,542,62,3,55607,55669,55127
1122,543,6,2,55669,55675,55132
1123,543,65,3,55675,55740,55197
1125,544,0,3,55740,55740,55196
1126,544,59,2,55740,55799,55255
1124,544,87,1,55799,55886,55342
1127,545,19,1,55886,55905,55360
1129,546,34,2,55905,55939,55393
1128,546,43,1,55939,55982,55436
1130,546,68,3,55982,56050,55504
1131,547,3,3,56050,56053,55506
1132,547,55,2,56053,56108,55561
1137,548,11,2,56108,56119,55571
1136,548,12,3,56119,56131,55583
1133,548,18,2,56131,56149,55601
1135,548,54,2,56149,56203,55655
1134,548,78,2,56203,56281,55733
1138,549,9,3,56281,56290,55741
1139,549,100,3,56290,56390,55841
1140,550,58,1,56390,56448,55898
1141,550,87,3,56448,56535,55985
1142,551,26,2,56535,56561,56010
1143,552,50,3,56561,56611,56059
1144,552,91,1,56611,56702,56150
1148,553,35,1,56702,56737,56184
1147,553,40,1,56737,56777,56224
1145,553,42,1,56777,56819,56266
1149,553,73,1,56819,56892,56339
1146,553,90,3,56892,56982,56429
1150,554,52,1,56982,57034,56480
1151,555,82,2,57034,57116,56561
1152,556,39,1,57116,57155,56599
1153,556,49,3,57155,57204,56648
1154,556,95,1,57204,57299,56743
1156,557,46,1,57299,57345,56788
1155,557,53,1,57345,57398,56841
1157,558,45,1,57398,57443,56885
1158,559,25,2,57443,57468,56909
1159,560,36,3,57468,57504,56944
1161,560,64,2,57504,57568,57008
1160,560,80,1,57568,57648,57088
1163,561,64,2,57648,57712,57151
1162,561,76,1,57712,57788,57227
1164,562,35,1,57788,57823,57261
1165,562,100,2,57823,57923,57361
1168,563,20,3,57923,57943,57380
1166,563,32,1,57943,57975,57412
1167,563,97,3,57975,58072,57509
1169,564,30,2,58072,58102,57538
1171,565,21,3,58102,58123,57558
1172,565,25,2,58123,58148,57583
1170,565,54,2,58148,58202,57637
1173,566,84,3,58202,58286,57720
1174,567,2,3,58286,58288,57721
1175,567,8,2,58288,58296,57729
1176,568,94,2,58296,58390,57822
1177,569,53,3,58390,58443,57874
1178,569,92,3,58443,58535,57966
1180,569,99,1,58535,58634,58065
1179,569,99,3,58634,58733,58164
1181,570,52,3,58733,58785,58215
1182,571,59,1,58785,58844,58273
1183,572,30,1,58844,58874,58302
1185,573,20,2,58874,58894,58321
1184,573,56,2,58894,58950,58377
1186,574,50,1,58950,59000,58426
1187,575,34,3,59000,59034,58459
1188,575,79,3,59034,59113,58538
1189,576,62,1,59113,59175,58599
1190,577,33,3,59175,59208,58631
1192,578,59,1,59208,59267,58689
1191,578,96,3,59267,59363,58785
1194,579,20,2,59363,59383,58804
1193,579,96,1,59383,59479,58900
1197,580,2,1,59479,59481,58901
1199,580,2,2,59481,59483,58903
1195,580,10,1,59483,59493,58913
1196,580,27,2,59493,59520,58940
1198,580,50,1,59520,59570,58990
1200,581,76,2,59570,59646,59065
1202,582,18,1,59646,59664,59082
1201,582,35,2,59664,59699,59117
1204,583,27,2,59699,59726,59143
1203,583,29,2,59726,59755,59172
1206,584,15,2,59755,59770,59186
1207,584,53,1,59770,59823,59239
1205,584,66,1,59823,59889,59305
1208,584,80,3,59889,59969,59385
1209,585,49,2,59969,60018,59433
1211,586,14,2,60018,60032,59446
1210,586,63,2,60032,60095,59509
1212,587,34,1,60095,60129,59542
1215,588,34,3,60129,60163,59575
1213,588,54,1,60163,60217,59629
1214,588,58,1,60217,60275,59687
1217,589,80,3,60275,60355,59766
1216,589,91,1,60355,60446,59857
1218,590,87,2,60446,60533,59943
1219,591,35,3,60533,60568,59977
1220,591,78,1,60568,60646,60055
1221,591,95,1,60646,60741,60150
1222,592,8,1,60741,60749,60157
1224,592,27,2,60749,60776,60184
1223,592,28,3,60776,60804,60212
1225,592,39,1,60804,60843,60251
1226,593,42,1,60843,60885,60292
1227,594,23,2,60885,60908,60314
1230,594,47,2,60908,60955,60361
1228,594,82,2,60955,61037,60443
1229,594,88,1,61037,61125,60531
1233,595,7,3,61125,61132,60537
1231,595,71,1,61132,61203,60608
1232,595,92,3,61203,61295,60700
1234,595,99,3,61295,61394,60799
1236,596,29,1,61394,61423,60827
1235,596,58,1,61423,61481,60885
1237,597,43,1,61481,61524,60927
1238,598,12,2,61524,61536,60938
1239,599,22,1,61536,61558,60959
1240,600,5,3,61558,61563,60963
1241,601,33,2,61563,61596,60995
1242,602,75,2,61596,61671,61069
1243,602,80,2,61671,61751,61149
1245,603,0,2,61751,61751,61148
1244,603,62,2,61751,61813,61210
1246,603,95,3,61813,61908,61305
1248,604,60,3,61908,61968,61364
1247,604,82,3,61968,62050,61446
1249,605,71,3,62050,62121,61516
1250,606,47,3,62121,62168,61562
1251,606,92,2,62168,62260,61654
1252,607,88,3,62260,62348,61741
1253,608,39,2,62348,62387,61779
1254,609,74,3,62387,62461,61852
1255,610,34,1,62461,62495,61885
1256,611,43,3,62495,62538,61927
1257,611,93,3,62538,62631,62020
1258,612,12,2,62631,62643,62031
1259,613,51,2,62643,62694,62081
1260,614,28,3,62694,62722,62108
1262,615,31,3,62722,62753,62138
1263,615,39,3,62753,62792,62177
1261,615,98,1,62792,62890,62275
1264,616,8,2,62890,62898,62282
1265,617,5,1,62898,62903,62286
1266,618,1,3,62903,62904,62286
1267,618,63,3,62904,62967,62349
1269,619,8,2,62967,62975,62356
1268,619,46,3,62975,63021,62402
1270,620,46,2,63021,63067,62447
1271,620,51,2,63067,63118,62498
1272,620,77,2,63118,63195,62575
1273,621,8,3,63195,63203,62582
1275,622,55,1,63203,63258,62636
1276,622,81,3,63258,63339,62717
1274,622,83,2,63339,63422,62800
1278,623,24,2,63422,63446,62823
1279,623,48,3,63446,63494,62871
1277,623,63,3,63494,63557,62934
1280,624,23,2,63557,63580,62956
1281,625,83,3,63580,63663,63038
1282,626,55,2,63663,63718,63092
1285,627,3,2,63718,63721,63094
1284,627,58,1,63721,63779,63152
1286,627,72,3,63779,63851,63224
1283,627,84,2,63851,63935,63308
1288,628,31,1,63935,63966,63338
1287,628,100,1,63966,64066,63438
1292,629,18,2,64066,64084,63455
1291,629,44,3,64084,64128,63499
1293,629,61,2,64128,64189,63560
1289,629,72,2,64189,64261,63632
1290,629,81,2,64261,64342,63713
1296,630,63,2,64342,64405,63775
1294,630,73,3,64405,64478,63848
1295,630,80,3,64478,64558,63928
1297,631,38,3,64558,64596,63965
1299,632,22,3,64596,64618,63986
1298,632,61,2,64618,64679,64047
1300,633,28,1,64679,64707,64074
1303,634,7,1,64707,64714,64080
1302,634,39,1,64714,64753,64119
1301,634,55,1,64753,64808,64174
1304,634,67,2,64808,64875,64241
1305,634,87,2,64875,64962,64328
1307,635,48,1,64962,65010,64375
1306,635,87,1,65010,65097,64462
1308,636,3,3,65097,65100,64464
1309,636,23,1,65100,65123,64487
1311,636,29,1,65123,65152,64516
1310,636,87,3,65152,65239,64603
1312,637,11,2,65239,65250,64613
1313,638,38,1,65250,65288,64650
1314,638,66,3,65288,65354,64716
1315,639,67,3,65354,65421,64782
1316,640,39,2,65421,65460,64820
1317,641,2,1,65460,65462,64821
1320,642,5,2,65462,65467,64825
1319,642,6,1,65467,65473,64831
1318,642,33,2,65473,65506,64864
1321,642,78,3,65506,65584,64942
1322,643,48,3,65584,65632,64989
1323,644,96,1,65632,65728,65084
1324,645,78,3,65728,65806,65161
1325,645,81,1,65806,65887,65242
1326,645,93,1,65887,65980,65335
1328,646,8,2,65980,65988,65342
1327,646,16,3,65988,66004,65358
1329,646,78,3,66004,66082,65436
1330,647,44,2,66082,66126,65479
1331,647,91,3,66126,66217,65570
1332,648,13,2,66217,66230,65582
1333,649,27,1,66230,66257,65608
1334,650,50,1,66257,66307,65657
1335,651,58,2,66307,66365,65714
1336,652,34,2,66365,66399,65747
1337,652,94,1,66399,66493,65841
1339,653,0,1,66493,66493,65840
1343,653,1,3,66493,66494,65841
1340,653,61,3,66494,66555,65902
1338,653,66,1,66555,66621,65968
1341,653,78,1,66621,66699,66046
1342,653,81,1,66699,66780,66127
1344,654,99,3,66780,66879,66225
1345,654,99,3,66879,66978,66324
1346,655,89,1,66978,67067,66412
1347,656,44,1,67067,67111,66455
1348,657,5,2,67111,67116,66459
1349,657,98,1,67116,67214,66557
1350,658,58,1,67214,67272,66614
1351,659,70,1,67272,67342,66683
1353,659,80,3,67342,67422,66763
1352,659,96,1,67422,67518,66859
1355,660,46,2,67518,67564,66904
1354,660,54,3,67564,67618,66958
1356,661,27,2,67618,67645,66984
1359,661,46,2,67645,67691,67030
1358,661,89,1,67691,67780,67119
1357,661,95,1,67780,67875,67214
1360,661,97,3,67875,67972,67311
1362,662,14,2,67972,67986,67324
1361,662,28,2,67986,68014,67352
1363,663,65,1,68014,68079,67416
1364,664,5,2,68079,68084,67420
1365,665,8,2,68084,68092,67427
1366,666,43,3,68092,68135,67469
1367,666,79,1,68135,68214,67548
1368,667,0,2,68214,68214,67547
1369,668,74,2,68214,68288,67620
1370,669,34,3,68288,68322,67653
1371,670,7,3,68322,68329,67659
1372,670,45,3,68329,68374,67704
1373,670,60,1,68374,68434,67764
1375,670,65,1,68434,68499,67829
1374,670,75,3,68499,68574,67904
1376,670,94,2,68574,68668,67998
1377,671,72,2,68668,68740,68069
1378,672,2,1,68740,68742,68070
1379,673,55,3,68742,68797,68124
1381,674,12,3,68797,68809,68135
1382,674,22,3,68809,68831,68157
1380,674,45,1,68831,68876,68202
1383,675,15,2,68876,68891,68216
1385,676,51,2,68891,68942,68266
1384,676,92,2,68942,69034,68358
1386,677,20,3,69034,69054,68377
1387,677,62,2,69054,69116,68439
1389,677,85,2,69116,69201,68524
1388,677,95,3,69201,69296,68619
1390,678,13,1,69296,69309,68631
1392,679,3,1,69309,69312,68633
1391,679,79,2,69312,69391,68712
1394,680,24,1,69391,69415,68735
1393,680,55,2,69415,69470,68790
1398,680,58,3,69470,69528,68848
1397,680,70,1,69528,69598,68918
1396,680,74,2,69598,69672,68992
1399,680,96,1,69672,69768,69088
1395,680,97,2,69768,69865,69185
1400,681,10,3,69865,69875,69194
1402,682,10,2,69875,69885,69203
1401,682,82,1,69885,69967,69285
1403,683,96,3,69967,70063,69380
1404,684,22,2,70063,70085,69401
1405,685,22,1,70085,70107,69422
1406,686,45,1,70107,70152,69466
1409,687,4,2,70152,70156,69469
1407,687,24,3,70156,70180,69493
1408,687,27,2,70180,70207,69520
1411,688,71,3,70207,70278,69590
1410,688,73,1,70278,70351,69663
1412,689,59,1,70351,70410,69721
1413,689,94,3,70410,70504,69815
1414,690,45,1,70504,70549,69859
1415,691,13,2,70549,70562,69871
1416,691,72,1,70562,70634,69943
1418,692,22,3,70634,70656,69964
1417,692,36,3,70656,70692,70000
1419,692,58,2,70692,70750,70058
1420,692,91,3,70750,70841,70149
1423,693,44,1,70841,70885,70192
1422,693,48,2,70885,70933,70240
1421,693,55,2,70933,70988,70295
1424,693,92,2,70988,71080,70387
1425,694,53,1,71080,71133,70439
1426,695,27,3,71133,71160,70465
1428,696,0,1,71160,71160,70464
1427,696,39,3,71160,71199,70503
1429,696,87,1,71199,71286,70590
1430,697,68,1,71286,71354,70657
1431,698,1,3,71354,71355,70657
1432,698,53,3,71355,71408,70710
1433,698,95,2,71408,71503,70805
1434,699,100,2,71503,71603,70904
1436,700,35,1,71603,71638,70938
1435,700,71,2,71638,71709,71009
1438,701,3,3,71709,71712,71011
1440,701,16,2,71712,71728,71027
1439,701,64,2,71728,71792,71091
1437,701,72,3,71792,71864,71163
1441,702,17,2,71864,71881,71179
1442,703,46,3,71881,71927,71224
1444,703,67,3,71927,71994,71291
1443,703,82,1,71994,72076,71373
1446,704,11,1,72076,72087,71383
1448,704,55,1,72087,72142,71438
1445,704,70,2,72142,72212,71508
1447,704,86,1,72212,72298,71594
1453,705,3,3,72298,72301,71596
1450,705,20,1,72301,72321,71616
1449,705,31,3,72321,72352,71647
1452,705,57,3,72352,72409,71704
1454,705,65,1,72409,72474,71769
1451,705,95,3,72474,72569,71864
1455,706,2,3,72569,72571,71865
1456,706,59,2,72571,72630,71924
1457,707,25,1,72630,72655,71948
1458,708,64,1,72655,72719,72011
1462,709,10,1,72719,72729,72020
1459,709,43,1,72729,72772,72063
1460,709,49,3,72772,72821,72112
1461,709,49,3,72821,72870,72161
1465,710,9,1,72870,72879,72169
1464,710,62,1,72879,72941,72231
1463,710,88,2,72941,73029,72319
1466,711,3,1,73029,73032,72321
1468,712,50,3,73032,73082,72370
1467,712,55,1,73082,73137,72425
1469,713,27,1,73137,73164,72451
1470,714,10,3,73164,73174,72460
1471,714,17,3,73174,73191,72477
1472,715,95,3,73191,73286,72571
1474,716,22,2,73286,73308,72592
1473,716,52,2,73308,73360,72644
1475,717,26,3,73360,73386,72669
1476,717,44,3,73386,73430,72713
1477,717,45,2,73430,73475,72758
1478,718,82,3,73475,73557,72839
1479,719,39,3,73557,73596,72877
1481,720,33,1,73596,73629,72909
1480,720,35,1,73629,73664,72944
1483,721,20,3,73664,73684,72963
1485,721,60,2,73684,73744,73023
1484,721,72,1,73744,73816,73095
1482,721,73,3,73816,73889,73168
1486,722,10,3,73889,73899,73177
1487,723,16,2,73899,73915,73192
1488,723,95,2,73915,74010,73287
1489,724,82,1,74010,74092,73368
1491,725,51,2,74092,74143,73418
1490,725,52,1,74143,74195,73470
1492,726,86,2,74195,74281,73555
1493,726,98,1,74281,74379,73653
1494,726,98,1,74379,74477,73751
1495,727,47,2,74477,74524,73797
1496,727,56,2,74524,74580,73853
1497,728,72,2,74580,74652,73924
1499,729,25,3,74652,74677,73948
1498,729,97,2,74677,74774,74045
1500,730,43,3,74774,74817,74087
1501,731,25,1,74817,74842,74111
1502,732,20,2,74842,74862,74130
1503,733,72,1,74862,74934,74201
1504,734,24,2,74934,74958,74224
1505,735,31,3,74958,74989,74254
1507,736,70,1,74989,75059,74323
1506,736,74,1,75059,75133,74397
1508,737,30,2,75133,75163,74426
1509,738,24,1,75163,75187,74449
1510,739,67,2,75187,75254,74515
1511,739,79,1,75254,75333,74594
1512,739,92,2,75333,75425,74686
1513,740,82,2,75425,75507,74767
1514,741,39,2,75507,75546,74805
1515,742,15,1,75546,75561,74819
1516,743,18,1,75561,75579,74836
1517,744,87,3,75579,75666,74922
1518,745,52,3,75666,75718,74973
1521,746,12,1,75718,75730,74984
1519,746,73,2,75730,75803,75057
1520,746,73,3,75803,75876,75130
1522,747,84,3,75876,75960,75213
1523,748,43,2,75960,76003,75255
1525,749,4,3,76003,76007,75258
1524,749,78,3,76007,76085,75336
1526,750,38,3,76085,76123,75373
1527,751,32,1,76123,76155,75404
1528,751,41,3,76155,76196,75445
1529,752,56,2,76196,76252,75500
1530,752,61,2,76252,76313,75561
1534,753,19,2,76313,76332,75579
1533,753,44,3,76332,76376,75623
1532,753,60,3,76376,76436,75683
1531,753,64,3,76436,76500,75747
1535,753,76,2,76500,76576,75823
1536,754,39,1,76576,76615,75861
1537,754,78,3,76615,76693,75939
1538,755,55,3,76693,76748,75993
1539,755,84,1,76748,76832,76077
1540,756,22,1,76832,76854,76098
1541,756,30,3,76854,76884,76128
1542,757,84,3,76884,76968,76211
1543,758,28,3,76968,76996,76238
1544,759,62,1,76996,77058,76299
1545,760,96,2,77058,77154,76394
1547,761,67,3,77154,77221,76460
1546,761,79,1,77221,77300,76539
1548,762,38,1,77300,77338,76576
1549,763,62,3,77338,77400,76637
1551,764,47,3,77400,77447,76683
1552,764,78,2,77447,77525,76761
1550,764,82,3,77525,77607,76843
1553,765,53,3,77607,77660,76895
1554,765,95,2,77660,77755,76990
1555,766,57,2,77755,77812,77046
1556,766,62,2,77812,77874,77108
1557,767,60,2,77874,77934,77167
1559,768,28,2,77934,77962,77194
1558,768,34,3,77962,77996,77228
1560,769,14,1,77996,78010,77241
1561,770,84,2,78010,78094,77324
1562,771,22,1,78094,78116,77345
1563,771,74,1,78116,78190,77419
1564,772,9,3,78190,78199,77427
1565,773,52,2,78199,78251,77478
1566,774,78,3,78251,78329,77555
1569,775,27,2,78329,78356,77581
1567,775,32,2,78356,78388,77613
1568,775,60,3,78388,78448,77673
1570,776,20,2,78448,78468,77692
1571,777,60,1,78468,78528,77751
1573,778,23,3,78528,78551,77773
1572,778,95,2,78551,78646,77868
1575,779,48,2,78646,78694,77915
1574,779,75,2,78694,78769,77990
1576,780,37,2,78769,78806,78026
1577,781,45,1,78806,78851,78070
1578,781,98,1,78851,78949,78168
1579,782,11,3,78949,78960,78178
1580,783,40,1,78960,79000,78217
1581,784,28,3,79000,79028,78244
1582,785,76,2,79028,79104,78319
1583,785,82,3,79104,79186,78401
1584,786,37,1,79186,79223,78437
1585,787,3,3,79223,79226,78439
1586,788,19,2,79226,79245,78457
1587,788,67,3,79245,79312,78524
1589,789,32,2,79312,79344,78555
1588,789,88,1,79344,79432,78643
1590,790,80,3,79432,79512,78722
1591,791,29,2,79512,79541,78750
1595,792,9,3,79541,79550,78758
1594,792,27,2,79550,79577,78785
1593,792,60,2,79577,79637,78845
1592,792,84,2,79637,79721,78929
1596,793,85,2,79721,79806,79013
1598,794,25,2,79806,79831,79037
1597,794,30,3,79831,79861,79067
1599,794,99,3,79861,79960,79166
1601,795,54,2,79960,80014,79219
1600,795,75,1,80014,80089,79294
1602,796,90,3,80089,80179,79383
1603,797,95,1,80179,80274,79477
1604,798,33,2,80274,80307,79509
1606,799,39,1,80307,80346,79547
1605,799,72,1,80346,80418,79619
1607,799,82,3,80418,80500,79701
1608,800,76,3,80500,80576,79776
1609,801,81,3,80576,80657,79856
1610,802,3,1,80657,80660,79858
1611,803,45,2,80660,80705,79902
1612,804,43,2,80705,80748,79944
1614,804,68,3,80748,80816,80012
1613,804,96,2,80816,80912,80108
1615,805,57,3,80912,80969,80164
1617,806,59,2,80969,81028,80222
1616,806,91,1,81028,81119,80313
1619,807,10,3,81119,81129,80322
1618,807,100,1,81129,81229,80422
1621,808,22,1,81229,81251,80443
1620,808,96,2,81251,81347,80539
1625,809,5,3,81347,81352,80543
1623,809,14,2,81352,81366,80557
1626,809,58,3,81366,81424,80615
1622,809,59,2,81424,81483,80674
1627,809,63,3,81483,81546,80737
1624,809,90,2,81546,81636,80827
1628,810,11,1,81636,81647,80837
1631,811,9,3,81647,81656,80845
1629,811,11,1,81656,81667,80856
1633,811,38,3,81667,81705,80894
1630,811,47,2,81705,81752,80941
1632,811,75,3,81752,81827,81016
1638,812,1,1,81827,81828,81016
1635,812,76,3,81828,81904,81092
1634,812,83,3,81904,81987,81175
1637,812,92,1,81987,82079,81267
1636,812,94,1,82079,82173,81361
1639,813,42,3,82173,82215,81402
1642,814,20,2,82215,82235,81421
1641,814,28,3,82235,82263,81449
1640,814,97,1,82263,82360,81546
1643,815,6,3,82360,82366,81551
1644,816,72,3,82366,82438,81622
1645,816,87,1,82438,82525,81709
1646,817,35,3,82525,82560,81743
1647,818,51,1,82560,82611,81793
1655,819,4,3,82611,82615,81796
1649,819,15,2,82615,82630,81811
1654,819,27,2,82630,82657,81838
1648,819,29,3,82657,82686,81867
1653,819,53,2,82686,82739,81920
1652,819,55,2,82739,82794,81975
1651,819,63,1,82794,82857,82038
1650,819,100,2,82857,82957,82138
1656,820,5,1,82957,82962,82142
1657,820,64,3,82962,83026,82206
1658,821,41,2,83026,83067,82246
1659,821,91,2,83067,83158,82337
1660,822,58,1,83158,83216,82394
1661,823,69,3,83216,83285,82462
1662,824,61,3,83285,83346,82522
1663,824,100,1,83346,83446,82622
1664,825,48,1,83446,83494,82669
1667,826,3,2,83494,83497,82671
1666,826,76,2,83497,83573,82747
1665,826,78,3,83573,83651,82825
1670,827,16,1,83651,83667,82840
1669,827,29,2,83667,83696,82869
1668,827,73,3,83696,83769,82942
1671,828,53,3,83769,83822,82994
1672,829,7,3,83822,83829,83000
1674,830,39,3,83829,83868,83038
1673,830,75,3,83868,83943,83113
1676,831,12,3,83943,83955,83124
1675,831,64,2,83955,84019,83188
1677,832,14,1,84019,84033,83201
1678,833,27,2,84033,84060,83227
1679,834,46,3,84060,84106,83272
1681,835,3,3,84106,84109,83274
1683,835,18,3,84109,84127,83292
1682,835,32,1,84127,84159,83324
1680,835,78,3,84159,84237,83402
1684,836,81,3,84237,84318,83482
1685,837,90,3,84318,84408,83571
1686,838,64,1,84408,84472,83634
1687,839,79,2,84472,84551,83712
1690,840,33,1,84551,84584,83744
1689,840,33,3,84584,84617,83777
1688,840,90,3,84617,84707,83867
1691,841,39,2,84707,84746,83905
1692,842,48,2,84746,84794,83952
1693,843,8,3,84794,84802,83959
1694,844,40,1,84802,84842,83998
1695,845,82,2,84842,84924,84079
1699,846,42,1,84924,84966,84120
1698,846,62,2,84966,85028,84182
1696,846,76,1,85028,85104,84258
1697,846,86,1,85104,85190,84344
1700,847,26,3,85190,85216,84369
1701,847,37,3,85216,85253,84406
1703,848,63,1,85253,85316,84468
1702,848,80,3,85316,85396,84548
1704,849,87,2,85396,85483,84634
1706,850,50,2,85483,85533,84683
1707,850,52,2,85533,85585,84735
1705,850,53,1,85585,85638,84788
1709,851,13,2,85638,85651,84800
1708,851,19,2,85651,85670,84819
1710,852,31,3,85670,85701,84849
1711,853,51,2,85701,85752,84899
1712,854,48,1,85752,85800,84946
1713,854,58,1,85800,85858,85004
1716,855,66,3,85858,85924,85069
1714,855,89,3,85924,86013,85158
1715,855,91,2,86013,86104,85249
1717,856,85,2,86104,86189,85333
1718,857,6,3,86189,86195,85338
1720,857,55,1,86195,86250,85393
1719,857,93,1,86250,86343,85486
1721,858,27,1,86343,86370,85512
1723,859,6,1,86370,86376,85517
1724,859,27,2,86376,86403,85544
1722,859,80,1,86403,86483,85624
1726,860,7,3,86483,86490,85630
1725,860,25,3,86490,86515,85655
1727,861,73,1,86515,86588,85727
1728,862,97,2,86588,86685,85823
1731,863,2,3,86685,86687,85824
1729,863,43,3,86687,86730,85867
1730,863,76,3,86730,86806,85943
1732,864,5,3,86806,86811,85947
1734,865,13,1,86811,86824,85959
1733,865,62,2,86824,86886,86021
1735,866,83,3,86886,86969,86103
1739,867,19,3,86969,86988,86121
1737,867,46,3,86988,87034,86167
1736,867,73,2,87034,87107,86240
1738,867,85,1,87107,87192,86325
1741,868,13,2,87192,87205,86337
1740,868,55,1,87205,87260,86392
1742,868,95,3,87260,87355,86487
1743,869,23,2,87355,87378,86509
1744,870,93,2,87378,87471,86601
1745,871,4,2,87471,87475,86604
1747,872,70,3,87475,87545,86673
1746,872,87,2,87545,87632,86760
1748,873,40,1,87632,87672,86799
1749,874,13,1,87672,87685,86811
1750,875,86,1,87685,87771,86896
1751,876,51,2,87771,87822,86946
1752,877,81,3,87822,87903,87026
1754,878,40,3,87903,87943,87065
1753,878,84,2,87943,88027,87149
1755,879,47,2,88027,88074,87195
1759,880,12,2,88074,88086,87206
1757,880,30,2,88086,88116,87236
1756,880,72,1,88116,88188,87308
1760,880,90,3,88188,88278,87398
1758,880,96,1,88278,88374,87494
1762,881,4,1,88374,88378,87497
1761,881,32,3,88378,88410,87529
1763,882,89,3,88410,88499,87617
1764,883,50,1,88499,88549,87666
1768,884,0,3,88549,88549,87665
1769,884,2,1,88549,88551,87667
1765,884,55,2,88551,88606,87722
1766,884,79,3,88606,88685,87801
1767,884,81,2,88685,88766,87882
1770,885,6,3,88766,88772,87887
1772,886,13,3,88772,88785,87899
1771,886,52,2,88785,88837,87951
1773,887,19,2,88837,88856,87969
1775,887,55,3,88856,88911,88024
1774,887,57,2,88911,88968,88081
1776,887,57,3,88968,89025,88138
1781,888,38,3,89025,89063,88175
1778,888,40,3,89063,89103,88215
1779,888,45,3,89103,89148,88260
1777,888,90,3,89148,89238,88350
1780,888,97,1,89238,89335,88447
1782,889,51,2,89335,89386,88497
1783,890,73,2,89386,89459,88569
1784,891,5,3,89459,89464,88573
1785,891,41,1,89464,89505,88614
1786,892,75,1,89505,89580,88688
1787,893,45,3,89580,89625,88732
1788,894,26,3,89625,89651,88757
1790,895,7,1,89651,89658,88763
1789,895,32,1,89658,89690,88795
1791,896,23,3,89690,89713,88817
1792,896,27,2,89713,89740,88844
1794,897,16,2,89740,89756,88859
1793,897,58,3,89756,89814,88917
1795,898,16,2,89814,89830,88932
1796,899,87,1,89830,89917,89018
1797,899,87,3,89917,90004,89105
1799,900,52,1,90004,90056,89156
1798,900,90,3,90056,90146,89246
1800,901,64,3,90146,90210,89309
1801,902,31,3,90210,90241,89339
1802,902,88,2,90241,90329,89427
1803,903,29,2,90329,90358,89455
1804,903,44,3,90358,90402,89499
1805,903,84,1,90402,90486,89583
1806,904,35,3,90486,90521,89617
1807,904,84,1,90521,90605,89701
1809,905,37,3,90605,90642,89737
1808,905,44,3,90642,90686,89781
1810,906,76,3,90686,90762,89856
1811,907,64,1,90762,90826,89919
1813,908,32,2,90826,90858,89950
1812,908,32,3,90858,90890,89982
1814,909,5,1,90890,90895,89986
1815,910,5,2,90895,90900,89990
1817,910,35,1,90900,90935,90025
1816,910,91,3,90935,91026,90116
1821,911,4,2,91026,91030,90119
1820,911,9,3,91030,91039,90128
1818,911,65,3,91039,91104,90193
1819,911,84,1,91104,91188,90277
1822,912,1,2,91188,91189,90277
1824,913,0,1,91189,91189,90276
1823,913,54,3,91189,91243,90330
1825,913,66,2,91243,91309,90396
1826,914,49,1,91309,91358,90444
1828,915,12,1,91358,91370,90455
1827,915,97,1,91370,91467,90552
1829,916,71,2,91467,91538,90622
1830,917,13,2,91538,91551,90634
1832,918,3,1,91551,91554,90636
1831,918,92,1,91554,91646,90728
1833,919,6,3,91646,91652,90733
1834,919,22,2,91652,91674,90755
1837,920,0,3,91674,91674,90754
1836,920,29,3,91674,91703,90783
1835,920,87,2,91703,91790,90870
1838,921,49,1,91790,91839,90918
1839,921,71,2,91839,91910,90989
1840,922,94,1,91910,92004,91082
1841,923,4,3,92004,92008,91085
1842,923,14,2,92008,92022,91099
1844,923,79,3,92022,92101,91178
1843,923,100,3,92101,92201,91278
1849,924,16,3,92201,92217,91293
1848,924,26,1,92217,92243,91319
1845,924,74,2,92243,92317,91393
1846,924,75,1,92317,92392,91468
1847,924,98,1,92392,92490,91566
1850,925,74,1,92490,92564,91639
1851,925,92,1,92564,92656,91731
1852,926,3,2,92656,92659,91733
1853,926,20,2,92659,92679,91753
1856,927,5,3,92679,92684,91757
1854,927,34,2,92684,92718,91791
1855,927,73,1,92718,92791,91864
1860,928,14,1,92791,92805,91877
1857,928,66,3,92805,92871,91943
1858,928,73,1,92871,92944,92016
1859,928,78,2,92944,93022,92094
1862,929,67,2,93022,93089,92160
1861,929,70,1,93089,93159,92230
1863,930,68,2,93159,93227,92297
1864,931,11,2,93227,93238,92307
1865,932,59,3,93238,93297,92365
1866,933,32,3,93297,93329,92396
1867,933,44,1,93329,93373,92440
1868,934,52,1,93373,93425,92491
1870,935,12,1,93425,93437,92502
1869,935,80,1,93437,93517,92582
1871,936,98,3,93517,93615,92679
1872,937,33,2,93615,93648,92711
1873,937,38,1,93648,93686,92749
1874,938,46,3,93686,93732,92794
1876,938,47,3,93732,93779,92841
1875,938,64,1,93779,93843,92905
1878,939,16,1,93843,93859,92920
1879,939,61,2,93859,93920,92981
1877,939,64,3,93920,93984,93045
1880,940,38,2,93984,94022,93082
1882,941,7,2,94022,94029,93088
1881,941,13,1,94029,94042,93101
1883,941,18,3,94042,94060,93119
1884,942,33,1,94060,94093,93151
1885,942,34,2,94093,94127,93185
1886,942,40,3,94127,94167,93225
1890,943,3,2,94167,94170,93227
1888,943,22,1,94170,94192,93249
1887,943,27,2,94192,94219,93276
1891,943,77,1,94219,94296,93353
1889,943,99,3,94296,94395,93452
1892,944,76,1,94395,94471,93527
1893,944,96,1,94471,94567,93623
1897,945,23,1,94567,94590,93645
1895,945,30,2,94590,94620,93675
1896,945,41,1,94620,94661,93716
1894,945,57,2,94661,94718,93773
1898,945,65,1,94718,94783,93838
1899,946,2,1,94783,94785,93839
1901,946,9,1,94785,94794,93848
1900,946,39,1,94794,94833,93887
1902,947,80,1,94833,94913,93966
1903,948,5,2,94913,94918,93970
1904,948,71,3,94918,94989,94041
1905,949,2,1,94989,94991,94042
1906,950,2,3,94991,94993,94043
1907,951,58,1,94993,95051,94100
1910,952,56,2,95051,95107,94155
1908,952,57,3,95107,95164,94212
1909,952,75,3,95164,95239,94287
1911,953,64,2,95239,95303,94350
1912,954,15,3,95303,95318,94364
1913,954,17,1,95318,95335,94381
1914,955,54,1,95335,95389,94434
1915,956,56,1,95389,95445,94489
1916,957,45,3,95445,95490,94533
1917,957,75,3,95490,95565,94608
1918,957,86,2,95565,95651,94694
1919,957,93,2,95651,95744,94787
1921,958,70,3,95744,95814,94856
1920,958,86,2,95814,95900,94942
1923,959,59,1,95900,95959,95000
1922,959,76,1,95959,96035,95076
1924,960,82,2,96035,96117,95157
1925,961,39,2,96117,96156,95195
1926,962,25,1,96156,96181,95219
1927,963,14,1,96181,96195,95232
1928,964,54,3,96195,96249,95285
1930,965,0,3,96249,96249,95284
1929,965,17,3,96249,96266,95301
1934,966,26,1,96266,96292,95326
1935,966,77,3,96292,96369,95403
1932,966,84,2,96369,96453,95487
1933,966,86,1,96453,96539,95573
1931,966,90,3,96539,96629,95663
1936,967,9,2,96629,96638,95671
1937,967,17,3,96638,96655,95688
1938,967,95,2,96655,96750,95783
1939,968,26,3,96750,96776,95808
1941,969,49,1,96776,96825,95856
1940,969,70,2,96825,96895,95926
1942,970,66,3,96895,96961,95991
1943,971,55,2,96961,97016,96045
1947,972,3,2,97016,97019,96047
1945,972,6,1,97019,97025,96053
1948,972,11,3,97025,97036,96064
1944,972,51,1,97036,97087,96115
1946,972,64,1,97087,97151,96179
1949,972,100,2,97151,97251,96279
1950,973,78,1,97251,97329,96356
1952,974,9,3,97329,97338,96364
1953,974,11,3,97338,97349,96375
1951,974,69,3,97349,97418,96444
1955,974,71,1,97418,97489,96515
1954,974,96,3,97489,97585,96611
1956,975,52,3,97585,97637,96662
1957,976,67,1,97637,97704,96728
1959,977,18,3,97704,97722,96745
1958,977,99,1,97722,97821,96844
1960,978,71,2,97821,97892,96914
1965,979,2,2,97892,97894,96915
1963,979,65,2,97894,97959,96980
1962,979,82,3,97959,98041,97062
1964,979,83,3,98041,98124,97145
1961,979,88,3,98124,98212,97233
1966,980,1,3,98212,98213,97233
1968,980,81,1,98213,98294,97314
1967,980,84,3,98294,98378,97398
1970,981,21,1,98378,98399,97418
1972,981,56,3,98399,98455,97474
1969,981,74,1,98455,98529,97548
1971,981,79,3,98529,98608,97627
1974,982,3,3,98608,98611,97629
1975,982,11,2,98611,98622,97640
1978,982,13,3,98622,98635,97653
1977,982,49,3,98635,98684,97702
1976,982,58,1,98684,98742,97760
1973,982,63,1,98742,98805,97823
1979,983,52,2,98805,98857,97874
1980,984,5,3,98857,98862,97878
1981,984,22,3,98862,98884,97900
1982,985,98,3,98884,98982,97997
1983,986,10,1,98982,98992,98006
1984,986,98,3,98992,99090,98104
1986,987,39,2,99090,99129,98142
1987,987,42,2,99129,99171,98184
1985,987,46,1,99171,99217,98230
1989,988,13,3,99217,99230,98242
1990,988,39,2,99230,99269,98281
1988,988,88,2,99269,99357,98369
1991,989,41,3,99357,99398,98409
1993,990,67,2,99398,99465,98475
1992,990,68,3,99465,99533,98543
1994,991,49,2,99533,99582,98591
1995,991,56,1,99582,99638,98647
1996,992,68,1,99638,99706,98714
1997,993,75,2,99706,99781,98788
2003,994,11,2,99781,99792,98798
2002,994,12,1,99792,99804,98810
2001,994,15,2,99804,99819,98825
1998,994,36,2,99819,99855,98861
2004,994,52,2,99855,99907,98913
1999,994,64,1,99907,99971,98977
2000,994,93,1,99971,100064,99070
2005,995,100,1,100064,100164,99169
2006,996,9,3,100164,100173,99177
2007,997,25,2,100173,100198,99201
2009,998,30,1,100198,100228,99230
2008,998,64,2,100228,100292,99294
2011,998,83,3,100292,100375,99377
2010,998,87,1,100375,100462,99464
2012,999,25,3,100462,100487,99488
2013,999,74,3,100487,100561,99562
2014,1000,67,3,100561,100628,99628
2017,1001,12,1,100628,100640,99639
2016,1001,63,2,100640,100703,99702
2015,1001,66,2,100703,100769,99768
2018,1002,80,3,100769,100849,99847
2019,1002,88,1,100849,100937,99935
2020,1003,99,3,100937,101036,100033
2021,1004,46,1,101036,101082,100078
2022,1004,63,2,101082,101145,100141
2023,1004,64,3,101145,101209,100205
2024,1005,58,1,101209,101267,100262
2025,1006,56,1,101267,101323,100317
2026,1006,89,2,101323,101412,100406
2030,1007,16,2,101412,101428,100421
2031,1007,20,1,101428,101448,100441
2029,1007,64,3,101448,101512,100505
2028,1007,77,3,101512,101589,100582
2027,1007,82,3,101589,101671,100664
2032,1008,44,1,101671,101715,100707
2033,1009,68,2,101715,101783,100774
2034,1010,89,3,101783,101872,100862
2035,1011,97,1,101872,101969,100958
2036,1012,68,3,101969,102037,101025
2037,1013,52,2,102037,102089,101076
2038,1014,96,2,102089,102185,101171
2039,1015,46,2,102185,102231,101216
2040,1015,90,3,102231,102321,101306
2041,1016,100,1,102321,102421,101405
2042,1017,63,2,102421,102484,101467
2043,1017,73,3,102484,102557,101540
2045,1018,11,2,102557,102568,101550
2044,1018,36,1,102568,102604,101586
2046,1019,49,3,102604,102653,101634
2047,1020,24,2,102653,102677,101657
2048,1021,55,3,102677,102732,101711
2049,1022,100,1,102732,102832,101810
2051,1023,0,2,102832,102832,101809
2050,1023,59,2,102832,102891,101868
2054,1024,1,3,102891,102892,101868
2057,1024,9,3,102892,102901,101877
2059,1024,14,1,102901,102915,101891
2058,1024,25,2,102915,102940,101916
2056,1024,49,1,102940,102989,101965
2053,1024,56,2,102989,103045,102021
2052,1024,58,1,103045,103103,102079
2055,1024,92,2,103103,103195,102171
2061,1025,32,1,103195,103227,102202
2060,1025,95,3,103227,103322,102297
2062,1026,1,2,103322,103323,102297
2063,1026,88,2,103323,103411,102385
2064,1026,91,3,103411,103502,102476
2065,1027,43,3,103502,103545,102518
2066,1028,25,1,103545,103570,102542
2067,1029,77,2,103570,103647,102618
2068,1030,6,2,103647,103653,102623
2069,1031,2,1,103653,103655,102624
2070,1032,34,2,103655,103689,102657
2071,1032,55,3,103689,103744,102712
2072,1033,14,2,103744,103758,102725
2073,1034,2,1,103758,103760,102726
2074,1035,97,1,103760,103857,102822
2076,1036,30,2,103857,103887,102851
2077,1036,85,1,103887,103972,102936
2075,1036,93,1,103972,104065,103029
2078,1037,42,3,104065,104107,103070
2079,1037,72,2,104107,104179,103142
2081,1037,81,3,104179,104260,103223
2080,1037,82,3,104260,104342,103305
2082,1038,67,2,104342,104409,103371
2083,1039,50,2,104409,104459,103420
2084,1040,0,3,104459,104459,103419
2086,1041,0,3,104459,104459,103418
2085,1041,15,1,104459,104474,103433
2087,1042,27,3,104474,104501,103459
2091,1043,66,3,104501,104567,103524
2089,1043,81,3,104567,104648,103605
2088,1043,85,3,104648,104733,103690
2090,1043,97,2,104733,104830,103787
2092,1044,28,1,104830,104858,103814
2093,1045,49,3,104858,104907,103862
2095,1046,9,2,104907,104916,103870
2094,1046,76,1,104916,104992,103946
2098,1047,8,1,104992,105000,103953
2097,1047,58,3,105000,105058,104011
2096,1047,81,2,105058,105139,104092
2102,1048,47,3,105139,105186,104138
2101,1048,52,3,105186,105238,104190
2100,1048,83,1,105238,105321,104273
2099,1048,93,3,105321,105414,104366
2105,1049,3,2,105414,105417,104368
2103,1049,15,3,105417,105432,104383
2106,1049,90,3,105432,105522,104473
2104,1049,99,1,105522,105621,104572
2108,1050,33,1,105621,105654,104604
2107,1050,50,3,105654,105704,104654
2110,1051,41,1,105704,105745,104694
2109,1051,53,2,105745,105798,104747
2112,1052,38,1,105798,105836,104784
2111,1052,72,1,105836,105908,104856
2113,1052,94,1,105908,106002,104950
2114,1053,13,1,106002,106015,104962
2115,1053,13,2,106015,106028,104975
2117,1054,23,2,106028,106051,104997
2116,1054,90,2,106051,106141,105087
2118,1055,2,1,106141,106143,105088
2119,1056,24,3,106143,106167,105111
2121,1057,24,3,106167,106191,105134
2120,1057,70,1,106191,106261,105204
2122,1058,7,1,106261,106268,105210
2123,1059,13,1,106268,106281,105222
2125,1059,43,3,106281,106324,105265
2124,1059,78,3,106324,106402,105343
2128,1060,27,2,106402,106429,105369
2126,1060,67,2,106429,106496,105436
2127,1060,79,2,106496,106575,105515
2129,1061,14,3,106575,106589,105528
2130,1062,59,1,106589,106648,105586
2131,1063,61,3,106648,106709,105646
2132,1064,27,3,106709,106736,105672
2133,1065,56,3,106736,106792,105727
2134,1066,41,2,106792,106833,105767
2135,1066,70,3,106833,106903,105837
2136,1067,84,2,106903,106987,105920
2138,1068,4,1,106987,106991,105923
2140,1068,15,1,106991,107006,105938
2137,1068,55,3,107006,107061,105993
2141,1068,72,3,107061,107133,106065
2139,1068,97,2,107133,107230,106162
2145,1069,2,2,107230,107232,106163
2143,1069,7,1,107232,107239,106170
2146,1069,21,2,107239,107260,106191
2144,1069,53,3,107260,107313,106244
2142,1069,93,3,107313,107406,106337
2147,1070,51,2,107406,107457,106387
2148,1070,86,1,107457,107543,106473
2150,1071,54,2,107543,107597,106526
2149,1071,76,2,107597,107673,106602
2151,1071,86,2,107673,107759,106688
2152,1072,6,2,107759,107765,106693
2153,1072,25,2,107765,107790,106718
2154,1073,15,2,107790,107805,106732
2155,1073,63,3,107805,107868,106795
2156,1074,0,2,107868,107868,106794
2157,1074,29,2,107868,107897,106823
2158,1074,65,3,107897,107962,106888
2159,1074,84,3,107962,108046,106972
2160,1075,67,3,108046,108113,107038
2161,1076,98,3,108113,108211,107135
2162,1077,35,2,108211,108246,107169
2163,1077,94,3,108246,108340,107263
2165,1078,25,1,108340,108365,107287
2164,1078,33,3,108365,108398,107320
2166,1078,80,1,108398,108478,107400
2170,1079,22,3,108478,108500,107421
2167,1079,28,1,108500,108528,107449
2168,1079,63,1,108528,108591,107512
2169,1079,81,2,108591,108672,107593
2171,1080,25,1,108672,108697,107617
2172,1080,86,3,108697,108783,107703
2174,1081,20,2,108783,108803,107722
2175,1081,46,2,108803,108849,107768
2173,1081,47,2,108849,108896,107815
2176,1082,9,2,108896,108905,107823
2178,1082,64,2,108905,108969,107887
2177,1082,75,1,108969,109044,107962
2180,1083,15,2,109044,109059,107976
2179,1083,46,3,109059,109105,108022
2181,1083,79,1,109105,109184,108101
2182,1084,21,2,109184,109205,108121
2185,1085,15,2,109205,109220,108135
2183,1085,47,2,109220,109267,108182
2184,1085,75,2,109267,109342,108257
2186,1086,11,2,109342,109353,108267
2188,1086,18,2,109353,109371,108285
2187,1086,72,2,109371,109443,108357
2189,1087,5,1,109443,109448,108361
2190,1088,83,3,109448,109531,108443
2191,1089,82,1,109531,109613,108524
2192,1090,90,3,109613,109703,108613
2193,1091,48,1,109703,109751,108660
2196,1092,46,3,109751,109797,108705
2195,1092,54,2,109797,109851,108759
2194,1092,68,1,109851,109919,108827
2197,1093,94,2,109919,110013,108920
2198,1094,39,2,110013,110052,108958
2199,1094,87,2,110052,110139,109045
2201,1095,44,1,110139,110183,109088
2200,1095,51,3,110183,110234,109139
2202,1095,55,3,110234,110289,109194
2203,1096,60,3,110289,110349,109253
2204,1096,94,3,110349,110443,109347
2205,1097,77,1,110443,110520,109423
2206,1098,51,3,110520,110571,109473
2207,1099,1,3,110571,110572,109473
2208,1100,6,1,110572,110578,109478
2209,1100,13,2,110578,110591,109491
2210,1100,41,2,110591,110632,109532
2211,1100,45,1,110632,110677,109577
2212,1100,49,3,110677,110726,109626
2213,1100,60,3,110726,110786,109686
2214,1100,71,1,110786,110857,109757
2216,1101,2,3,110857,110859,109758
2219,1101,3,3,110859,110862,109761
2215,1101,13,2,110862,110875,109774
2218,1101,22,3,110875,110897,109796
2217,1101,76,1,110897,110973,109872
2220,1102,30,3,110973,111003,109901
2221,1103,23,1,111003,111026,109923
2222,1104,78,1,111026,111104,110000
2223,1104,94,2,111104,111198,110094
2224,1105,74,1,111198,111272,110167
2225,1106,85,3,111272,111357,110251
2226,1107,0,3,111357,111357,110250
2227,1107,73,3,111357,111430,110323
2228,1108,19,1,111430,111449,110341
2230,1109,0,1,111449,111449,110340
2229,1109,91,3,111449,111540,110431
2231,1110,65,2,111540,111605,110495
2232,1111,42,1,111605,111647,110536
2233,1111,61,3,111647,111708,110597
2234,1112,71,2,111708,111779,110667
2236,1113,5,1,111779,111784,110671
2237,1113,26,3,111784,111810,110697
2235,1113,40,3,111810,111850,110737
2239,1114,40,3,111850,111890,110776
2238,1114,55,2,111890,111945,110831
2241,1115,8,2,111945,111953,110838
2240,1115,54,1,111953,112007,110892
2243,1116,8,2,112007,112015,110899
2242,1116,100,2,112015,112115,110999
2245,1117,52,2,112115,112167,111050
2244,1117,90,2,112167,112257,111140
2246,1118,52,2,112257,112309,111191
2248,1119,11,2,112309,112320,111201
2247,1119,33,3,112320,112353,111234
2251,1119,67,3,112353,112420,111301
2250,1119,71,1,112420,112491,111372
2249,1119,79,3,112491,112570,111451
2252,1120,43,1,112570,112613,111493
2253,1121,16,2,112613,112629,111508
2255,1122,5,2,112629,112634,111512
2254,1122,100,2,112634,112734,111612
2256,1123,15,3,112734,112749,111626
2257,1124,67,1,112749,112816,111692
2259,1125,54,1,112816,112870,111745
2260,1125,65,2,112870,112935,111810
2258,1125,97,1,112935,113032,111907
2261,1126,3,1,113032,113035,111909
2262,1126,8,2,113035,113043,111917
2263,1127,8,3,113043,113051,111924
2265,1128,35,3,113051,113086,111958
2264,1128,85,3,113086,113171,112043
2266,1129,53,3,113171,113224,112095
2267,1129,83,3,113224,113307,112178
2268,1130,68,1,113307,113375,112245
2269,1130,98,2,113375,113473,112343
2270,1131,88,3,113473,113561,112430
2271,1132,31,1,113561,113592,112460
2272,1133,57,2,113592,113649,112516
2273,1134,3,1,113649,113652,112518
2274,1135,93,3,113652,113745,112610
2275,1136,32,1,113745,113777,112641
2276,1137,27,2,113777,113804,112667
2277,1138,15,2,113804,113819,112681
2278,1138,18,1,113819,113837,112699
2280,1139,52,3,113837,113889,112750
2279,1139,90,1,113889,113979,112840
2283,1140,12,2,113979,113991,112851
2284,1140,20,2,113991,114011,112871
2281,1140,28,3,114011,114039,112899
2282,1140,58,2,114039,114097,112957
2287,1141,1,3,114097,114098,112957
2288,1141,43,2,114098,114141,113000
2285,1141,48,1,114141,114189,113048
2286,1141,97,3,114189,114286,113145
2290,1142,50,2,114286,114336,113194
2289,1142,65,3,114336,114401,113259
2291,1143,53,1,114401,114454,113311
2292,1144,48,2,114454,114502,113358
2293,1144,49,1,114502,114551,113407
2294,1145,0,3,114551,114551,113406
2295,1145,13,1,114551,114564,113419
2296,1145,67,2,114564,114631,113486
2298,1146,42,1,114631,114673,113527
2297,1146,74,2,114673,114747,113601
2299,1147,33,1,114747,114780,113633
2300,1147,62,2,114780,114842,113695
2301,1148,58,2,114842,114900,113752
2303,1149,20,2,114900,114920,113771
2302,1149,26,3,114920,114946,113797
2305,1149,80,1,114946,115026,113877
2306,1149,92,2,115026,115118,113969
2304,1149,100,1,115118,115218,114069
2307,1150,43,1,115218,115261,114111
2308,1151,19,3,115261,115280,114129
2309,1151,66,3,115280,115346,114195
2310,1152,1,3,115346,115347,114195
2312,1153,52,2,115347,115399,114246
2311,1153,81,1,115399,115480,114327
2314,1154,6,3,115480,115486,114332
2313,1154,19,2,115486,115505,114351
2316,1155,54,1,115505,115559,114404
2315,1155,69,1,115559,115628,114473
2317,1156,17,2,115628,115645,114489
2320,1157,22,2,115645,115667,114510
2318,1157,25,3,115667,115692,114535
2319,1157,48,2,115692,115740,114583
2326,1158,8,3,115740,115748,114590
2324,1158,17,2,115748,115765,114607
2323,1158,29,2,115765,115794,114636
2325,1158,58,1,115794,115852,114694
2321,1158,75,2,115852,115927,114769
2322,1158,81,1,115927,116008,114850
2327,1159,14,2,116008,116022,114863
2328,1160,25,1,116022,116047,114887
2329,1161,6,1,116047,116053,114892
2330,1162,27,1,116053,116080,114918
2331,1163,6,3,116080,116086,114923
2332,1163,68,3,116086,116154,114991
2333,1164,51,2,116154,116205,115041
2335,1165,30,1,116205,116235,115070
2334,1165,43,2,116235,116278,115113
2336,1166,11,3,116278,116289,115123
2338,1167,43,3,116289,116332,115165
2337,1167,49,1,116332,116381,115214
2339,1167,71,2,116381,116452,115285
2340,1167,84,1,116452,116536,115369
2342,1168,70,1,116536,116606,115438
2341,1168,96,2,116606,116702,115534
2343,1169,35,1,116702,116737,115568
2344,1169,80,3,116737,116817,115648
2347,1170,52,3,116817,116869,115699
2346,1170,74,1,116869,116943,115773
2345,1170,88,3,116943,117031,115861
2349,1171,21,1,117031,117052,115881
2355,1171,38,2,117052,117090,115919
2353,1171,53,2,117090,117143,115972
2351,1171,72,2,117143,117215,116044
2350,1171,81,1,117215,117296,116125
2354,1171,82,2,117296,117378,116207
2348,1171,83,3,117378,117461,116290
2352,1171,85,3,117461,117546,116375
2357,1172,3,2,117546,117549,116377
2356,1172,44,1,117549,117593,116421
2358,1173,3,1,117593,117596,116423
2360,1174,29,1,117596,117625,116451
2359,1174,46,3,117625,117671,116497
2361,1175,85,3,117671,117756,116581
2363,1176,58,3,117756,117814,116638
2362,1176,62,2,117814,117876,116700
2365,1177,37,3,117876,117913,116736
2366,1177,92,2,117913,118005,116828
2364,1177,96,2,118005,118101,116924
2367,1177,98,2,118101,118199,117022
2368,1178,71,3,118199,118270,117092
2371,1179,23,1,118270,118293,117114
2369,1179,48,1,118293,118341,117162
2370,1179,97,1,118341,118438,117259
2372,1180,7,2,118438,118445,117265
2373,1180,33,2,118445,118478,117298
2374,1181,55,3,118478,118533,117352
2375,1182,36,3,118533,118569,117387
2377,1183,17,1,118569,118586,117403
2376,1183,57,2,118586,118643,117460
2378,1184,67,1,118643,118710,117526
2379,1185,60,1,118710,118770,117585
2380,1185,79,2,118770,118849,117664
2382,1186,23,1,118849,118872,117686
2381,1186,45,3,118872,118917,117731
2385,1187,2,2,118917,118919,117732
2383,1187,24,2,118919,118943,117756
2384,1187,52,1,118943,118995,117808
2387,1188,37,3,118995,119032,117844
2386,1188,53,2,119032,119085,117897
2388,1189,36,2,119085,119121,117932
2389,1190,76,1,119121,119197,118007
2390,1190,93,1,119197,119290,118100
2391,1191,3,2,119290,119293,118102
2392,1192,25,1,119293,119318,118126
2393,1193,76,1,119318,119394,118201
2394,1194,22,2,119394,119416,118222
2395,1195,0,3,119416,119416,118221
2398,1196,0,3,119416,119416,118220
2396,1196,10,2,119416,119426,118230
2397,1196,60,3,119426,119486,118290
2399,1197,42,2,119486,119528,118331
2400,1197,49,1,119528,119577,118380
2402,1198,88,1,119577,119665,118467
2401,1198,90,1,119665,119755,118557
2404,1199,4,1,119755,119759,118560
2403,1199,32,1,119759,119791,118592
2407,1200,6,3,119791,119797,118597
2410,1200,7,3,119797,119804,118604
2409,1200,34,2,119804,119838,118638
2405,1200,41,3,119838,119879,118679
2408,1200,55,1,119879,119934,118734
2406,1200,94,3,119934,120028,118828
2411,1201,48,1,120028,120076,118875
2412,1202,72,3,120076,120148,118946
2413,1202,78,1,120148,120226,119024
2414,1202,80,1,120226,120306,119104
2415,1203,95,1,120306,120401,119198
2416,1204,41,2,120401,120442,119238
2417,1205,48,1,120442,120490,119285
2418,1206,90,2,120490,120580,119374
2419,1207,59,3,120580,120639,119432
2420,1208,44,2,120639,120683,119475
2421,1208,67,1,120683,120750,119542
2422,1208,90,1,120750,120840,119632
2423,1209,2,1,120840,120842,119633
2424,1210,27,2,120842,120869,119659
2425,1211,46,2,120869,120915,119704
2426,1211,95,3,120915,121010,119799
2427,1212,24,1,121010,121034,119822
2429,1213,28,3,121034,121062,119849
2428,1213,94,3,121062,121156,119943
2430,1214,27,1,121156,121183,119969
2432,1215,17,2,121183,121200,119985
2433,1215,65,1,121200,121265,120050
2431,1215,69,2,121265,121334,120119
2434,1215,78,1,121334,121412,120197
2435,1216,13,2,121412,121425,120209
2436,1216,58,1,121425,121483,120267
2437,1217,21,1,121483,121504,120287
2439,1218,84,3,121504,121588,120370
2438,1218,87,2,121588,121675,120457
2440,1219,28,2,121675,121703,120484
2441,1219,42,1,121703,121745,120526
2442,1220,29,3,121745,121774,120554
2443,1221,83,2,121774,121857,120636
2444,1222,88,1,121857,121945,120723
2448,1223,45,1,121945,121990,120767
2449,1223,45,3,121990,122035,120812
2446,1223,57,1,122035,122092,120869
2447,1223,66,2,122092,122158,120935
2445,1223,74,3,122158,122232,121009
2450,1224,77,2,122232,122309,121085
2451,1225,9,1,122309,122318,121093
2452,1226,6,3,122318,122324,121098
2454,1226,11,3,122324,122335,121109
2453,1226,69,3,122335,122404,121178
2458,1227,53,1,122404,122457,121230
2457,1227,56,2,122457,122513,121286
2455,1227,90,3,122513,122603,121376
2456,1227,91,3,122603,122694,121467
2459,1228,38,1,122694,122732,121504
2461,1229,12,2,122732,122744,121515
2460,1229,68,2,122744,122812,121583
2463,1230,16,1,122812,122828,121598
2462,1230,16,3,122828,122844,121614
2464,1230,99,3,122844,122943,121713
2466,1231,10,2,122943,122953,121722
2465,1231,97,3,122953,123050,121819
2469,1232,19,3,123050,123069,121837
2468,1232,26,3,123069,123095,121863
2467,1232,92,1,123095,123187,121955
2472,1233,13,2,123187,123200,121967
2470,1233,27,3,123200,123227,121994
2471,1233,61,2,123227,123288,122055
2473,1233,86,2,123288,123374,122141
2474,1234,13,1,123374,123387,122153
2475,1235,98,3,123387,123485,122250
2476,1236,76,2,123485,123561,122325
2477,1237,16,1,123561,123577,122340
2478,1238,48,2,123577,123625,122387
2479,1239,24,2,123625,123649,122410
2480,1240,61,3,123649,123710,122470
2481,1241,26,2,123710,123736,122495
2482,1242,54,1,123736,123790,122548
2483,1243,30,2,123790,123820,122577
2484,1244,21,2,123820,123841,122597
2486,1244,53,2,123841,123894,122650
2485,1244,97,3,123894,123991,122747
2487,1245,46,3,123991,124037,122792
2490,1246,37,2,124037,124074,122828
2488,1246,47,2,124074,124121,122875
2489,1246,53,2,124121,124174,122928
2491,1247,84,3,124174,124258,123011
2492,1247,97,2,124258,124355,123108
2493,1248,3,1,124355,124358,123110
2495,1249,13,2,124358,124371,123122
2494,1249,15,3,124371,124386,123137
2497,1250,51,3,124386,124437,123187
2496,1250,88,1,124437,124525,123275
2498,1251,44,2,124525,124569,123318
2499,1251,65,1,124569,124634,123383
2500,1251,80,3,124634,124714,123463
2501,1252,73,1,124714,124787,123535
2504,1253,27,3,124787,124814,123561
2502,1253,80,3,124814,124894,123641
2503,1253,81,2,124894,124975,123722
2505,1254,0,3,124975,124975,123721
2507,1255,33,3,124975,125008,123753
2506,1255,92,3,125008,125100,123845
2508,1256,46,1,125100,125146,123890
2509,1257,21,3,125146,125167,123910
2510,1258,34,3,125167,125201,123943
2511,1259,82,1,125201,125283,124024
2512,1260,13,2,125283,125296,124036
2514,1261,19,2,125296,125315,124054
2513,1261,66,1,125315,125381,124120
2515,1262,19,1,125381,125400,124138
2516,1263,4,3,125400,125404,124141
2517,1264,27,1,125404,125431,124167
2518,1264,31,1,125431,125462,124198
2519,1265,94,2,125462,125556,124291
2520,1266,33,1,125556,125589,124323
2521,1267,12,3,125589,125601,124334
2522,1267,82,1,125601,125683,124416
2523,1268,21,3,125683,125704,124436
2524,1268,47,3,125704,125751,124483
2529,1269,7,1,125751,125758,124489
2525,1269,39,3,125758,125797,124528
2527,1269,39,3,125797,125836,124567
2526,1269,55,1,125836,125891,124622
2528,1269,81,1,125891,125972,124703
2530,1270,3,3,125972,125975,124705
2535,1271,27,3,125975,126002,124731
2536,1271,38,1,126002,126040,124769
2533,1271,41,3,126040,126081,124810
2532,1271,52,1,126081,126133,124862
2534,1271,59,3,126133,126192,124921
2531,1271,69,1,126192,126261,124990
2538,1272,34,1,126261,126295,125023
2539,1272,47,1,126295,126342,125070
2537,1272,87,3,126342,126429,125157
2543,1273,2,3,126429,126431,125158
2541,1273,10,1,126431,126441,125168
2542,1273,50,1,126441,126491,125218
2540,1273,81,3,126491,126572,125299
2544,1274,24,2,126572,126596,125322
2545,1274,94,2,126596,126690,125416
2546,1275,28,1,126690,126718,125443
2547,1276,59,2,126718,126777,125501
2548,1276,69,1,126777,126846,125570
2549,1276,82,3,126846,126928,125652
2550,1277,4,3,126928,126932,125655
2551,1278,20,2,126932,126952,125674
2552,1278,58,3,126952,127010,125732
2554,1279,40,2,127010,127050,125771
2555,1279,49,3,127050,127099,125820
2553,1279,68,3,127099,127167,125888
2556,1279,80,1,127167,127247,125968
2557,1280,48,2,127247,127295,126015
2558,1280,48,3,127295,127343,126063
2559,1281,28,1,127343,127371,126090
2562,1282,14,3,127371,127385,126103
2560,1282,66,2,127385,127451,126169
2561,1282,70,1,127451,127521,126239
2563,1282,79,2,127521,127600,126318
2565,1283,31,1,127600,127631,126348
2564,1283,32,1,127631,127663,126380
2566,1283,34,1,127663,127697,126414
2567,1283,66,1,127697,127763,126480
2568,1284,21,1,127763,127784,126500
2571,1285,3,3,127784,127787,126502
2569,1285,36,1,127787,127823,126538
2570,1285,65,3,127823,127888,126603
2575,1286,11,3,127888,127899,126613
2574,1286,22,3,127899,127921,126635
2572,1286,37,3,127921,127958,126672
2573,1286,63,2,127958,128021,126735
2578,1287,12,2,128021,128033,126746
2577,1287,88,3,128033,128121,126834
2576,1287,99,1,128121,128220,126933
2579,1288,52,3,128220,128272,126984
2581,1289,44,3,128272,128316,127027
2580,1289,54,1,128316,128370,127081
2582,1289,81,1,128370,128451,127162
2583,1290,27,1,128451,128478,127188
2584,1290,33,2,128478,128511,127221
2585,1291,22,1,128511,128533,127242
2586,1292,5,2,128533,128538,127246
2587,1293,2,1,128538,128540,127247
2590,1294,27,2,128540,128567,127273
2589,1294,52,2,128567,128619,127325
2588,1294,53,2,128619,128672,127378
2591,1294,90,3,128672,128762,127468
2592,1295,3,2,128762,128765,127470
2594,1296,45,1,128765,128810,127514
2593,1296,66,1,128810,128876,127580
2595,1296,98,1,128876,128974,127678
2596,1297,88,2,128974,129062,127765
2597,1298,25,3,129062,129087,127789
2598,1299,13,2,129087,129100,127801
2599,1300,73,1,129100,129173,127873
2600,1301,18,1,129173,129191,127890
2602,1301,47,2,129191,129238,127937
2601,1301,86,1,129238,129324,128023
2603,1302,8,3,129324,129332,128030
2604,1302,85,2,129332,129417,128115
2605,1303,45,1,129417,129462,128159
2606,1304,28,3,129462,129490,128186
2607,1304,98,3,129490,129588,128284
2608,1305,78,2,129588,129666,128361
2609,1306,43,3,129666,129709,128403
2610,1307,98,3,129709,129807,128500
2615,1308,31,3,129807,129838,128530
2614,1308,38,3,129838,129876,128568
2611,1308,42,1,129876,129918,128610
2613,1308,49,3,129918,129967,128659
2612,1308,54,2,129967,130021,128713
2616,1309,51,3,130021,130072,128763
2618,1310,28,1,130072,130100,128790
2617,1310,29,3,130100,130129,128819
2619,1310,32,3,130129,130161,128851
2620,1311,17,3,130161,130178,128867
2621,1312,93,1,130178,130271,128959
2622,1313,9,3,130271,130280,128967
2624,1314,16,1,130280,130296,128982
2623,1314,88,1,130296,130384,129070
2625,1315,11,2,130384,130395,129080
2626,1316,90,1,130395,130485,129169
2627,1317,76,3,130485,130561,129244
2629,1318,8,1,130561,130569,129251
2628,1318,93,1,130569,130662,129344
2633,1319,12,1,130662,130674,129355
2632,1319,45,2,130674,130719,129400
2634,1319,50,3,130719,130769,129450
2630,1319,58,3,130769,130827,129508
2635,1319,78,3,130827,130905,129586
2631,1319,79,1,130905,130984,129665
2636,1320,100,3,130984,131084,129764
2637,1321,8,2,131084,131092,129771
2638,1322,85,3,131092,131177,129855
2639,1323,85,1,131177,131262,129939
2640,1324,10,2,131262,131272,129948
2641,1325,12,2,131272,131284,129959
2642,1326,97,1,131284,131381,130055
2643,1327,95,1,131381,131476,130149
2644,1328,32,1,131476,131508,130180
2645,1328,86,1,131508,131594,130266
2646,1329,98,2,131594,131692,130363
2647,1330,43,1,131692,131735,130405
2648,1331,2,3,131735,131737,130406
2649,1332,68,3,131737,131805,130473
2650,1333,19,3,131805,131824,130491
2651,1334,32,2,131824,131856,130522
2652,1335,38,1,131856,131894,130559
2653,1336,40,1,131894,131934,130598
2654,1337,32,3,131934,131966,130629
2655,1337,86,3,131966,132052,130715
2656,1338,0,3,132052,132052,130714
2657,1338,71,3,132052,132123,130785
2659,1339,22,3,132123,132145,130806
2661,1339,23,3,132145,132168,130829
2660,1339,61,1,132168,132229,130890
2662,1339,61,1,132229,132290,130951
2663,1339,71,2,132290,132361,131022
2658,1339,95,3,132361,132456,131117
2664,1340,86,3,132456,132542,131202
2665,1341,13,3,132542,132555,131214
2666,1342,30,2,132555,132585,131243
2667,1343,39,1,132585,132624,131281
2668,1343,56,1,132624,132680,131337
2669,1343,81,1,132680,132761,131418
2670,1344,0,1,132761,132761,131417
2672,1344,16,1,132761,132777,131433
2671,1344,71,1,132777,132848,131504
2673,1345,92,2,132848,132940,131595
2674,1346,14,1,132940,132954,131608
2675,1347,81,3,132954,133035,131688
2676,1347,95,2,133035,133130,131783
2677,1348,25,2,133130,133155,131807
2679,1349,2,1,133155,133157,131808
2682,1349,10,1,133157,133167,131818
2684,1349,12,2,133167,133179,131830
2681,1349,21,3,133179,133200,131851
2683,1349,39,1,133200,133239,131890
2678,1349,39,3,133239,133278,131929
2685,1349,48,3,133278,133326,131977
2680,1349,56,1,133326,133382,132033
2687,1350,41,1,133382,133423,132073
2686,1350,50,3,133423,133473,132123
2688,1351,87,2,133473,133560,132209
2689,1352,69,1,133560,133629,132277
2690,1353,48,3,133629,133677,132324
2692,1353,55,2,133677,133732,132379
2691,1353,55,3,133732,133787,132434
2693,1354,24,2,133787,133811,132457
2694,1354,56,1,133811,133867,132513
2695,1354,87,3,133867,133954,132600
2699,1355,10,3,133954,133964,132609
2696,1355,13,3,133964,133977,132622
2698,1355,21,2,133977,133998,132643
2697,1355,22,1,133998,134020,132665
2700,1356,95,2,134020,134115,132759
2701,1357,14,3,134115,134129,132772
2702,1357,28,2,134129,134157,132800
2703,1357,98,1,134157,134255,132898
2704,1358,17,3,134255,134272,132914
2705,1358,80,3,134272,134352,132994
2707,1359,35,3,134352,134387,133028
2708,1359,51,2,134387,134438,133079
2706,1359,100,2,134438,134538,133179
2710,1360,24,2,134538,134562,133202
2709,1360,53,2,134562,134615,133255
2711,1361,17,1,134615,134632,133271
2713,1362,34,2,134632,134666,133304
2714,1362,79,2,134666,134745,133383
2712,1362,86,3,134745,134831,133469
2717,1363,34,2,134831,134865,133502
2715,1363,40,1,134865,134905,133542
2716,1363,91,2,134905,134996,133633
2718,1364,20,3,134996,135016,133652
2719,1365,55,3,135016,135071,133706
2720,1366,21,3,135071,135092,133726
2721,1367,33,1,135092,135125,133758
2722,1368,82,2,135125,135207,133839
2723,1369,5,2,135207,135212,133843
2726,1369,6,2,135212,135218,133849
2725,1369,76,2,135218,135294,133925
2724,1369,83,1,135294,135377,134008
2727,1370,22,2,135377,135399,134029
2729,1370,72,3,135399,135471,134101
2728,1370,88,3,135471,135559,134189
2730,1371,14,1,135559,135573,134202
2732,1372,11,3,135573,135584,134212
2731,1372,74,2,135584,135658,134286
2734,1373,27,1,135658,135685,134312
2733,1373,30,3,135685,135715,134342
2735,1374,7,2,135715,135722,134348
2736,1374,28,1,135722,135750,134376
2737,1375,57,2,135750,135807,134432
2738,1376,70,2,135807,135877,134501
2739,1376,90,2,135877,135967,134591
2740,1377,28,1,135967,135995,134618
2741,1377,72,1,135995,136067,134690
2742,1377,95,3,136067,136162,134785
2743,1378,24,2,136162,136186,134808
2744,1378,47,3,136186,136233,134855
2745,1379,20,1,136233,136253,134874
2750,1379,23,3,136253,136276,134897
2748,1379,31,2,136276,136307,134928
2747,1379,34,3,136307,136341,134962
2746,1379,47,2,136341,136388,135009
2749,1379,89,3,136388,136477,135098
2751,1380,5,1,136477,136482,135102
2752,1380,9,3,136482,136491,135111
2753,1381,40,3,136491,136531,135150
2754,1382,50,3,136531,136581,135199
2758,1383,1,1,136581,136582,135199
2755,1383,7,1,136582,136589,135206
2757,1383,8,2,136589,136597,135214
2756,1383,10,2,136597,136607,135224
2759,1383,40,3,136607,136647,135264
2760,1383,58,1,136647,136705,135322
2761,1383,72,2,136705,136777,135394
2762,1384,33,2,136777,136810,135426
2763,1384,78,1,136810,136888,135504
2766,1385,75,2,136888,136963,135578
2764,1385,81,2,136963,137044,135659
2765,1385,81,2,137044,137125,135740
2767,1386,26,2,137125,137151,135765
2768,1386,36,1,137151,137187,135801
2769,1386,62,1,137187,137249,135863
2770,1387,81,2,137249,137330,135943
2771,1388,56,2,137330,137386,135998
2772,1388,93,2,137386,137479,136091
2773,1389,78,1,137479,137557,136168
2774,1390,43,3,137557,137600,136210
2775,1390,72,3,137600,137672,136282
2776,1391,51,2,137672,137723,136332
2777,1391,93,2,137723,137816,136425
2778,1392,42,3,137816,137858,136466
2779,1393,44,2,137858,137902,136509
2780,1393,99,3,137902,138001,136608
2781,1394,70,2,138001,138071,136677
2782,1395,89,1,138071,138160,136765
2783,1396,6,3,138160,138166,136770
2785,1397,5,3,138166,138171,136774
2784,1397,96,3,138171,138267,136870
2786,1398,0,1,138267,138267,136869
2792,1398,1,2,138267,138268,136870
2787,1398,26,2,138268,138294,136896
2791,1398,45,2,138294,138339,136941
2790,1398,61,2,138339,138400,137002
2788,1398,67,2,138400,138467,137069
2789,1398,72,3,138467,138539,137141
2793,1399,20,2,138539,138559,137160
2794,1399,97,1,138559,138656,137257
2796,1400,30,3,138656,138686,137286
2795,1400,65,3,138686,138751,137351
2797,1401,78,1,138751,138829,137428
2799,1402,24,2,138829,138853,137451
2800,1402,51,3,138853,138904,137502
2798,1402,72,3,138904,138976,137574
2803,1403,0,1,138976,138976,137573
2801,1403,24,2,138976,139000,137597
2804,1403,54,2,139000,139054,137651
2802,1403,70,2,139054,139124,137721
2807,1404,9,1,139124,139133,137729
2808,1404,13,1,139133,139146,137742
2805,1404,56,1,139146,139202,137798
2806,1404,60,3,139202,139262,137858
2810,1405,24,1,139262,139286,137881
2809,1405,76,2,139286,139362,137957
2812,1406,48,2,139362,139410,138004
2811,1406,54,3,139410,139464,138058
2813,1406,98,1,139464,139562,138156
2815,1407,12,3,139562,139574,138167
2817,1407,12,3,139574,139586,138179
2814,1407,85,3,139586,139671,138264
2816,1407,88,2,139671,139759,138352
2819,1408,69,1,139759,139828,138420
2818,1408,80,1,139828,139908,138500
2820,1409,10,2,139908,139918,138509
2821,1410,86,1,139918,140004,138594
2822,1411,55,1,140004,140059,138648
2823,1412,75,1,140059,140134,138722
2824,1413,25,3,140134,140159,138746
2825,1414,35,1,140159,140194,138780
2826,1414,70,3,140194,140264,138850
2829,1415,10,1,140264,140274,138859
2828,1415,89,1,140274,140363,138948
2827,1415,93,2,140363,140456,139041
2831,1416,7,2,140456,140463,139047
2830,1416,94,3,140463,140557,139141
2832,1417,19,3,140557,140576,139159
2834,1417,59,2,140576,140635,139218
2833,1417,84,3,140635,140719,139302
2835,1418,82,2,140719,140801,139383
2836,1418,89,1,140801,140890,139472
2837,1418,93,3,140890,140983,139565
2838,1419,4,3,140983,140987,139568
2839,1420,36,3,140987,141023,139603
2840,1421,23,1,141023,141046,139625
2841,1421,38,3,141046,141084,139663
2842,1421,40,1,141084,141124,139703
2843,1422,76,3,141124,141200,139778
2844,1423,57,2,141200,141257,139834
2845,1424,15,2,141257,141272,139848
2846,1424,26,2,141272,141298,139874
2848,1425,20,3,141298,141318,139893
2849,1425,31,2,141318,141349,139924
2847,1425,63,1,141349,141412,139987
2850,1425,72,3,141412,141484,140059
2851,1426,59,2,141484,141543,140117
2852,1427,38,1,141543,141581,140154
2855,1428,15,3,141581,141596,140168
2854,1428,43,1,141596,141639,140211
2853,1428,76,3,141639,141715,140287
2858,1429,63,2,141715,141778,140349
2857,1429,68,3,141778,141846,140417
2856,1429,87,1,141846,141933,140504
2860,1430,12,2,141933,141945,140515
2861,1430,27,2,141945,141972,140542
2859,1430,57,1,141972,142029,140599
2862,1430,82,1,142029,142111,140681
2863,1431,1,1,142111,142112,140681
2864,1432,2,2,142112,142114,140682
2865,1432,23,3,142114,142137,140705
2867,1433,21,3,142137,142158,140725
2866,1433,44,3,142158,142202,140769
2868,1434,1,2,142202,142203,140769
2869,1434,11,1,142203,142214,140780
2870,1435,23,2,142214,142237,140802
2871,1436,35,1,142237,142272,140836
2872,1437,99,2,142272,142371,140934
2873,1438,6,3,142371,142377,140939
2874,1439,98,1,142377,142475,141036
2875,1440,7,3,142475,142482,141042
2876,1441,92,3,142482,142574,141133
2877,1442,38,3,142574,142612,141170
2878,1442,49,1,142612,142661,141219
2879,1443,5,3,142661,142666,141223
2881,1443,72,1,142666,142738,141295
2880,1443,99,3,142738,142837,141394
2882,1444,65,3,142837,142902,141458
2883,1445,65,3,142902,142967,141522
2884,1446,19,3,142967,142986,141540
2885,1447,96,3,142986,143082,141635
2886,1448,18,2,143082,143100,141652
2887,1449,34,1,143100,143134,141685
2888,1450,45,3,143134,143179,141729
2889,1451,52,3,143179,143231,141780
2890,1452,7,3,143231,143238,141786
2892,1452,40,1,143238,143278,141826
2891,1452,72,3,143278,143350,141898
2894,1453,2,3,143350,143352,141899
2893,1453,40,1,143352,143392,141939
2896,1453,53,2,143392,143445,141992
2895,1453,54,3,143445,143499,142046
2897,1454,65,2,143499,143564,142110
2899,1455,33,2,143564,143597,142142
2900,1455,56,3,143597,143653,142198
2898,1455,98,3,143653,143751,142296
2901,1456,50,1,143751,143801,142345
2905,1457,14,1,143801,143815,142358
2904,1457,32,2,143815,143847,142390
2903,1457,38,1,143847,143885,142428
2902,1457,44,3,143885,143929,142472
2906,1458,55,3,143929,143984,142526
2907,1459,11,3,143984,143995,142536
2908,1459,76,2,143995,144071,142612
2909,1460,12,1,144071,144083,142623
2910,1460,46,3,144083,144129,142669
2912,1460,54,3,144129,144183,142723
2911,1460,55,2,144183,144238,142778
2913,1461,94,3,144238,144332,142871
2914,1462,61,1,144332,144393,142931
2915,1463,9,1,144393,144402,142939
2917,1463,24,1,144402,144426,142963
2916,1463,34,3,144426,144460,142997
2919,1464,8,1,144460,144468,143004
2918,1464,46,1,144468,144514,143050
2920,1464,97,3,144514,144611,143147
2922,1465,38,2,144611,144649,143184
2921,1465,86,1,144649,144735,143270
2923,1466,70,2,144735,144805,143339
2924,1467,54,3,144805,144859,143392
2928,1468,29,3,144859,144888,143420
2927,1468,34,2,144888,144922,143454
2929,1468,45,2,144922,144967,143499
2925,1468,58,3,144967,145025,143557
2926,1468,74,2,145025,145099,143631
2930,1469,54,2,145099,145153,143684
2931,1470,5,1,145153,145158,143688
2932,1470,77,2,145158,145235,143765
2933,1471,94,1,145235,145329,143858
2935,1472,0,1,145329,145329,143857
2936,1472,42,3,145329,145371,143899
2934,1472,47,3,145371,145418,143946
2937,1473,2,3,145418,145420,143947
2938,1474,48,3,145420,145468,143994
2943,1475,10,3,145468,145478,144003
2942,1475,19,2,145478,145497,144022
2940,1475,38,1,145497,145535,144060
2939,1475,52,1,145535,145587,144112
2941,1475,67,2,145587,145654,144179
2944,1476,51,2,145654,145705,144229
2945,1476,55,2,145705,145760,144284
2946,1477,39,2,145760,145799,144322
2947,1477,49,1,145799,145848,144371
2948,1477,100,1,145848,145948,144471
2949,1478,37,1,145948,145985,144507
2950,1479,3,2,145985,145988,144509
2951,1480,61,1,145988,146049,144569
2952,1480,99,1,146049,146148,144668
2955,1481,21,1,146148,146169,144688
2953,1481,53,3,146169,146222,144741
2954,1481,92,2,146222,146314,144833
2956,1482,45,3,146314,146359,144877
2957,1483,46,2,146359,146405,144922
2958,1483,47,2,146405,146452,144969
2959,1484,37,2,146452,146489,145005
2960,1485,70,1,146489,146559,145074
2961,1486,6,3,146559,146565,145079
2962,1487,27,3,146565,146592,145105
2963,1488,32,2,146592,146624,145136
2964,1489,90,1,146624,146714,145225
2965,1489,96,3,146714,146810,145321
2966,1490,8,3,146810,146818,145328
2967,1490,38,3,146818,146856,145366
2969,1491,11,1,146856,146867,145376
2968,1491,82,2,146867,146949,145458
2970,1491,91,1,146949,147040,145549
2973,1492,3,3,147040,147043,145551
2972,1492,33,2,147043,147076,145584
2971,1492,81,3,147076,147157,145665
2977,1493,34,1,147157,147191,145698
2978,1493,39,3,147191,147230,145737
2974,1493,53,1,147230,147283,145790
2975,1493,80,2,147283,147363,145870
2979,1493,81,3,147363,147444,145951
2976,1493,89,2,147444,147533,146040
2980,1494,15,2,147533,147548,146054
2983,1495,40,1,147548,147588,146093
2984,1495,59,3,147588,147647,146152
2982,1495,93,2,147647,147740,146245
2981,1495,98,1,147740,147838,146343
2986,1496,44,1,147838,147882,146386
2985,1496,78,3,147882,147960,146464
2987,1496,79,2,147960,148039,146543
2989,1497,7,1,148039,148046,146549
2990,1497,60,2,148046,148106,146609
2988,1497,75,2,148106,148181,146684
2991,1498,68,3,148181,148249,146751
2992,1499,21,1,148249,148270,146771
2993,1500,93,2,148270,148363,146863
2995,1501,23,2,148363,148386,146885
2994,1501,30,3,148386,148416,146915
2997,1502,16,3,148416,148432,146930
2998,1502,58,2,148432,148490,146988
2996,1502,86,3,148490,148576,147074
3000,1503,6,3,148576,148582,147079
2999,1503,77,1,148582,148659,147156
3001,1503,82,1,148659,148741,147238
3004,1504,34,2,148741,148775,147271
3002,1504,52,3,148775,148827,147323
3003,1504,58,2,148827,148885,147381
3005,1504,71,3,148885,148956,147452
3007,1505,61,1,148956,149017,147512
3006,1505,97,1,149017,149114,147609
3009,1506,7,2,149114,149121,147615
3008,1506,33,2,149121,149154,147648
3010,1507,51,2,149154,149205,147698
3011,1507,67,3,149205,149272,147765
3014,1508,7,3,149272,149279,147771
3012,1508,19,1,149279,149298,147790
3013,1508,26,3,149298,149324,147816
3015,1508,93,2,149324,149417,147909
3016,1509,24,3,149417,149441,147932
3018,1510,74,3,149441,149515,148005
3017,1510,91,2,149515,149606,148096
3019,1511,80,1,149606,149686,148175
3021,1512,5,1,149686,149691,148179
3020,1512,77,3,149691,149768,148256
3024,1513,7,2,149768,149775,148262
3023,1513,17,3,149775,149792,148279
3022,1513,94,1,149792,149886,148373
3025,1514,64,1,149886,149950,148436
3026,1515,59,2,149950,150009,148494
3027,1516,97,3,150009,150106,148590
3028,1517,8,1,150106,150114,148597
3031,1518,10,3,150114,150124,148606
3029,1518,33,3,150124,150157,148639
3030,1518,56,3,150157,150213,148695
3032,1519,5,2,150213,150218,148699
3033,1519,37,3,150218,150255,148736
3038,1520,9,2,150255,150264,148744
3036,1520,20,3,150264,150284,148764
3035,1520,32,2,150284,150316,148796
3039,1520,40,3,150316,150356,148836
3037,1520,54,3,150356,150410,148890
3034,1520,99,2,150410,150509,148989
3040,1521,19,3,150509,150528,149007
3041,1522,80,3,150528,150608,149086
3042,1523,93,3,150608,150701,149178
3043,1524,26,3,150701,150727,149203
3045,1525,1,3,150727,150728,149203
3044,1525,15,2,150728,150743,149218
3046,1526,13,1,150743,150756,149230
3047,1527,75,1,150756,150831,149304
3048,1528,30,2,150831,150861,149333
3049,1528,69,3,150861,150930,149402
3051,1529,17,3,150930,150947,149418
3050,1529,31,3,150947,150978,149449
3053,1529,34,2,150978,151012,149483
3054,1529,35,1,151012,151047,149518
3052,1529,58,2,151047,151105,149576
3055,1530,94,1,151105,151199,149669
3056,1531,49,1,151199,151248,149717
3057,1532,30,1,151248,151278,149746
3058,1533,39,3,151278,151317,149784
3061,1534,55,3,151317,151372,149838
3059,1534,78,1,151372,151450,149916
3060,1534,92,1,151450,151542,150008
3062,1535,61,2,151542,151603,150068
3063,1536,33,1,151603,151636,150100
3064,1537,87,1,151636,151723,150186
3067,1538,47,3,151723,151770,150232
3068,1538,67,3,151770,151837,150299
3065,1538,75,2,151837,151912,150374
3066,1538,96,3,151912,152008,150470
3069,1539,83,1,152008,152091,150552
3073,1540,10,1,152091,152101,150561
3071,1540,21,1,152101,152122,150582
3070,1540,26,3,152122,152148,150608
3072,1540,54,3,152148,152202,150662
3074,1541,10,1,152202,152212,150671
3075,1542,46,1,152212,152258,150716
3076,1542,97,3,152258,152355,150813
3078,1543,10,2,152355,152365,150822
3077,1543,22,1,152365,152387,150844
3079,1544,9,3,152387,152396,150852
3080,1544,11,1,152396,152407,150863
3081,1544,64,2,152407,152471,150927
3086,1545,5,1,152471,152476,150931
3085,1545,44,3,152476,152520,150975
3082,1545,63,2,152520,152583,151038
3084,1545,63,3,152583,152646,151101
3083,1545,89,2,152646,152735,151190
3087,1546,88,3,152735,152823,151277
3088,1547,91,1,152823,152914,151367
3090,1548,6,2,152914,152920,151372
3093,1548,16,1,152920,152936,151388
3092,1548,68,1,152936,153004,151456
3089,1548,85,2,153004,153089,151541
3091,1548,96,2,153089,153185,151637
3094,1549,81,1,153185,153266,151717
3095,1550,41,1,153266,153307,151757
3096,1551,61,2,153307,153368,151817
3097,1552,11,2,153368,153379,151827
3099,1552,33,2,153379,153412,151860
3098,1552,54,3,153412,153466,151914
3100,1553,100,2,153466,153566,152013
3102,1554,18,1,153566,153584,152030
3101,1554,33,1,153584,153617,152063
3103,1554,53,2,153617,153670,152116
3104,1555,53,3,153670,153723,152168
3107,1556,48,3,153723,153771,152215
3106,1556,95,3,153771,153866,152310
3105,1556,100,1,153866,153966,152410
3108,1557,73,2,153966,154039,152482
3110,1558,8,2,154039,154047,152489
3109,1558,51,3,154047,154098,152540
3111,1558,67,3,154098,154165,152607
3112,1559,57,1,154165,154222,152663
3113,1560,88,1,154222,154310,152750
3115,1561,14,2,154310,154324,152763
3114,1561,95,3,154324,154419,152858
3116,1562,62,1,154419,154481,152919
3117,1563,40,3,154481,154521,152958
3118,1564,29,1,154521,154550,152986
3119,1564,37,3,154550,154587,153023
3120,1565,70,1,154587,154657,153092
3121,1566,3,1,154657,154660,153094
3122,1566,7,3,154660,154667,153101
3124,1566,21,2,154667,154688,153122
3123,1566,63,1,154688,154751,153185
3125,1567,6,3,154751,154757,153190
3126,1568,4,1,154757,154761,153193
3127,1569,22,1,154761,154783,153214
3128,1569,37,2,154783,154820,153251
3129,1570,93,3,154820,154913,153343
3130,1571,5,3,154913,154918,153347
3131,1572,45,3,154918,154963,153391
3132,1572,60,3,154963,155023,153451
3133,1573,23,1,155023,155046,153473
3137,1574,46,2,155046,155092,153518
3134,1574,57,3,155092,155149,153575
3135,1574,68,1,155149,155217,153643
3136,1574,82,3,155217,155299,153725
3138,1575,37,2,155299,155336,153761
3142,1576,3,2,155336,155339,153763
3140,1576,36,1,155339,155375,153799
3139,1576,74,3,155375,155449,153873
3141,1576,77,2,155449,155526,153950
3144,1577,19,3,155526,155545,153968
3143,1577,33,2,155545,155578,154001
3145,1577,64,1,155578,155642,154065
3146,1578,0,2,155642,155642,154064
3147,1579,43,2,155642,155685,154106
3148,1579,67,1,155685,155752,154173
3149,1580,67,1,155752,155819,154239
3151,1580,69,3,155819,155888,154308
3150,1580,89,1,155888,155977,154397
3152,1581,63,3,155977,156040,154459
3153,1582,10,3,156040,156050,154468
3154,1583,27,2,156050,156077,154494
3156,1583,49,3,156077,156126,154543
3155,1583,93,3,156126,156219,154636
3157,1584,5,2,156219,156224,154640
3159,1585,36,3,156224,156260,154675
3158,1585,84,1,156260,156344,154759
3160,1585,89,3,156344,156433,154848
3161,1586,51,3,156433,156484,154898
3162,1587,13,2,156484,156497,154910
3163,1588,2,3,156497,156499,154911
3164,1588,48,3,156499,156547,154959
3166,1589,1,2,156547,156548,154959
3165,1589,32,2,156548,156580,154991
3167,1590,22,3,156580,156602,155012
3168,1591,95,2,156602,156697,155106
3170,1592,50,3,156697,156747,155155
3169,1592,55,3,156747,156802,155210
3171,1593,86,2,156802,156888,155295
3172,1594,97,3,156888,156985,155391
3173,1595,23,3,156985,157008,155413
3175,1596,75,1,157008,157083,155487
3174,1596,99,3,157083,157182,155586
3176,1597,1,3,157182,157183,155586
3177,1597,51,2,157183,157234,155637
3179,1598,14,2,157234,157248,155650
3178,1598,55,3,157248,157303,155705
3180,1598,79,2,157303,157382,155784
3181,1599,16,1,157382,157398,155799
3182,1600,99,3,157398,157497,155897
3183,1601,76,3,157497,157573,155972
3184,1602,18,1,157573,157591,155989
3185,1603,53,3,157591,157644,156041
3186,1603,81,2,157644,157725,156122
3187,1604,21,1,157725,157746,156142
3188,1605,66,2,157746,157812,156207
3190,1605,86,3,157812,157898,156293
3189,1605,91,3,157898,157989,156384
3191,1606,58,1,157989,158047,156441
3192,1606,74,3,158047,158121,156515
3193,1606,92,2,158121,158213,156607
3194,1607,4,2,158213,158217,156610
3195,1607,96,2,158217,158313,156706
3197,1608,38,1,158313,158351,156743
3196,1608,52,3,158351,158403,156795
3198,1608,80,3,158403,158483,156875
3199,1609,71,2,158483,158554,156945
3201,1610,41,3,158554,158595,156985
3200,1610,65,2,158595,158660,157050
3202,1611,26,3,158660,158686,157075
3205,1612,31,1,158686,158717,157105
3203,1612,45,2,158717,158762,157150
3204,1612,62,2,158762,158824,157212
3206,1613,70,3,158824,158894,157281
3207,1614,42,3,158894,158936,157322
3211,1615,14,1,158936,158950,157335
3208,1615,17,3,158950,158967,157352
3209,1615,18,1,158967,158985,157370
3210,1615,31,3,158985,159016,157401
3212,1615,72,1,159016,159088,157473
3213,1616,11,1,159088,159099,157483
3214,1617,43,1,159099,159142,157525
3215,1618,79,3,159142,159221,157603
3216,1619,50,2,159221,159271,157652
3218,1620,30,2,159271,159301,157681
3217,1620,56,3,159301,159357,157737
3219,1621,27,1,159357,159384,157763
3220,1621,31,3,159384,159415,157794
3221,1622,36,3,159415,159451,157829
3222,1623,12,3,159451,159463,157840
3223,1623,63,3,159463,159526,157903
3224,1624,76,2,159526,159602,157978
3225,1625,78,3,159602,159680,158055
3226,1626,85,1,159680,159765,158139
3227,1627,21,2,159765,159786,158159
3228,1628,24,3,159786,159810,158182
3229,1629,97,1,159810,159907,158278
3230,1630,1,1,159907,159908,158278
3231,1631,82,3,159908,159990,158359
3232,1632,44,2,159990,160034,158402
3233,1633,45,2,160034,160079,158446
3236,1634,25,1,160079,160104,158470
3235,1634,44,3,160104,160148,158514
3237,1634,77,2,160148,160225,158591
3234,1634,93,1,160225,160318,158684
3238,1635,48,1,160318,160366,158731
3239,1636,5,2,160366,160371,158735
3240,1636,19,2,160371,160390,158754
3243,1636,32,2,160390,160422,158786
3242,1636,34,2,160422,160456,158820
3241,1636,40,1,160456,160496,158860
3244,1637,71,1,160496,160567,158930
3245,1638,22,1,160567,160589,158951
3246,1639,53,3,160589,160642,159003
3247,1640,18,3,160642,160660,159020
3249,1641,23,3,160660,160683,159042
3248,1641,77,3,160683,160760,159119
3250,1642,67,2,160760,160827,159185
3251,1643,79,1,160827,160906,159263
3252,1644,7,1,160906,160913,159269
3253,1644,47,2,160913,160960,159316
3255,1645,6,3,160960,160966,159321
3254,1645,63,1,160966,161029,159384
3256,1646,52,3,161029,161081,159435
3257,1647,12,3,161081,161093,159446
3258,1648,31,2,161093,161124,159476
3261,1648,79,1,161124,161203,159555
3260,1648,83,3,161203,161286,159638
3259,1648,94,2,161286,161380,159732
3263,1649,58,3,161380,161438,159789
3262,1649,81,3,161438,161519,159870
3264,1649,94,1,161519,161613,159964
3267,1650,51,2,161613,161664,160014
3266,1650,64,2,161664,161728,160078
3265,1650,86,3,161728,161814,160164
3268,1651,46,3,161814,161860,160209
3270,1651,66,1,161860,161926,160275
3269,1651,77,3,161926,162003,160352
3272,1652,9,1,162003,162012,160360
3271,1652,54,3,162012,162066,160414
3273,1653,28,2,162066,162094,160441
3274,1654,38,1,162094,162132,160478
3276,1655,42,2,162132,162174,160519
3277,1655,59,2,162174,162233,160578
3275,1655,91,2,162233,162324,160669
3278,1656,82,2,162324,162406,160750
3280,1657,45,1,162406,162451,160794
3279,1657,54,1,162451,162505,160848
3281,1657,76,1,162505,162581,160924
3282,1658,71,1,162581,162652,160994
3283,1658,77,3,162652,162729,161071
3284,1659,15,3,162729,162744,161085
3285,1660,61,2,162744,162805,161145
3287,1661,9,1,162805,162814,161153
3286,1661,60,3,162814,162874,161213
3288,1662,5,1,162874,162879,161217
3289,1663,79,2,162879,162958,161295
3293,1664,13,1,162958,162971,161307
3290,1664,44,1,162971,163015,161351
3291,1664,47,1,163015,163062,161398
3292,1664,54,3,163062,163116,161452
3295,1665,23,1,163116,163139,161474
3294,1665,39,2,163139,163178,161513
3296,1665,49,1,163178,163227,161562
3297,1666,51,3,163227,163278,161612
3298,1667,49,1,163278,163327,161660
3300,1668,3,3,163327,163330,161662
3299,1668,48,2,163330,163378,161710
3301,1669,65,2,163378,163443,161774
3302,1670,61,3,163443,163504,161834
3305,1671,6,2,163504,163510,161839
3304,1671,8,1,163510,163518,161847
3306,1671,22,2,163518,163540,161869
3303,1671,53,3,163540,163593,161922
3307,1672,83,1,163593,163676,162004
3310,1673,0,1,163676,163676,162003
3309,1673,1,2,163676,163677,162004
3308,1673,11,3,163677,163688,162015
3311,1674,73,3,163688,163761,162087
3312,1675,55,2,163761,163816,162141
3313,1676,86,1,163816,163902,162226
3314,1677,37,2,163902,163939,162262
3315,1677,61,3,163939,164000,162323
3316,1678,52,1,164000,164052,162374
3317,1678,52,2,164052,164104,162426
3318,1679,67,3,164104,164171,162492
3320,1680,3,2,164171,164174,162494
3321,1680,30,3,164174,164204,162524
3319,1680,64,1,164204,164268,162588
3322,1681,5,2,164268,164273,162592
3323,1681,6,2,164273,164279,162598
3326,1681,14,3,164279,164293,162612
3325,1681,29,2,164293,164322,162641
3327,1681,91,3,164322,164413,162732
3324,1681,95,2,164413,164508,162827
3328,1682,1,1,164508,164509,162827
3330,1683,4,2,164509,164513,162830
3332,1683,5,3,164513,164518,162835
3329,1683,10,2,164518,164528,162845
3333,1683,61,3,164528,164589,162906
3334,1683,96,2,164589,164685,163002
3331,1683,99,1,164685,164784,163101
3335,1684,65,1,164784,164849,163165
3336,1685,92,2,164849,164941,163256
3337,1686,55,3,164941,164996,163310
3339,1687,57,3,164996,165053,163366
3338,1687,91,1,165053,165144,163457
3340,1688,30,3,165144,165174,163486
3341,1688,91,3,165174,165265,163577
3342,1689,20,2,165265,165285,163596
3343,1690,95,2,165285,165380,163690
3344,1691,88,2,165380,165468,163777
3346,1692,30,2,165468,165498,163806
3345,1692,46,1,165498,165544,163852
3347,1693,44,2,165544,165588,163895
3348,1694,26,1,165588,165614,163920
3356,1695,0,2,165614,165614,163919
3354,1695,18,2,165614,165632,163937
3351,1695,26,2,165632,165658,163963
3349,1695,30,1,165658,165688,163993
3350,1695,33,3,165688,165721,164026
3355,1695,45,2,165721,165766,164071
3353,1695,65,2,165766,165831,164136
3352,1695,71,1,165831,165902,164207
3357,1696,41,2,165902,165943,164247
3358,1696,75,2,165943,166018,164322
3362,1697,4,1,166018,166022,164325
3363,1697,24,3,166022,166046,164349
3360,1697,44,2,166046,166090,164393
3361,1697,45,1,166090,166135,164438
3359,1697,53,1,166135,166188,164491
3365,1698,14,2,166188,166202,164504
3364,1698,52,2,166202,166254,164556
3366,1698,68,3,166254,166322,164624
3367,1699,9,2,166322,166331,164632
3370,1700,23,2,166331,166354,164654
3369,1700,29,2,166354,166383,164683
3371,1700,53,3,166383,166436,164736
3368,1700,91,3,166436,166527,164827
3372,1701,68,1,166527,166595,164894
3373,1702,9,3,166595,166604,164902
3374,1703,15,2,166604,166619,164916
3376,1704,56,1,166619,166675,164971
3375,1704,90,3,166675,166765,165061
3377,1705,65,1,166765,166830,165125
3378,1705,78,3,166830,166908,165203
3380,1706,59,2,166908,166967,165261
3379,1706,96,1,166967,167063,165357
3381,1707,54,3,167063,167117,165410
3383,1707,58,1,167117,167175,165468
3382,1707,63,2,167175,167238,165531
3384,1708,23,2,167238,167261,165553
3385,1709,96,3,167261,167357,165648
3390,1710,2,1,167357,167359,165649
3386,1710,6,2,167359,167365,165655
3389,1710,14,1,167365,167379,165669
3391,1710,40,1,167379,167419,165709
3388,1710,44,1,167419,167463,165753
3387,1710,70,3,167463,167533,165823
3394,1711,9,1,167533,167542,165831
3392,1711,28,1,167542,167570,165859
3393,1711,52,1,167570,167622,165911
3395,1712,61,2,167622,167683,165971
3398,1713,17,3,167683,167700,165987
3397,1713,33,2,167700,167733,166020
3396,1713,76,2,167733,167809,166096
3399,1714,67,2,167809,167876,166162
3400,1715,20,1,167876,167896,166181
3401,1716,28,2,167896,167924,166208
3402,1716,53,2,167924,167977,166261
3404,1717,12,3,167977,167989,166272
3406,1717,20,2,167989,168009,166292
3405,1717,22,1,168009,168031,166314
3403,1717,43,3,168031,168074,166357
3407,1718,37,2,168074,168111,166393
3408,1719,52,3,168111,168163,166444
3409,1720,49,3,168163,168212,166492
3410,1720,81,1,168212,168293,166573
3411,1721,59,2,168293,168352,166631
3413,1722,14,2,168352,168366,166644
3412,1722,38,3,168366,168404,166682
3415,1722,60,2,168404,168464,166742
3414,1722,95,2,168464,168559,166837
3416,1723,50,1,168559,168609,166886
3418,1724,17,2,168609,168626,166902
3417,1724,84,3,168626,168710,166986
3419,1725,5,2,168710,168715,166990
3420,1725,32,1,168715,168747,167022
3421,1726,78,2,168747,168825,167099
3422,1727,86,3,168825,168911,167184
3423,1728,28,2,168911,168939,167211
3424,1728,88,2,168939,169027,167299
3425,1729,15,1,169027,169042,167313
3426,1729,41,1,169042,169083,167354
3427,1729,67,2,169083,169150,167421
3428,1729,77,2,169150,169227,167498
3429,1730,29,3,169227,169256,167526
3430,1730,90,3,169256,169346,167616
3431,1731,32,3,169346,169378,167647
3432,1732,49,1,169378,169427,167695
3433,1733,10,3,169427,169437,167704
3434,1734,58,2,169437,169495,167761
3436,1734,79,1,169495,169574,167840
3437,1734,87,3,169574,169661,167927
3435,1734,93,2,169661,169754,168020
3438,1735,28,1,169754,169782,168047
3439,1736,22,1,169782,169804,168068
3440,1737,41,2,169804,169845,168108
3441,1738,89,3,169845,169934,168196
3442,1739,50,1,169934,169984,168245
3443,1739,57,1,169984,170041,168302
3444,1740,69,1,170041,170110,168370
3446,1741,59,3,170110,170169,168428
3445,1741,68,3,170169,170237,168496
3447,1741,71,3,170237,170308,168567
3451,1742,10,3,170308,170318,168576
3450,1742,33,3,170318,170351,168609
3448,1742,49,1,170351,170400,168658
3449,1742,98,2,170400,170498,168756
3453,1743,12,3,170498,170510,168767
3452,1743,87,1,170510,170597,168854
3454,1744,21,1,170597,170618,168874
3455,1744,88,2,170618,170706,168962
3456,1745,82,3,170706,170788,169043
3457,1746,69,2,170788,170857,169111
3460,1747,9,3,170857,170866,169119
3461,1747,16,3,170866,170882,169135
3466,1747,17,1,170882,170899,169152
3465,1747,18,2,170899,170917,169170
3462,1747,49,1,170917,170966,169219
3464,1747,61,3,170966,171027,169280
3463,1747,64,3,171027,171091,169344
3459,1747,72,2,171091,171163,169416
3467,1747,75,1,171163,171238,169491
3458,1747,79,1,171238,171317,169570
3468,1748,100,1,171317,171417,169669
3469,1749,19,2,171417,171436,169687
3470,1749,46,3,171436,171482,169733
3471,1750,20,2,171482,171502,169752
3474,1751,25,3,171502,171527,169776
3473,1751,73,2,171527,171600,169849
3472,1751,74,1,171600,171674,169923
3475,1752,95,2,171674,171769,170017
3476,1753,30,3,171769,171799,170046
3478,1754,40,3,171799,171839,170085
3477,1754,88,1,171839,171927,170173
3479,1755,8,3,171927,171935,170180
3480,1756,68,3,171935,172003,170247
3484,1757,0,1,172003,172003,170246
3483,1757,4,3,172003,172007,170250
3482,1757,35,2,172007,172042,170285
3481,1757,47,3,172042,172089,170332
3485,1758,68,3,172089,172157,170399
3486,1759,83,3,172157,172240,170481
3487,1760,71,2,172240,172311,170551
3488,1761,83,1,172311,172394,170633
3491,1762,37,3,172394,172431,170669
3490,1762,65,1,172431,172496,170734
3489,1762,76,1,172496,172572,170810
3492,1763,9,3,172572,172581,170818
3493,1764,11,2,172581,172592,170828
3494,1765,73,1,172592,172665,170900
3496,1766,22,3,172665,172687,170921
3495,1766,47,2,172687,172734,170968
3497,1767,77,1,172734,172811,171044
3499,1768,2,1,172811,172813,171045
3498,1768,72,1,172813,172885,171117
3500,1769,11,1,172885,172896,171127
3502,1770,9,1,172896,172905,171135
3501,1770,27,1,172905,172932,171162
3503,1770,67,2,172932,172999,171229
3506,1771,3,3,172999,173002,171231
3507,1771,7,3,173002,173009,171238
3504,1771,47,1,173009,173056,171285
3505,1771,59,3,173056,173115,171344
3508,1772,53,1,173115,173168,171396
3511,1773,43,2,173168,173211,171438
3510,1773,63,2,173211,173274,171501
3512,1773,67,2,173274,173341,171568
3509,1773,96,1,173341,173437,171664
3513,1774,51,2,173437,173488,171714
3514,1775,43,2,173488,173531,171756
3516,1775,44,2,173531,173575,171800
3515,1775,92,3,173575,173667,171892
3519,1776,15,3,173667,173682,171906
3518,1776,48,3,173682,173730,171954
3517,1776,80,3,173730,173810,172034
3520,1777,8,1,173810,173818,172041
3523,1778,37,2,173818,173855,172077
3521,1778,63,1,173855,173918,172140
3522,1778,87,1,173918,174005,172227
3526,1779,63,1,174005,174068,172289
3524,1779,74,1,174068,174142,172363
3525,1779,96,1,174142,174238,172459
3528,1780,39,3,174238,174277,172497
3527,1780,97,2,174277,174374,172594
3529,1781,98,2,174374,174472,172691
3530,1782,64,3,174472,174536,172754
3531,1783,51,2,174536,174587,172804
3534,1784,60,1,174587,174647,172863
3532,1784,67,2,174647,174714,172930
3535,1784,79,3,174714,174793,173009
3533,1784,93,3,174793,174886,173102
3536,1785,26,1,174886,174912,173127
3537,1785,42,3,174912,174954,173169
3538,1786,12,2,174954,174966,173180
3539,1786,25,2,174966,174991,173205
3540,1787,10,2,174991,175001,173214
3542,1788,61,2,175001,175062,173274
3543,1788,78,3,175062,175140,173352
3545,1788,79,2,175140,175219,173431
3544,1788,83,2,175219,175302,173514
3541,1788,88,2,175302,175390,173602
3547,1789,31,3,175390,175421,173632
3546,1789,84,1,175421,175505,173716
3548,1790,12,1,175505,175517,173727
3549,1790,66,2,175517,175583,173793
3550,1791,70,2,175583,175653,173862
3552,1792,23,3,175653,175676,173884
3551,1792,58,2,175676,175734,173942
3553,1793,76,2,175734,175810,174017
3554,1794,88,2,175810,175898,174104
3555,1795,56,1,175898,175954,174159
3558,1796,45,3,175954,175999,174203
3559,1796,53,3,175999,176052,174256
3560,1796,54,1,176052,176106,174310
3557,1796,72,2,176106,176178,174382
3561,1796,85,2,176178,176263,174467
3556,1796,88,2,176263,176351,174555
3563,1797,36,1,176351,176387,174590
3562,1797,71,3,176387,176458,174661
3564,1797,97,1,176458,176555,174758
3565,1798,58,3,176555,176613,174815
3567,1799,13,3,176613,176626,174827
3566,1799,90,3,176626,176716,174917
3569,1800,38,1,176716,176754,174954
3568,1800,92,1,176754,176846,175046
3570,1800,96,2,176846,176942,175142
3572,1801,2,1,176942,176944,175143
3571,1801,11,3,176944,176955,175154
3573,1802,54,3,176955,177009,175207
3574,1803,28,1,177009,177037,175234
3575,1804,56,3,177037,177093,175289
3576,1804,97,3,177093,177190,175386
3578,1805,6,1,177190,177196,175391
3577,1805,58,2,177196,177254,175449
3580,1806,20,3,177254,177274,175468
3579,1806,76,1,177274,177350,175544
3581,1807,50,3,177350,177400,175593
3583,1808,51,2,177400,177451,175643
3582,1808,89,3,177451,177540,175732
3584,1809,56,2,177540,177596,175787
3585,1810,77,1,177596,177673,175863
3586,1810,87,2,177673,177760,175950
3587,1811,72,1,177760,177832,176021
3589,1812,46,2,177832,177878,176066
3588,1812,58,3,177878,177936,176124
3590,1812,98,2,177936,178034,176222
3591,1813,20,3,178034,178054,176241
3592,1814,16,1,178054,178070,176256
3597,1814,18,1,178070,178088,176274
3594,1814,41,2,178088,178129,176315
3593,1814,69,2,178129,178198,176384
3596,1814,78,1,178198,178276,176462
3595,1814,99,1,178276,178375,176561
3598,1815,13,2,178375,178388,176573
3600,1816,22,2,178388,178410,176594
3601,1816,23,1,178410,178433,176617
3599,1816,65,1,178433,178498,176682
3602,1817,37,3,178498,178535,176718
3603,1817,68,2,178535,178603,176786
3604,1818,58,1,178603,178661,176843
3605,1819,79,3,178661,178740,176921
3606,1820,57,1,178740,178797,176977
3607,1821,69,1,178797,178866,177045
3608,1821,90,2,178866,178956,177135
3610,1822,7,3,178956,178963,177141
3609,1822,30,2,178963,178993,177171
3611,1823,10,1,178993,179003,177180
3612,1823,94,1,179003,179097,177274
3614,1824,3,3,179097,179100,177276
3613,1824,87,1,179100,179187,177363
3615,1825,25,3,179187,179212,177387
3616,1825,80,3,179212,179292,177467
3617,1826,5,2,179292,179297,177471
3618,1826,6,1,179297,179303,177477
3619,1827,5,2,179303,179308,177481
3621,1827,16,3,179308,179324,177497
3623,1827,33,3,179324,179357,177530
3620,1827,81,3,179357,179438,177611
3622,1827,88,2,179438,179526,177699
3624,1828,44,2,179526,179570,177742
3625,1829,66,3,179570,179636,177807
3626,1830,7,1,179636,179643,177813
3628,1831,27,1,179643,179670,177839
3627,1831,42,2,179670,179712,177881
3629,1832,35,2,179712,179747,177915
3630,1833,42,3,179747,179789,177956
3631,1833,100,1,179789,179889,178056
3632,1834,52,3,179889,179941,178107
3633,1834,56,3,179941,179997,178163
3634,1835,98,1,179997,180095,178260
3641,1836,2,3,180095,180097,178261
3637,1836,19,1,180097,180116,178280
3642,1836,27,2,180116,180143,178307
3635,1836,48,2,180143,180191,178355
3638,1836,51,2,180191,180242,178406
3636,1836,55,2,180242,180297,178461
3640,1836,55,2,180297,180352,178516
3639,1836,59,1,180352,180411,178575
3643,1837,38,2,180411,180449,178612
3646,1838,10,1,180449,180459,178621
3645,1838,51,3,180459,180510,178672
3644,1838,91,3,180510,180601,178763
3647,1839,39,3,180601,180640,178801
3648,1840,72,2,180640,180712,178872
3649,1841,74,3,180712,180786,178945
3650,1842,73,3,180786,180859,179017
3651,1843,66,1,180859,180925,179082
3652,1844,39,1,180925,180964,179120
3653,1845,90,2,180964,181054,179209
3654,1846,12,2,181054,181066,179220
3655,1847,80,3,181066,181146,179299
3658,1848,6,1,181146,181152,179304
3657,1848,8,2,181152,181160,179312
3656,1848,10,2,181160,181170,179322
3659,1848,53,1,181170,181223,179375
3660,1849,79,3,181223,181302,179453
3661,1850,95,2,181302,181397,179547
3662,1851,60,1,181397,181457,179606
3663,1851,86,1,181457,181543,179692
3664,1852,5,1,181543,181548,179696
3665,1852,98,2,181548,181646,179794
3667,1853,9,1,181646,181655,179802
3666,1853,24,2,181655,181679,179826
3669,1853,37,1,181679,181716,179863
3670,1853,41,2,181716,181757,179904
3668,1853,87,1,181757,181844,179991
3671,1854,20,3,181844,181864,180010
3672,1855,46,1,181864,181910,180055
3674,1855,46,3,181910,181956,180101
3673,1855,84,2,181956,182040,180185
3675,1856,85,2,182040,182125,180269
3678,1857,64,2,182125,182189,180332
3676,1857,65,3,182189,182254,180397
3677,1857,73,1,182254,182327,180470
3679,1857,90,3,182327,182417,180560
3680,1857,92,3,182417,182509,180652
3685,1858,5,1,182509,182514,180656
3682,1858,18,3,182514,182532,180674
3681,1858,38,3,182532,182570,180712
3683,1858,68,2,182570,182638,180780
3684,1858,72,3,182638,182710,180852
3688,1859,1,3,182710,182711,180852
3686,1859,31,2,182711,182742,180883
3687,1859,75,2,182742,182817,180958
3689,1860,24,1,182817,182841,180981
3690,1860,39,2,182841,182880,181020
3692,1861,7,3,182880,182887,181026
3691,1861,33,3,182887,182920,181059
3693,1862,26,2,182920,182946,181084
3694,1862,83,1,182946,183029,181167
3695,1863,13,2,183029,183042,181179
3696,1864,13,1,183042,183055,181191
3697,1864,88,3,183055,183143,181279
3698,1864,93,2,183143,183236,181372
3699,1865,49,1,183236,183285,181420
3701,1866,16,1,183285,183301,181435
3700,1866,76,1,183301,183377,181511
3707,1867,6,1,183377,183383,181516
3703,1867,26,3,183383,183409,181542
3705,1867,60,1,183409,183469,181602
3706,1867,60,2,183469,183529,181662
3704,1867,82,1,183529,183611,181744
3702,1867,97,2,183611,183708,181841
3710,1868,51,3,183708,183759,181891
3708,1868,58,3,183759,183817,181949
3709,1868,76,3,183817,183893,182025
3711,1868,88,2,183893,183981,182113
3712,1869,88,3,183981,184069,182200
3717,1870,6,2,184069,184075,182205
3714,1870,22,1,184075,184097,182227
3716,1870,60,2,184097,184157,182287
3715,1870,82,3,184157,184239,182369
3713,1870,97,3,184239,184336,182466
3718,1871,90,3,184336,184426,182555
3719,1872,39,1,184426,184465,182593
3722,1873,24,2,184465,184489,182616
3723,1873,66,1,184489,184555,182682
3721,1873,71,3,184555,184626,182753
3720,1873,79,1,184626,184705,182832
3724,1874,91,1,184705,184796,182922
3725,1875,10,3,184796,184806,182931
3726,1875,93,2,184806,184899,183024
3727,1876,100,2,184899,184999,183123
3728,1877,56,1,184999,185055,183178
3729,1877,74,3,185055,185129,183252
3730,1877,95,2,185129,185224,183347
3731,1877,99,3,185224,185323,183446
3733,1878,13,1,185323,185336,183458
3732,1878,98,1,185336,185434,183556
3734,1879,8,2,185434,185442,183563
3735,1879,64,2,185442,185506,183627
3738,1880,0,2,185506,185506,183626
3736,1880,6,2,185506,185512,183632
3737,1880,48,1,185512,185560,183680
3739,1881,63,3,185560,185623,183742
3740,1881,63,3,185623,185686,183805
3741,1881,100,3,185686,185786,183905
3743,1882,4,3,185786,185790,183908
3742,1882,93,3,185790,185883,184001
3746,1883,23,3,185883,185906,184023
3745,1883,77,2,185906,185983,184100
3744,1883,89,1,185983,186072,184189
3747,1884,19,1,186072,186091,184207
3748,1884,55,3,186091,186146,184262
3749,1885,57,1,186146,186203,184318
3750,1886,6,2,186203,186209,184323
3751,1887,48,1,186209,186257,184370
3758,1888,18,2,186257,186275,184387
3753,1888,26,1,186275,186301,184413
3756,1888,28,3,186301,186329,184441
3752,1888,38,3,186329,186367,184479
3755,1888,47,3,186367,186414,184526
3757,1888,50,3,186414,186464,184576
3754,1888,58,3,186464,186522,184634
3759,1889,19,2,186522,186541,184652
3760,1890,49,1,186541,186590,184700
3761,1890,93,1,186590,186683,184793
3762,1891,25,1,186683,186708,184817
3763,1891,87,1,186708,186795,184904
3764,1892,57,3,186795,186852,184960
3765,1893,59,3,186852,186911,185018
3766,1894,35,2,186911,186946,185052
3767,1894,58,1,186946,187004,185110
3769,1895,23,2,187004,187027,185132
3768,1895,72,3,187027,187099,185204
3770,1896,20,3,187099,187119,185223
3771,1897,16,2,187119,187135,185238
3772,1897,23,2,187135,187158,185261
3773,1897,81,3,187158,187239,185342
3774,1898,76,3,187239,187315,185417
3775,1899,94,2,187315,187409,185510
3776,1900,4,1,187409,187413,185513
3777,1900,27,2,187413,187440,185540
3778,1901,73,3,187440,187513,185612
3779,1902,72,3,187513,187585,185683
3781,1903,34,3,187585,187619,185716
3782,1903,46,1,187619,187665,185762
3780,1903,76,2,187665,187741,185838
3783,1903,82,3,187741,187823,185920
3784,1904,29,3,187823,187852,185948
3787,1905,22,2,187852,187874,185969
3788,1905,42,3,187874,187916,186011
3785,1905,66,1,187916,187982,186077
3786,1905,81,2,187982,188063,186158
3790,1906,71,3,188063,188134,186228
3789,1906,83,3,188134,188217,186311
3791,1907,31,2,188217,188248,186341
3792,1907,49,3,188248,188297,186390
3793,1907,75,3,188297,188372,186465
3794,1908,50,1,188372,188422,186514
3795,1909,35,3,188422,188457,186548
3797,1910,37,1,188457,188494,186584
3796,1910,100,2,188494,188594,186684
3798,1911,76,1,188594,188670,186759
3799,1912,71,3,188670,188741,186829
3800,1913,67,3,188741,188808,186895
3801,1914,54,2,188808,188862,186948
3804,1915,50,2,188862,188912,186997
3803,1915,57,1,188912,188969,187054
3802,1915,83,2,188969,189052,187137
3805,1916,21,3,189052,189073,187157
3806,1916,93,1,189073,189166,187250
3807,1917,14,2,189166,189180,187263
3808,1917,98,2,189180,189278,187361
3809,1918,26,2,189278,189304,187386
3810,1919,3,3,189304,189307,187388
3811,1920,6,2,189307,189313,187393
3814,1921,40,1,189313,189353,187432
3813,1921,50,2,189353,189403,187482
3812,1921,68,1,189403,189471,187550
3815,1922,68,1,189471,189539,187617
3817,1923,59,2,189539,189598,187675
3818,1923,62,3,189598,189660,187737
3816,1923,76,1,189660,189736,187813
3819,1924,65,1,189736,189801,187877
3820,1925,19,3,189801,189820,187895
3821,1926,9,3,189820,189829,187903
3822,1926,36,2,189829,189865,187939
3823,1926,55,2,189865,189920,187994
3825,1927,8,2,189920,189928,188001
3826,1927,28,3,189928,189956,188029
3828,1927,36,2,189956,189992,188065
3824,1927,69,1,189992,190061,188134
3827,1927,77,1,190061,190138,188211
3829,1928,91,2,190138,190229,188301
3831,1929,56,2,190229,190285,188356
3830,1929,71,3,190285,190356,188427
3833,1930,26,2,190356,190382,188452
3832,1930,90,2,190382,190472,188542
3834,1931,80,2,190472,190552,188621
3835,1932,82,3,190552,190634,188702
3836,1933,36,2,190634,190670,188737
3837,1933,70,3,190670,190740,188807
3838,1934,27,1,190740,190767,188833
3839,1934,46,3,190767,190813,188879
3840,1935,35,3,190813,190848,188913
3841,1936,66,1,190848,190914,188978
3843,1937,46,2,190914,190960,189023
3842,1937,59,3,190960,191019,189082
3844,1938,50,3,191019,191069,189131
3845,1939,47,2,191069,191116,189177
3846,1940,75,3,191116,191191,189251
3847,1941,5,3,191191,191196,189255
3852,1941,17,1,191196,191213,189272
3851,1941,30,2,191213,191243,189302
3849,1941,35,2,191243,191278,189337
3848,1941,76,2,191278,191354,189413
3850,1941,80,1,191354,191434,189493
3853,1942,44,2,191434,191478,189536
3854,1943,64,3,191478,191542,189599
3856,1943,67,1,191542,191609,189666
3857,1943,87,1,191609,191696,189753
3855,1943,89,1,191696,191785,189842
3858,1944,46,1,191785,191831,189887
3859,1945,53,2,191831,191884,189939
3861,1946,10,2,191884,191894,189948
3862,1946,56,3,191894,191950,190004
3860,1946,63,2,191950,192013,190067
3864,1947,56,3,192013,192069,190122
3863,1947,84,3,192069,192153,190206
3865,1948,8,3,192153,192161,190213
3867,1948,24,3,192161,192185,190237
3866,1948,61,1,192185,192246,190298
3868,1949,52,3,192246,192298,190349
3869,1950,77,2,192298,192375,190425
3870,1951,60,1,192375,192435,190484
3872,1952,48,3,192435,192483,190531
3871,1952,72,1,192483,192555,190603
3873,1953,88,1,192555,192643,190690
3874,1954,82,2,192643,192725,190771
3875,1955,88,1,192725,192813,190858
3877,1956,37,1,192813,192850,190894
3876,1956,82,3,192850,192932,190976
3878,1957,43,3,192932,192975,191018
3879,1958,31,3,192975,193006,191048
3880,1959,25,1,193006,193031,191072
3881,1960,49,2,193031,193080,191120
3882,1961,26,1,193080,193106,191145
3883,1962,47,2,193106,193153,191191
3884,1962,92,2,193153,193245,191283
3885,1963,38,2,193245,193283,191320
3887,1963,45,1,193283,193328,191365
3888,1963,95,2,193328,193423,191460
3886,1963,100,3,193423,193523,191560
3890,1964,2,1,193523,193525,191561
3889,1964,3,1,193525,193528,191564
3891,1964,32,1,193528,193560,191596
3893,1964,70,2,193560,193630,191666
3892,1964,82,3,193630,193712,191748
3895,1965,56,1,193712,193768,191803
3897,1965,71,1,193768,193839,191874
3896,1965,76,1,193839,193915,191950
3894,1965,80,1,193915,193995,192030
3898,1966,53,1,193995,194048,192082
3899,1966,81,3,194048,194129,192163
3900,1967,84,3,194129,194213,192246
3903,1968,24,1,194213,194237,192269
3902,1968,36,3,194237,194273,192305
3901,1968,44,3,194273,194317,192349
3905,1969,49,1,194317,194366,192397
3904,1969,94,1,194366,194460,192491
3906,1970,9,2,194460,194469,192499
3908,1970,35,2,194469,194504,192534
3909,1970,58,2,194504,194562,192592
3907,1970,80,2,194562,194642,192672
3911,1971,27,1,194642,194669,192698
3910,1971,90,1,194669,194759,192788
3912,1972,56,3,194759,194815,192843
3913,1973,60,2,194815,194875,192902
3915,1974,3,3,194875,194878,192904
3914,1974,97,2,194878,194975,193001
3916,1975,98,2,194975,195073,193098
3918,1976,8,1,195073,195081,193105
3917,1976,19,1,195081,195100,193124
3919,1976,86,3,195100,195186,193210
3920,1977,14,1,195186,195200,193223
3925,1978,2,2,195200,195202,193224
3924,1978,27,1,195202,195229,193251
3923,1978,57,1,195229,195286,193308
3921,1978,68,2,195286,195354,193376
3927,1978,83,3,195354,195437,193459
3922,1978,93,3,195437,195530,193552
3926,1978,93,3,195530,195623,193645
3928,1979,68,3,195623,195691,193712
3929,1979,71,1,195691,195762,193783
3930,1980,36,3,195762,195798,193818
3931,1981,13,3,195798,195811,193830
3937,1982,15,3,195811,195826,193844
3936,1982,19,3,195826,195845,193863
3932,1982,31,1,195845,195876,193894
3933,1982,46,1,195876,195922,193940
3935,1982,48,2,195922,195970,193988
3934,1982,76,3,195970,196046,194064
3941,1983,46,3,196046,196092,194109
3940,1983,69,2,196092,196161,194178
3938,1983,84,3,196161,196245,194262
3939,1983,93,3,196245,196338,194355
3942,1984,77,3,196338,196415,194431
3943,1985,82,1,196415,196497,194512
3945,1986,50,1,196497,196547,194561
3944,1986,94,3,196547,196641,194655
3946,1987,86,2,196641,196727,194740
3947,1988,96,3,196727,196823,194835
3949,1989,10,2,196823,196833,194844
3950,1989,11,2,196833,196844,194855
3948,1989,93,2,196844,196937,194948
3951,1990,12,1,196937,196949,194959
3952,1991,42,3,196949,196991,195000
3953,1992,13,1,196991,197004,195012
3954,1993,31,3,197004,197035,195042
3955,1993,37,2,197035,197072,195079
3956,1994,9,1,197072,197081,195087
3959,1995,55,1,197081,197136,195141
3957,1995,61,1,197136,197197,195202
3958,1995,98,1,197197,197295,195300
3960,1996,13,2,197295,197308,195312
3962,1997,26,2,197308,197334,195337
3961,1997,58,2,197334,197392,195395
3963,1998,66,3,197392,197458,195460
3964,1999,32,3,197458,197490,195491
3965,1999,96,2,197490,197586,195587
3966,2000,72,3,197586,197658,195658
3967,2001,8,1,197658,197666,195665
3968,2001,80,2,197666,197746,195745
3969,2002,40,1,197746,197786,195784
3970,2003,44,3,197786,197830,195827
3971,2004,69,2,197830,197899,195895
3972,2004,71,1,197899,197970,195966
3973,2005,46,1,197970,198016,196011
3974,2006,9,3,198016,198025,196019
3975,2006,17,3,198025,198042,196036
3976,2007,25,2,198042,198067,196060
3977,2008,19,2,198067,198086,196078
3978,2009,13,3,198086,198099,196090
3979,2009,56,3,198099,198155,196146
3981,2010,0,2,198155,198155,196145
3980,2010,57,1,198155,198212,196202
3983,2010,76,1,198212,198288,196278
3982,2010,91,3,198288,198379,196369
3985,2011,35,1,198379,198414,196403
3984,2011,36,3,198414,198450,196439
3988,2012,2,1,198450,198452,196440
3989,2012,4,3,198452,198456,196444
3987,2012,32,3,198456,198488,196476
3986,2012,98,2,198488,198586,196574
3990,2013,57,3,198586,198643,196630
3991,2014,24,2,198643,198667,196653
3993,2014,50,3,198667,198717,196703
3992,2014,95,3,198717,198812,196798
3995,2015,24,1,198812,198836,196821
3994,2015,61,3,198836,198897,196882
3996,2016,58,3,198897,198955,196939
3997,2017,25,2,198955,198980,196963
3998,2018,13,3,198980,198993,196975
3999,2018,82,1,198993,199075,197057
4003,2019,6,2,199075,199081,197062
4002,2019,29,3,199081,199110,197091
4000,2019,54,1,199110,199164,197145
4001,2019,99,2,199164,199263,197244
4004,2020,28,1,199263,199291,197271
4005,2021,88,1,199291,199379,197358
4006,2022,31,2,199379,199410,197388
4007,2023,8,1,199410,199418,197395
4008,2023,18,2,199418,199436,197413
4010,2023,50,2,199436,199486,197463
4009,2023,58,3,199486,199544,197521
4011,2024,72,3,199544,199616,197592
4012,2025,35,3,199616,199651,197626
4013,2026,61,2,199651,199712,197686
4014,2026,87,1,199712,199799,197773
4015,2027,93,2,199799,199892,197865
4016,2028,2,1,199892,199894,197866
4017,2028,10,2,199894,199904,197876
4018,2028,66,2,199904,199970,197942
4019,2028,99,1,199970,200069,198041
4020,2029,34,2,200069,200103,198074
4021,2029,59,1,200103,200162,198133
4022,2030,17,1,200162,200179,198149
4023,2030,23,1,200179,200202,198172
4024,2031,7,1,200202,200209,198178
4026,2032,26,2,200209,200235,198203
4025,2032,89,2,200235,200324,198292
4028,2033,5,1,200324,200329,198296
4027,2033,38,2,200329,200367,198334
4029,2034,50,2,200367,200417,198383
4030,2035,86,1,200417,200503,198468
4031,2036,82,2,200503,200585,198549
4032,2037,7,3,200585,200592,198555
4033,2038,87,3,200592,200679,198641
4037,2039,20,1,200679,200699,198660
4034,2039,45,2,200699,200744,198705
4036,2039,90,3,200744,200834,198795
4035,2039,96,2,200834,200930,198891
4038,2040,46,1,200930,200976,198936
4040,2041,49,2,200976,201025,198984
4039,2041,49,3,201025,201074,199033
4041,2042,80,3,201074,201154,199112
4042,2043,88,2,201154,201242,199199
4043,2044,20,2,201242,201262,199218
4044,2045,65,2,201262,201327,199282
4045,2046,58,2,201327,201385,199339
4046,2047,24,1,201385,201409,199362
4047,2048,6,3,201409,201415,199367
4048,2049,26,3,201415,201441,199392
4052,2050,8,1,201441,201449,199399
4051,2050,42,1,201449,201491,199441
4049,2050,64,2,201491,201555,199505
4050,2050,76,2,201555,201631,199581
4053,2051,80,3,201631,201711,199660
4054,2052,23,3,201711,201734,199682
4055,2052,37,3,201734,201771,199719
4056,2052,86,2,201771,201857,199805
4057,2052,90,2,201857,201947,199895
4058,2053,52,1,201947,201999,199946
4060,2054,11,2,201999,202010,199956
4059,2054,55,2,202010,202065,200011
4062,2055,46,2,202065,202111,200056
4061,2055,94,1,202111,202205,200150
4063,2055,96,3,202205,202301,200246
4065,2056,22,1,202301,202323,200267
4064,2056,60,3,202323,202383,200327
4066,2057,19,1,202383,202402,200345
4067,2058,67,2,202402,202469,200411
4068,2059,9,3,202469,202478,200419
4070,2060,4,1,202478,202482,200422
4069,2060,27,2,202482,202509,200449
4072,2061,88,2,202509,202597,200536
4071,2061,95,2,202597,202692,200631
4073,2062,43,3,202692,202735,200673
4074,2063,95,2,202735,202830,200767
4075,2064,29,1,202830,202859,200795
4076,2065,21,3,202859,202880,200815
4077,2066,75,3,202880,202955,200889
4079,2067,30,3,202955,202985,200918
4078,2067,35,1,202985,203020,200953
4080,2068,8,3,203020,203028,200960
4081,2068,43,1,203028,203071,201003
4082,2068,62,3,203071,203133,201065
4083,2069,23,1,203133,203156,201087
4084,2070,6,1,203156,203162,201092
4088,2070,9,2,203162,203171,201101
4089,2070,22,2,203171,203193,201123
4087,2070,39,3,203193,203232,201162
4086,2070,42,2,203232,203274,201204
4085,2070,100,3,203274,203374,201304
4090,2071,80,3,203374,203454,201383
4091,2072,7,2,203454,203461,201389
4093,2073,78,3,203461,203539,201466
4092,2073,83,2,203539,203622,201549
4094,2074,26,2,203622,203648,201574
4096,2074,58,3,203648,203706,201632
4095,2074,80,1,203706,203786,201712
4097,2075,4,2,203786,203790,201715
4098,2075,59,3,203790,203849,201774
4099,2076,91,3,203849,203940,201864
4100,2077,66,3,203940,204006,201929
4101,2078,74,1,204006,204080,202002
4102,2079,35,2,204080,204115,202036
4103,2080,46,3,204115,204161,202081
4104,2081,67,1,204161,204228,202147
4106,2082,59,3,204228,204287,202205
4105,2082,89,3,204287,204376,202294
4107,2083,53,1,204376,204429,202346
4108,2084,26,1,204429,204455,202371
4109,2085,91,1,204455,204546,202461
4113,2086,5,3,204546,204551,202465
4112,2086,9,2,204551,204560,202474
4111,2086,82,3,204560,204642,202556
4110,2086,95,3,204642,204737,202651
4114,2087,56,1,204737,204793,202706
4115,2088,75,3,204793,204868,202780
4116,2089,63,3,204868,204931,202842
4117,2090,44,2,204931,204975,202885
4118,2091,0,2,204975,204975,202884
4121,2091,8,1,204975,204983,202892
4119,2091,31,3,204983,205014,202923
4120,2091,49,3,205014,205063,202972
4123,2092,10,1,205063,205073,202981
4124,2092,69,3,205073,205142,203050
4122,2092,84,3,205142,205226,203134
4125,2093,5,1,205226,205231,203138
4126,2094,1,2,205231,205232,203138
4128,2095,5,2,205232,205237,203142
4127,2095,36,2,205237,205273,203178
4130,2096,49,2,205273,205322,203226
4129,2096,69,1,205322,205391,203295
4131,2097,76,1,205391,205467,203370
4132,2097,91,1,205467,205558,203461
4134,2098,41,3,205558,205599,203501
4133,2098,76,1,205599,205675,203577
4135,2099,3,2,205675,205678,203579
4136,2099,24,2,205678,205702,203603
4137,2100,94,3,205702,205796,203696
4138,2101,95,2,205796,205891,203790
4139,2102,13,2,205891,205904,203802
4140,2102,17,1,205904,205921,203819
4141,2103,66,3,205921,205987,203884
4142,2104,51,3,205987,206038,203934
4143,2104,79,1,206038,206117,204013
4144,2104,89,3,206117,206206,204102
4145,2105,55,1,206206,206261,204156
4146,2106,15,2,206261,206276,204170
4147,2107,42,2,206276,206318,204211
4148,2108,66,1,206318,206384,204276
4149,2108,67,1,206384,206451,204343
4150,2109,64,3,206451,206515,204406
4151,2110,91,3,206515,206606,204496
4152,2111,58,3,206606,206664,204553
4153,2112,23,2,206664,206687,204575
4156,2113,31,2,206687,206718,204605
4154,2113,87,2,206718,206805,204692
4155,2113,94,2,206805,206899,204786
4157,2113,99,3,206899,206998,204885
4159,2114,6,1,206998,207004,204890
4158,2114,39,3,207004,207043,204929
4160,2115,47,2,207043,207090,204975
4161,2116,47,1,207090,207137,205021
4164,2117,24,2,207137,207161,205044
4163,2117,79,2,207161,207240,205123
4162,2117,80,1,207240,207320,205203
4165,2118,36,1,207320,207356,205238
4166,2118,67,2,207356,207423,205305
4168,2119,0,3,207423,207423,205304
4167,2119,81,3,207423,207504,205385
4169,2120,31,1,207504,207535,205415
4171,2121,15,2,207535,207550,205429
4172,2121,45,1,207550,207595,205474
4170,2121,64,2,207595,207659,205538
4174,2122,24,2,207659,207683,205561
4173,2122,28,1,207683,207711,205589
4175,2123,1,3,207711,207712,205589
4176,2124,96,3,207712,207808,205684
4177,2125,59,3,207808,207867,205742
4178,2126,74,2,207867,207941,205815
4179,2127,3,1,207941,207944,205817
4180,2128,75,2,207944,208019,205891
4181,2129,29,1,208019,208048,205919
4185,2130,22,1,208048,208070,205940
4183,2130,22,2,208070,208092,205962
4182,2130,52,2,208092,208144,206014
4184,2130,73,3,208144,208217,206087
4186,2131,6,1,208217,208223,206092
4188,2132,36,1,208223,208259,206127
4187,2132,80,3,208259,208339,206207
4190,2133,8,2,208339,208347,206214
4189,2133,19,1,208347,208366,206233
4191,2133,92,3,208366,208458,206325
4192,2134,97,2,208458,208555,206421
4194,2135,66,1,208555,208621,206486
4193,2135,69,2,208621,208690,206555
4195,2136,57,1,208690,208747,206611
4196,2136,93,1,208747,208840,206704
4199,2137,40,1,208840,208880,206743
4198,2137,66,1,208880,208946,206809
4197,2137,75,3,208946,209021,206884
4201,2138,2,1,209021,209023,206885
4200,2138,9,3,209023,209032,206894
4203,2139,2,2,209032,209034,206895
4202,2139,56,2,209034,209090,206951
4204,2139,80,2,209090,209170,207031
4206,2140,27,2,209170,209197,207057
4205,2140,93,1,209197,209290,207150
4207,2141,51,2,209290,209341,207200
4208,2142,70,1,209341,209411,207269
4210,2143,1,2,209411,209412,207269
4209,2143,24,2,209412,209436,207293
4211,2143,92,3,209436,209528,207385
4212,2144,68,3,209528,209596,207452
4213,2145,5,2,209596,209601,207456
4214,2146,27,1,209601,209628,207482
4215,2147,16,2,209628,209644,207497
4217,2148,34,1,209644,209678,207530
4218,2148,43,3,209678,209721,207573
4216,2148,52,2,209721,209773,207625
4220,2149,8,2,209773,209781,207632
4219,2149,37,3,209781,209818,207669
4226,2150,26,2,209818,209844,207694
4222,2150,43,3,209844,209887,207737
4224,2150,66,2,209887,209953,207803
4221,2150,70,3,209953,210023,207873
4225,2150,84,3,210023,210107,207957
4223,2150,95,3,210107,210202,208052
4227,2151,31,2,210202,210233,208082
4229,2151,59,3,210233,210292,208141
4228,2151,68,2,210292,210360,208209
4230,2152,93,1,210360,210453,208301
4233,2153,5,2,210453,210458,208305
4235,2153,26,2,210458,210484,208331
4232,2153,45,3,210484,210529,208376
4234,2153,50,3,210529,210579,208426
4231,2153,67,3,210579,210646,208493
4237,2154,2,2,210646,210648,208494
4236,2154,4,3,210648,210652,208498
4238,2155,36,1,210652,210688,208533
4239,2156,17,3,210688,210705,208549
4240,2157,85,2,210705,210790,208633
4241,2158,7,3,210790,210797,208639
4244,2158,17,2,210797,210814,208656
4243,2158,56,2,210814,210870,208712
4242,2158,73,2,210870,210943,208785
4245,2159,17,3,210943,210960,208801
4248,2160,40,3,210960,211000,208840
4247,2160,43,2,211000,211043,208883
4249,2160,50,2,211043,211093,208933
4246,2160,94,3,211093,211187,209027
4251,2161,7,3,211187,211194,209033
4252,2161,12,2,211194,211206,209045
4250,2161,74,3,211206,211280,209119
4255,2162,57,1,211280,211337,209175
4253,2162,60,3,211337,211397,209235
4254,2162,91,2,211397,211488,209326
4256,2162,96,1,211488,211584,209422
4257,2163,48,1,211584,211632,209469
4258,2164,4,2,211632,211636,209472
4259,2164,76,2,211636,211712,209548
4260,2165,9,2,211712,211721,209556
4263,2166,19,1,211721,211740,209574
4262,2166,60,3,211740,211800,209634
4261,2166,70,2,211800,211870,209704
4264,2167,58,3,211870,211928,209761
4266,2168,28,3,211928,211956,209788
4265,2168,92,2,211956,212048,209880
4269,2169,62,1,212048,212110,209941
4268,2169,75,2,212110,212185,210016
4267,2169,94,1,212185,212279,210110
4270,2170,48,3,212279,212327,210157
4271,2170,87,2,212327,212414,210244
4272,2171,48,3,212414,212462,210291
4273,2171,78,2,212462,212540,210369
4274,2172,24,2,212540,212564,210392
4276,2172,26,3,212564,212590,210418
4275,2172,27,1,212590,212617,210445
4277,2173,36,1,212617,212653,210480
4279,2173,68,3,212653,212721,210548
4278,2173,99,1,212721,212820,210647
4280,2174,10,2,212820,212830,210656
4282,2175,19,3,212830,212849,210674
4283,2175,26,2,212849,212875,210700
4285,2175,37,3,212875,212912,210737
4281,2175,41,2,212912,212953,210778
4284,2175,44,3,212953,212997,210822
4286,2175,90,2,212997,213087,210912
4287,2176,69,3,213087,213156,210980
4288,2176,74,3,213156,213230,211054
4289,2177,46,3,213230,213276,211099
4290,2178,42,2,213276,213318,211140
4291,2179,0,2,213318,213318,211139
4292,2180,90,2,213318,213408,211228
4293,2181,10,3,213408,213418,211237
4295,2181,63,1,213418,213481,211300
4294,2181,82,2,213481,213563,211382
4296,2182,0,1,213563,213563,211381
4297,2182,7,2,213563,213570,211388
4298,2182,33,2,213570,213603,211421
4299,2183,96,2,213603,213699,211516
4300,2184,3,3,213699,213702,211518
4303,2184,15,2,213702,213717,211533
4305,2184,34,3,213717,213751,211567
4302,2184,38,2,213751,213789,211605
4301,2184,42,1,213789,213831,211647
4304,2184,66,2,213831,213897,211713
4306,2185,65,2,213897,213962,211777
4307,2186,73,2,213962,214035,211849
4308,2187,71,2,214035,214106,211919
4309,2188,14,1,214106,214120,211932
4310,2188,57,2,214120,214177,211989
4311,2189,24,1,214177,214201,212012
4312,2190,18,1,214201,214219,212029
4315,2191,5,1,214219,214224,212033
4317,2191,27,3,214224,214251,212060
4316,2191,55,3,214251,214306,212115
4318,2191,60,3,214306,214366,212175
4319,2191,81,3,214366,214447,212256
4313,2191,85,3,214447,214532,212341
4314,2191,92,3,214532,214624,212433
4321,2192,49,1,214624,214673,212481
4320,2192,88,2,214673,214761,212569
4323,2193,61,1,214761,214822,212629
4322,2193,73,2,214822,214895,212702
4324,2194,82,3,214895,214977,212783
4326,2195,6,1,214977,214983,212788
4325,2195,36,2,214983,215019,212824
4327,2195,98,3,215019,215117,212922
4328,2196,76,1,215117,215193,212997
4329,2197,58,3,215193,215251,213054
4330,2198,83,1,215251,215334,213136
4333,2199,16,1,215334,215350,213151
4331,2199,21,3,215350,215371,213172
4334,2199,24,3,215371,215395,213196
4332,2199,36,1,215395,215431,213232
4335,2200,100,2,215431,215531,213331
4339,2201,6,1,215531,215537,213336
4341,2201,39,2,215537,215576,213375
4337,2201,75,1,215576,215651,213450
4340,2201,78,3,215651,215729,213528
4338,2201,80,3,215729,215809,213608
4336,2201,84,3,215809,215893,213692
4343,2202,3,2,215893,215896,213694
4342,2202,38,3,215896,215934,213732
4345,2203,28,1,215934,215962,213759
4344,2203,51,3,215962,216013,213810
4346,2203,63,2,216013,216076,213873
4347,2204,40,3,216076,216116,213912
4349,2204,76,1,216116,216192,213988
4348,2204,86,2,216192,216278,214074
4350,2205,18,1,216278,216296,214091
4351,2206,93,3,216296,216389,214183
4352,2207,59,3,216389,216448,214241
4354,2208,11,1,216448,216459,214251
4353,2208,14,1,216459,216473,214265
4355,2208,32,3,216473,216505,214297
4356,2209,79,1,216505,216584,214375
4360,2210,9,1,216584,216593,214383
4361,2210,20,2,216593,216613,214403
4357,2210,31,1,216613,216644,214434
4359,2210,52,3,216644,216696,214486
4362,2210,55,1,216696,216751,214541
4358,2210,93,1,216751,216844,214634
4363,2211,90,1,216844,216934,214723
4364,2212,6,1,216934,216940,214728
4366,2212,58,2,216940,216998,214786
4367,2212,61,1,216998,217059,214847
4369,2212,61,2,217059,217120,214908
4368,2212,85,1,217120,217205,214993
4365,2212,95,2,217205,217300,215088
4370,2213,15,1,217300,217315,215102
4373,2213,26,3,217315,217341,215128
4371,2213,82,1,217341,217423,215210
4372,2213,95,2,217423,217518,215305
4374,2214,83,2,217518,217601,215387
4375,2215,75,2,217601,217676,215461
4376,2215,93,2,217676,217769,215554
4377,2216,69,1,217769,217838,215622
4378,2217,61,2,217838,217899,215682
4379,2218,10,3,217899,217909,215691
4380,2219,41,2,217909,217950,215731
4381,2220,13,2,217950,217963,215743
4386,2220,25,1,217963,217988,215768
4383,2220,27,2,217988,218015,215795
4384,2220,36,2,218015,218051,215831
4382,2220,43,2,218051,218094,215874
4385,2220,50,1,218094,218144,215924
4387,2221,2,3,218144,218146,215925
4391,2222,15,3,218146,218161,215939
4389,2222,25,3,218161,218186,215964
4390,2222,35,3,218186,218221,215999
4388,2222,41,2,218221,218262,216040
4392,2223,92,1,218262,218354,216131
4393,2224,16,2,218354,218370,216146
4394,2225,7,1,218370,218377,216152
4397,2225,31,1,218377,218408,216183
4396,2225,44,2,218408,218452,216227
4395,2225,78,2,218452,218530,216305
4398,2226,56,1,218530,218586,216360
4402,2227,10,1,218586,218596,216369
4401,2227,21,1,218596,218617,216390
4400,2227,72,2,218617,218689,216462
4399,2227,73,3,218689,218762,216535
4403,2228,78,2,218762,218840,216612
4404,2229,58,3,218840,218898,216669
4405,2229,87,3,218898,218985,216756
4406,2230,15,1,218985,219000,216770
4408,2231,4,3,219000,219004,216773
4407,2231,40,1,219004,219044,216813
4410,2231,49,2,219044,219093,216862
4409,2231,57,2,219093,219150,216919
4411,2232,17,3,219150,219167,216935
4413,2233,12,2,219167,219179,216946
4412,2233,68,3,219179,219247,217014
4414,2233,84,3,219247,219331,217098
4417,2234,48,2,219331,219379,217145
4415,2234,78,1,219379,219457,217223
4418,2234,79,1,219457,219536,217302
4416,2234,83,1,219536,219619,217385
4420,2235,28,2,219619,219647,217412
4419,2235,52,1,219647,219699,217464
4423,2236,3,1,219699,219702,217466
4422,2236,14,1,219702,219716,217480
4421,2236,21,3,219716,219737,217501
4425,2237,57,3,219737,219794,217557
4424,2237,99,3,219794,219893,217656
4426,2238,42,2,219893,219935,217697
4427,2239,56,2,219935,219991,217752
4428,2240,25,3,219991,220016,217776
4429,2240,27,2,220016,220043,217803
4430,2241,29,3,220043,220072,217831
4431,2242,59,2,220072,220131,217889
4433,2243,70,1,220131,220201,217958
4432,2243,100,3,220201,220301,218058
4434,2244,21,1,220301,220322,218078
4435,2245,42,2,220322,220364,218119
4436,2246,22,3,220364,220386,218140
4438,2247,6,2,220386,220392,218145
4437,2247,45,2,220392,220437,218190
4439,2248,2,3,220437,220439,218191
4440,2248,66,3,220439,220505,218257
4441,2249,83,1,220505,220588,218339
4446,2250,2,1,220588,220590,218340
4444,2250,19,2,220590,220609,218359
4447,2250,42,2,220609,220651,218401
4442,2250,47,2,220651,220698,218448
4448,2250,55,3,220698,220753,218503
4445,2250,63,1,220753,220816,218566
4443,2250,98,2,220816,220914,218664
4451,2251,41,3,220914,220955,218704
4449,2251,65,2,220955,221020,218769
4450,2251,99,2,221020,221119,218868
4452,2252,95,1,221119,221214,218962
4453,2253,43,3,221214,221257,219004
4454,2254,46,3,221257,221303,219049
4455,2254,47,1,221303,221350,219096
4457,2255,7,2,221350,221357,219102
4458,2255,76,3,221357,221433,219178
4456,2255,90,3,221433,221523,219268
4459,2256,72,3,221523,221595,219339
4460,2257,7,1,221595,221602,219345
4461,2258,99,3,221602,221701,219443
4462,2259,34,3,221701,221735,219476
4463,2260,65,2,221735,221800,219540
4464,2260,66,2,221800,221866,219606
4465,2260,90,2,221866,221956,219696
4468,2261,0,2,221956,221956,219695
4467,2261,5,2,221956,221961,219700
4471,2261,23,1,221961,221984,219723
4470,2261,46,1,221984,222030,219769
4466,2261,67,3,222030,222097,219836
4469,2261,98,2,222097,222195,219934
4472,2262,21,3,222195,222216,219954
4473,2262,42,2,222216,222258,219996
4474,2263,83,1,222258,222341,220078
4476,2264,16,2,222341,222357,220093
4475,2264,45,3,222357,222402,220138
4478,2265,85,1,222402,222487,220222
4477,2265,98,3,222487,222585,220320
4479,2266,3,1,222585,222588,220322
4481,2267,33,1,222588,222621,220354
4480,2267,37,1,222621,222658,220391
4484,2268,13,1,222658,222671,220403
4482,2268,25,1,222671,222696,220428
4483,2268,73,3,222696,222769,220501
4485,2268,92,1,222769,222861,220593
4487,2269,79,3,222861,222940,220671
4486,2269,97,3,222940,223037,220768
4488,2270,71,1,223037,223108,220838
4489,2271,32,3,223108,223140,220869
4490,2272,24,3,223140,223164,220892
4491,2272,77,2,223164,223241,220969
4492,2272,99,2,223241,223340,221068
4493,2273,60,2,223340,223400,221127
4494,2274,20,2,223400,223420,221146
4495,2275,43,2,223420,223463,221188
4496,2276,25,1,223463,223488,221212
4497,2277,48,1,223488,223536,221259
4501,2278,15,1,223536,223551,221273
4502,2278,24,2,223551,223575,221297
4500,2278,49,1,223575,223624,221346
4498,2278,62,2,223624,223686,221408
4499,2278,89,3,223686,223775,221497
4504,2279,17,2,223775,223792,221513
4503,2279,81,1,223792,223873,221594
4505,2280,91,2,223873,223964,221684
4507,2281,20,3,223964,223984,221703
4506,2281,38,3,223984,224022,221741
4508,2282,27,2,224022,224049,221767
4509,2282,74,3,224049,224123,221841
4510,2283,38,1,224123,224161,221878
4512,2283,52,3,224161,224213,221930
4511,2283,92,2,224213,224305,222022
4513,2284,38,2,224305,224343,222059
4514,2285,64,2,224343,224407,222122
4515,2286,79,3,224407,224486,222200
4516,2287,31,1,224486,224517,222230
4517,2287,55,1,224517,224572,222285
4518,2288,49,2,224572,224621,222333
4519,2289,5,3,224621,224626,222337
4520,2289,99,2,224626,224725,222436
4521,2290,17,2,224725,224742,222452
4522,2291,17,3,224742,224759,222468
4523,2292,79,2,224759,224838,222546
4524,2293,54,3,224838,224892,222599
4525,2294,72,1,224892,224964,222670
4527,2295,35,2,224964,224999,222704
4526,2295,65,3,224999,225064,222769
4528,2295,94,2,225064,225158,222863
4529,2296,8,2,225158,225166,222870
4530,2297,28,3,225166,225194,222897
4531,2297,33,1,225194,225227,222930
4534,2298,17,3,225227,225244,222946
4532,2298,55,2,225244,225299,223001
4533,2298,71,2,225299,225370,223072
4535,2299,45,2,225370,225415,223116
4536,2299,53,3,225415,225468,223169
4539,2299,65,2,225468,225533,223234
4538,2299,83,3,225533,225616,223317
4537,2299,89,3,225616,225705,223406
4540,2300,49,3,225705,225754,223454
4542,2301,99,1,225754,225853,223552
4541,2301,100,2,225853,225953,223652
4543,2302,13,2,225953,225966,223664
4544,2303,35,2,225966,226001,223698
4546,2304,26,3,226001,226027,223723
4545,2304,67,1,226027,226094,223790
4547,2304,94,2,226094,226188,223884
4548,2305,0,1,226188,226188,223883
4550,2305,23,1,226188,226211,223906
4549,2305,62,1,226211,226273,223968
4551,2305,78,2,226273,226351,224046
4552,2306,73,1,226351,226424,224118
4553,2307,78,3,226424,226502,224195
4554,2308,26,3,226502,226528,224220
4555,2309,100,3,226528,226628,224319
4556,2310,48,1,226628,226676,224366
4557,2311,38,2,226676,226714,224403
4558,2311,81,2,226714,226795,224484
4559,2312,29,1,226795,226824,224512
4560,2312,73,3,226824,226897,224585
4561,2313,73,1,226897,226970,224657
4562,2314,75,1,226970,227045,224731
4564,2315,54,1,227045,227099,224784
4563,2315,84,3,227099,227183,224868
4565,2316,29,1,227183,227212,224896
4567,2316,34,3,227212,227246,224930
4566,2316,46,1,227246,227292,224976
4569,2317,5,3,227292,227297,224980
4570,2317,72,2,227297,227369,225052
4568,2317,81,3,227369,227450,225133
4572,2318,9,1,227450,227459,225141
4573,2318,29,3,227459,227488,225170
4571,2318,40,3,227488,227528,225210
4574,2319,15,2,227528,227543,225224
4575,2319,37,3,227543,227580,225261
4577,2319,76,3,227580,227656,225337
4576,2319,86,1,227656,227742,225423
4581,2320,74,2,227742,227816,225496
4578,2320,80,2,227816,227896,225576
4582,2320,84,1,227896,227980,225660
4583,2320,95,2,227980,228075,225755
4579,2320,96,3,228075,228171,225851
4580,2320,100,1,228171,228271,225951
4584,2321,28,3,228271,228299,225978
4586,2322,19,1,228299,228318,225996
4587,2322,26,1,228318,228344,226022
4585,2322,37,1,228344,228381,226059
4589,2323,35,2,228381,228416,226093
4588,2323,78,1,228416,228494,226171
4590,2324,30,2,228494,228524,226200
4591,2325,27,1,228524,228551,226226
4594,2326,19,2,228551,228570,226244
4592,2326,29,2,228570,228599,226273
4593,2326,76,2,228599,228675,226349
4595,2326,100,2,228675,228775,226449
4596,2327,54,3,228775,228829,226502
4599,2328,39,2,228829,228868,226540
4597,2328,40,1,228868,228908,226580
4600,2328,43,3,228908,228951,226623
4598,2328,97,3,228951,229048,226720
4601,2329,19,1,229048,229067,226738
4602,2330,94,1,229067,229161,226831
4603,2331,29,3,229161,229190,226859
4604,2331,40,3,229190,229230,226899
4606,2331,52,3,229230,229282,226951
4605,2331,67,3,229282,229349,227018
4607,2332,82,2,229349,229431,227099
4608,2333,10,2,229431,229441,227108
4609,2334,39,3,229441,229480,227146
4610,2334,99,3,229480,229579,227245
4611,2335,94,1,229579,229673,227338
4612,2336,53,2,229673,229726,227390
4613,2337,23,1,229726,229749,227412
4616,2338,4,1,229749,229753,227415
4615,2338,6,3,229753,229759,227421
4614,2338,20,2,229759,229779,227441
4617,2338,72,2,229779,229851,227513
4618,2339,5,3,229851,229856,227517
4619,2339,24,3,229856,229880,227541
4620,2339,43,3,229880,229923,227584
4622,2340,89,2,229923,230012,227672
4621,2340,98,1,230012,230110,227770
4623,2341,71,1,230110,230181,227840
4624,2342,50,2,230181,230231,227889
4625,2343,17,3,230231,230248,227905
4626,2344,83,1,230248,230331,227987
4628,2345,25,3,230331,230356,228011
4627,2345,60,2,230356,230416,228071
4629,2346,73,1,230416,230489,228143
4631,2347,20,2,230489,230509,228162
4630,2347,86,2,230509,230595,228248
4638,2348,17,2,230595,230612,228264
4633,2348,23,3,230612,230635,228287
4636,2348,24,2,230635,230659,228311
4632,2348,50,2,230659,230709,228361
4637,2348,70,3,230709,230779,228431
4635,2348,81,2,230779,230860,228512
4634,2348,84,1,230860,230944,228596
4639,2349,21,3,230944,230965,228616
4641,2350,52,1,230965,231017,228667
4640,2350,81,3,231017,231098,228748
4642,2351,12,1,231098,231110,228759
4645,2351,33,2,231110,231143,228792
4643,2351,35,3,231143,231178,228827
4644,2351,42,3,231178,231220,228869
4646,2352,38,1,231220,231258,228906
4647,2352,95,2,231258,231353,229001
4648,2353,42,2,231353,231395,229042
4649,2353,57,1,231395,231452,229099
4651,2354,35,3,231452,231487,229133
4650,2354,65,1,231487,231552,229198
4652,2355,96,2,231552,231648,229293
4654,2356,43,2,231648,231691,229335
4653,2356,68,1,231691,231759,229403
4655,2357,12,3,231759,231771,229414
4656,2358,61,3,231771,231832,229474
4657,2359,1,1,231832,231833,229474
4659,2360,6,1,231833,231839,229479
4658,2360,16,1,231839,231855,229495
4660,2360,60,3,231855,231915,229555
4661,2360,72,2,231915,231987,229627
4662,2361,70,1,231987,232057,229696
4663,2361,97,3,232057,232154,229793
4666,2362,1,3,232154,232155,229793
4664,2362,19,2,232155,232174,229812
4667,2362,86,2,232174,232260,229898
4665,2362,96,1,232260,232356,229994
4669,2363,1,3,232356,232357,229994
4668,2363,31,3,232357,232388,230025
4670,2364,82,1,232388,232470,230106
4671,2365,58,3,232470,232528,230163
4672,2366,35,2,232528,232563,230197
4673,2367,0,2,232563,232563,230196
4675,2368,55,2,232563,232618,230250
4674,2368,67,3,232618,232685,230317
4680,2369,54,1,232685,232739,230370
4682,2369,60,1,232739,232799,230430
4677,2369,60,2,232799,232859,230490
4681,2369,75,3,232859,232934,230565
4678,2369,76,1,232934,233010,230641
4676,2369,85,1,233010,233095,230726
4679,2369,97,2,233095,233192,230823
4683,2370,60,3,233192,233252,230882
4684,2371,9,2,233252,233261,230890
4685,2371,12,3,233261,233273,230902
4687,2372,24,2,233273,233297,230925
4686,2372,49,1,233297,233346,230974
4688,2373,67,1,233346,233413,231040
4689,2374,40,2,233413,233453,231079
4690,2375,86,2,233453,233539,231164
4691,2376,29,1,233539,233568,231192
4692,2377,16,1,233568,233584,231207
4693,2378,93,2,233584,233677,231299
4694,2379,12,1,233677,233689,231310
4696,2379,57,3,233689,233746,231367
4695,2379,72,1,233746,233818,231439
4697,2380,69,3,233818,233887,231507
4698,2380,100,3,233887,233987,231607
4699,2381,96,3,233987,234083,231702
4702,2382,53,1,234083,234136,231754
4700,2382,68,1,234136,234204,231822
4701,2382,99,2,234204,234303,231921
4704,2383,0,2,234303,234303,231920
4703,2383,48,2,234303,234351,231968
4705,2384,42,2,234351,234393,232009
4706,2384,71,2,234393,234464,232080
4710,2385,20,2,234464,234484,232099
4708,2385,28,2,234484,234512,232127
4707,2385,48,1,234512,234560,232175
4709,2385,95,2,234560,234655,232270
4712,2386,26,2,234655,234681,232295
4711,2386,33,2,234681,234714,232328
4713,2386,62,2,234714,234776,232390
4715,2387,38,2,234776,234814,232427
4714,2387,72,3,234814,234886,232499
4716,2388,13,2,234886,234899,232511
4717,2389,3,1,234899,234902,232513
4718,2390,81,2,234902,234983,232593
4719,2391,0,2,234983,234983,232592
4720,2392,63,2,234983,235046,232654
4721,2393,53,3,235046,235099,232706
4722,2394,96,2,235099,235195,232801
4723,2395,2,2,235195,235197,232802
4724,2396,88,2,235197,235285,232889
4725,2397,39,1,235285,235324,232927
4726,2397,49,2,235324,235373,232976
4730,2398,0,1,235373,235373,232975
4728,2398,36,2,235373,235409,233011
4729,2398,67,2,235409,235476,233078
4727,2398,76,1,235476,235552,233154
4731,2399,44,1,235552,235596,233197
4732,2399,100,2,235596,235696,233297
4733,2400,29,3,235696,235725,233325
4734,2400,42,1,235725,235767,233367
4736,2401,21,2,235767,235788,233387
4735,2401,51,3,235788,235839,233438
4737,2402,4,2,235839,235843,233441
4739,2403,2,1,235843,235845,233442
4740,2403,51,1,235845,235896,233493
4741,2403,88,2,235896,235984,233581
4738,2403,94,1,235984,236078,233675
4742,2404,16,2,236078,236094,233690
4743,2404,96,2,236094,236190,233786
4744,2405,27,3,236190,236217,233812
4745,2406,67,3,236217,236284,233878
4746,2406,75,1,236284,236359,233953
4748,2407,1,2,236359,236360,233953
4747,2407,5,3,236360,236365,233958
4752,2408,10,3,236365,236375,233967
4751,2408,16,3,236375,236391,233983
4753,2408,36,2,236391,236427,234019
4750,2408,78,2,236427,236505,234097
4749,2408,79,3,236505,236584,234176
4754,2409,68,3,236584,236652,234243
4756,2410,11,3,236652,236663,234253
4755,2410,77,2,236663,236740,234330
4757,2411,55,3,236740,236795,234384
4759,2411,66,1,236795,236861,234450
4758,2411,87,3,236861,236948,234537
4760,2412,52,2,236948,237000,234588
4762,2413,73,3,237000,237073,234660
4761,2413,87,1,237073,237160,234747
4763,2414,6,1,237160,237166,234752
4764,2415,26,2,237166,237192,234777
4765,2416,50,2,237192,237242,234826
4767,2417,53,3,237242,237295,234878
4768,2417,55,1,237295,237350,234933
4766,2417,70,3,237350,237420,235003
4769,2418,17,3,237420,237437,235019
4770,2418,84,3,237437,237521,235103
4771,2419,0,1,237521,237521,235102
4772,2420,84,3,237521,237605,235185
4773,2421,94,2,237605,237699,235278
4774,2422,85,1,237699,237784,235362
4780,2423,26,3,237784,237810,235387
4777,2423,46,2,237810,237856,235433
4779,2423,57,1,237856,237913,235490
4775,2423,85,1,237913,237998,235575
4776,2423,92,3,237998,238090,235667
4778,2423,99,2,238090,238189,235766
4781,2424,12,3,238189,238201,235777
4782,2424,27,2,238201,238228,235804
4783,2425,12,3,238228,238240,235815
4784,2425,71,3,238240,238311,235886
4785,2426,0,1,238311,238311,235885
4788,2427,42,1,238311,238353,235926
4789,2427,44,3,238353,238397,235970
4786,2427,80,1,238397,238477,236050
4787,2427,95,3,238477,238572,236145
4791,2428,33,3,238572,238605,236177
4797,2428,40,1,238605,238645,236217
4793,2428,56,3,238645,238701,236273
4792,2428,62,1,238701,238763,236335
4795,2428,66,1,238763,238829,236401
4794,2428,71,2,238829,238900,236472
4790,2428,73,3,238900,238973,236545
4796,2428,82,3,238973,239055,236627
4800,2429,22,1,239055,239077,236648
4799,2429,52,1,239077,239129,236700
4798,2429,56,3,239129,239185,236756
4802,2430,86,1,239185,239271,236841
4801,2430,88,2,239271,239359,236929
4803,2431,30,3,239359,239389,236958
4804,2432,76,1,239389,239465,237033
4809,2433,34,1,239465,239499,237066
4806,2433,36,3,239499,239535,237102
4810,2433,62,2,239535,239597,237164
4808,2433,84,2,239597,239681,237248
4807,2433,84,3,239681,239765,237332
4805,2433,86,2,239765,239851,237418
4812,2434,45,2,239851,239896,237462
4811,2434,100,3,239896,239996,237562
4813,2435,55,3,239996,240051,237616
4814,2436,40,3,240051,240091,237655
4815,2437,43,3,240091,240134,237697
4816,2437,55,3,240134,240189,237752
4817,2438,11,3,240189,240200,237762
4819,2439,3,2,240200,240203,237764
4820,2439,16,3,240203,240219,237780
4818,2439,83,1,240219,240302,237863
4821,2440,19,1,240302,240321,237881
4822,2440,59,3,240321,240380,237940
4823,2441,66,3,240380,240446,238005
4824,2442,28,3,240446,240474,238032
4825,2443,2,3,240474,240476,238033
4826,2444,15,3,240476,240491,238047
4829,2445,1,3,240491,240492,238047
4828,2445,7,3,240492,240499,238054
4827,2445,22,1,240499,240521,238076
4830,2445,58,1,240521,240579,238134
4831,2446,55,3,240579,240634,238188
4835,2447,11,3,240634,240645,238198
4832,2447,27,2,240645,240672,238225
4834,2447,31,2,240672,240703,238256
4833,2447,100,1,240703,240803,238356
4836,2448,49,1,240803,240852,238404
4839,2449,20,1,240852,240872,238423
4837,2449,73,3,240872,240945,238496
4838,2449,87,1,240945,241032,238583
4840,2450,19,3,241032,241051,238601
4841,2451,53,1,241051,241104,238653
4842,2452,0,3,241104,241104,238652
4843,2453,12,1,241104,241116,238663
4844,2454,12,3,241116,241128,238674
4849,2455,15,2,241128,241143,238688
4848,2455,32,2,241143,241175,238720
4846,2455,40,3,241175,241215,238760
4845,2455,59,3,241215,241274,238819
4847,2455,63,3,241274,241337,238882
4850,2456,41,2,241337,241378,238922
4851,2457,88,2,241378,241466,239009
4853,2458,47,3,241466,241513,239055
4852,2458,68,2,241513,241581,239123
4854,2458,85,1,241581,241666,239208
4855,2459,17,2,241666,241683,239224
4856,2460,63,1,241683,241746,239286
4857,2461,76,1,241746,241822,239361
4858,2462,8,1,241822,241830,239368
4860,2463,48,2,241830,241878,239415
4859,2463,71,1,241878,241949,239486
4863,2464,1,1,241949,241950,239486
4861,2464,24,1,241950,241974,239510
4862,2464,44,3,241974,242018,239554
4867,2465,8,3,242018,242026,239561
4865,2465,32,2,242026,242058,239593
4866,2465,80,3,242058,242138,239673
4864,2465,94,1,242138,242232,239767
4869,2466,21,2,242232,242253,239787
4868,2466,53,3,242253,242306,239840
4870,2467,59,2,242306,242365,239898
4872,2468,49,2,242365,242414,239946
4871,2468,75,2,242414,242489,240021
4873,2469,20,3,242489,242509,240040
4874,2470,64,3,242509,242573,240103
4875,2471,31,2,242573,242604,240133
4876,2472,1,2,242604,242605,240133
4877,2472,38,2,242605,242643,240171
4879,2473,60,3,242643,242703,240230
4878,2473,71,3,242703,242774,240301
4884,2474,25,3,242774,242799,240325
4881,2474,33,1,242799,242832,240358
4880,2474,42,1,242832,242874,240400
4883,2474,70,3,242874,242944,240470
4882,2474,100,3,242944,243044,240570
4885,2474,100,3,243044,243144,240670
4886,2475,76,1,243144,243220,240745
4887,2476,61,1,243220,243281,240805
4888,2477,27,3,243281,243308,240831
4890,2478,30,1,243308,243338,240860
4889,2478,68,2,243338,243406,240928
4891,2479,1,3,243406,243407,240928
4892,2480,32,3,243407,243439,240959
4893,2480,91,3,243439,243530,241050
4894,2481,57,2,243530,243587,241106
4897,2482,10,2,243587,243597,241115
4895,2482,39,3,243597,243636,241154
4896,2482,68,2,243636,243704,241222
4900,2483,0,1,243704,243704,241221
4902,2483,15,2,243704,243719,241236
4899,2483,36,1,243719,243755,241272
4901,2483,87,2,243755,243842,241359
4898,2483,100,1,243842,243942,241459
4903,2484,96,2,243942,244038,241554
4904,2485,53,2,244038,244091,241606
4905,2486,34,2,244091,244125,241639
4908,2487,13,1,244125,244138,241651
4907,2487,24,3,244138,244162,241675
4910,2487,38,3,244162,244200,241713
4906,2487,63,1,244200,244263,241776
4909,2487,95,1,244263,244358,241871
4911,2488,29,2,244358,244387,241899
4912,2489,49,1,244387,244436,241947
4916,2490,28,2,244436,244464,241974
4915,2490,51,3,244464,244515,242025
4914,2490,96,1,244515,244611,242121
4913,2490,99,3,244611,244710,242220
4918,2491,42,1,244710,244752,242261
4917,2491,74,3,244752,244826,242335
4919,2492,68,3,244826,244894,242402
4920,2493,82,2,244894,244976,242483
4921,2494,86,1,244976,245062,242568
4922,2495,76,1,245062,245138,242643
4923,2496,46,3,245138,245184,242688
4924,2496,93,3,245184,245277,242781
4926,2497,13,2,245277,245290,242793
4927,2497,46,3,245290,245336,242839
4925,2497,80,3,245336,245416,242919
4930,2498,12,2,245416,245428,242930
4928,2498,17,2,245428,245445,242947
4929,2498,38,2,245445,245483,242985
4931,2499,35,1,245483,245518,243019
4933,2500,57,2,245518,245575,243075
4932,2500,97,3,245575,245672,243172
4935,2501,2,2,245672,245674,243173
4934,2501,13,2,245674,245687,243186
4936,2501,73,1,245687,245760,243259
4937,2501,86,3,245760,245846,243345
4939,2502,13,3,245846,245859,243357
4942,2502,34,3,245859,245893,243391
4941,2502,42,3,245893,245935,243433
4938,2502,59,3,245935,245994,243492
4940,2502,93,2,245994,246087,243585
4943,2503,64,3,246087,246151,243648
4946,2504,35,2,246151,246186,243682
4945,2504,59,2,246186,246245,243741
4944,2504,84,2,246245,246329,243825
4947,2504,94,1,246329,246423,243919
4948,2505,79,1,246423,246502,243997
4949,2506,42,3,246502,246544,244038
4950,2507,58,3,246544,246602,244095
4951,2508,59,2,246602,246661,244153
4952,2509,14,3,246661,246675,244166
4954,2510,88,3,246675,246763,244253
4955,2510,89,3,246763,246852,244342
4953,2510,94,2,246852,246946,244436
4957,2511,5,1,246946,246951,244440
4958,2511,28,3,246951,246979,244468
4964,2511,32,2,246979,247011,244500
4963,2511,64,3,247011,247075,244564
4959,2511,66,3,247075,247141,244630
4962,2511,73,1,247141,247214,244703
4961,2511,89,2,247214,247303,244792
4960,2511,90,1,247303,247393,244882
4956,2511,98,2,247393,247491,244980
4965,2512,12,1,247491,247503,244991
4966,2512,79,3,247503,247582,245070
4967,2513,37,2,247582,247619,245106
4968,2513,87,1,247619,247706,245193
4969,2514,70,1,247706,247776,245262
4970,2515,29,1,247776,247805,245290
4971,2516,13,2,247805,247818,245302
4972,2517,50,3,247818,247868,245351
4974,2518,19,3,247868,247887,245369
4973,2518,21,3,247887,247908,245390
4975,2518,56,1,247908,247964,245446
4976,2519,90,3,247964,248054,245535
4977,2520,52,1,248054,248106,245586
4978,2521,36,3,248106,248142,245621
4979,2522,13,2,248142,248155,245633
4980,2523,9,2,248155,248164,245641
4981,2523,92,2,248164,248256,245733
4982,2524,9,1,248256,248265,245741
4984,2525,29,1,248265,248294,245769
4985,2525,44,1,248294,248338,245813
4983,2525,83,2,248338,248421,245896
4986,2526,79,3,248421,248500,245974
4987,2527,76,3,248500,248576,246049
4989,2528,29,3,248576,248605,246077
4990,2528,34,1,248605,248639,246111
4988,2528,34,2,248639,248673,246145
4991,2528,57,3,248673,248730,246202
4992,2529,15,1,248730,248745,246216
4993,2530,13,2,248745,248758,246228
4994,2531,6,2,248758,248764,246233
4995,2531,13,3,248764,248777,246246
4997,2531,14,3,248777,248791,246260
4998,2531,21,3,248791,248812,246281
4996,2531,28,2,248812,248840,246309
4999,2531,37,3,248840,248877,246346
5000,2532,6,2,248877,248883,246351
5001,2533,76,3,248883,248959,246426
5006,2534,8,1,248959,248967,246433
5005,2534,34,2,248967,249001,246467
5004,2534,74,1,249001,249075,246541
5003,2534,88,2,249075,249163,246629
5002,2534,98,3,249163,249261,246727
5007,2535,29,2,249261,249290,246755
5009,2536,31,3,249290,249321,246785
5008,2536,78,3,249321,249399,246863
5010,2537,52,3,249399,249451,246914
5011,2537,90,1,249451,249541,247004
5012,2538,84,1,249541,249625,247087
5017,2539,17,3,249625,249642,247103
5016,2539,19,1,249642,249661,247122
5013,2539,54,2,249661,249715,247176
5015,2539,84,3,249715,249799,247260
5014,2539,89,3,249799,249888,247349
5018,2540,67,1,249888,249955,247415
5019,2541,60,1,249955,250015,247474
5021,2541,83,3,250015,250098,247557
5020,2541,98,2,250098,250196,247655
5023,2542,44,2,250196,250240,247698
5024,2542,83,2,250240,250323,247781
5022,2542,96,2,250323,250419,247877
5025,2543,64,3,250419,250483,247940
5027,2544,6,3,250483,250489,247945
5026,2544,26,3,250489,250515,247971
5028,2544,42,1,250515,250557,248013
5030,2545,12,2,250557,250569,248024
5029,2545,29,3,250569,250598,248053
5034,2546,0,1,250598,250598,248052
5036,2546,22,1,250598,250620,248074
5035,2546,26,2,250620,250646,248100
5031,2546,57,3,250646,250703,248157
5032,2546,69,3,250703,250772,248226
5033,2546,73,1,250772,250845,248299
5038,2547,10,2,250845,250855,248308
5040,2547,30,2,250855,250885,248338
5039,2547,53,3,250885,250938,248391
5037,2547,62,1,250938,251000,248453
5041,2548,92,1,251000,251092,248544
5042,2549,12,3,251092,251104,248555
5043,2549,17,2,251104,251121,248572
5044,2550,44,1,251121,251165,248615
5045,2551,58,1,251165,251223,248672
5046,2551,66,1,251223,251289,248738
5047,2552,17,3,251289,251306,248754
5048,2552,49,3,251306,251355,248803
5050,2553,20,2,251355,251375,248822
5049,2553,32,2,251375,251407,248854
5051,2553,83,3,251407,251490,248937
5052,2554,21,1,251490,251511,248957
5053,2554,58,2,251511,251569,249015
5055,2554,76,2,251569,251645,249091
5054,2554,78,2,251645,251723,249169
5056,2555,24,1,251723,251747,249192
5058,2556,64,3,251747,251811,249255
5057,2556,93,1,251811,251904,249348
5059,2557,87,1,251904,251991,249434
5061,2558,60,2,251991,252051,249493
5060,2558,66,2,252051,252117,249559
5063,2559,9,3,252117,252126,249567
5064,2559,34,3,252126,252160,249601
5062,2559,99,3,252160,252259,249700
5065,2560,62,2,252259,252321,249761
5067,2561,4,1,252321,252325,249764
5066,2561,66,2,252325,252391,249830
5068,2561,71,1,252391,252462,249901
5069,2562,51,3,252462,252513,249951
5070,2563,66,3,252513,252579,250016
5071,2564,33,2,252579,252612,250048
5073,2565,12,3,252612,252624,250059
5072,2565,17,1,252624,252641,250076
5074,2565,36,3,252641,252677,250112
5075,2565,60,2,252677,252737,250172
5078,2566,5,2,252737,252742,250176
5079,2566,5,3,252742,252747,250181
5077,2566,19,2,252747,252766,250200
5076,2566,56,3,252766,252822,250256
5080,2567,87,3,252822,252909,250342
5081,2568,17,3,252909,252926,250358
5082,2569,60,1,252926,252986,250417
5083,2570,71,1,252986,253057,250487
5085,2571,55,1,253057,253112,250541
5086,2571,67,1,253112,253179,250608
5084,2571,72,3,253179,253251,250680
5087,2572,0,3,253251,253251,250679
5088,2573,5,2,253251,253256,250683
5089,2573,97,3,253256,253353,250780
5090,2574,59,1,253353,253412,250838
5091,2575,26,2,253412,253438,250863
5093,2576,60,2,253438,253498,250922
5094,2576,98,1,253498,253596,251020
5092,2576,99,2,253596,253695,251119
5095,2577,50,1,253695,253745,251168
5096,2578,16,3,253745,253761,251183
5097,2578,43,2,253761,253804,251226
5098,2578,48,2,253804,253852,251274
5100,2579,15,3,253852,253867,251288
5102,2579,16,2,253867,253883,251304
5101,2579,91,2,253883,253974,251395
5099,2579,98,1,253974,254072,251493
5103,2580,61,2,254072,254133,251553
5104,2581,99,1,254133,254232,251651
5105,2582,39,2,254232,254271,251689
5106,2583,29,3,254271,254300,251717
5107,2583,46,1,254300,254346,251763
5108,2584,88,2,254346,254434,251850
5109,2585,63,3,254434,254497,251912
5110,2586,8,2,254497,254505,251919
5111,2587,58,2,254505,254563,251976
5113,2588,16,3,254563,254579,251991
5112,2588,97,3,254579,254676,252088
5114,2589,4,3,254676,254680,252091
5116,2589,68,3,254680,254748,252159
5115,2589,76,1,254748,254824,252235
5118,2590,56,3,254824,254880,252290
5117,2590,61,2,254880,254941,252351
5120,2591,5,3,254941,254946,252355
5119,2591,83,2,254946,255029,252438
5121,2592,98,1,255029,255127,252535
5122,2593,16,2,255127,255143,252550
5125,2594,2,1,255143,255145,252551
5123,2594,64,2,255145,255209,252615
5124,2594,86,2,255209,255295,252701
5126,2595,3,3,255295,255298,252703
5127,2595,13,3,255298,255311,252716
5128,2596,94,3,255311,255405,252809
5129,2597,9,1,255405,255414,252817
5130,2598,75,1,255414,255489,252891
5131,2599,3,1,255489,255492,252893
5132,2599,54,2,255492,255546,252947
5133,2600,56,1,255546,255602,253002
5134,2601,80,3,255602,255682,253081
5135,2602,52,3,255682,255734,253132
5137,2603,44,2,255734,255778,253175
5136,2603,44,3,255778,255822,253219
5140,2604,17,2,255822,255839,253235
5138,2604,67,3,255839,255906,253302
5139,2604,70,1,255906,255976,253372
5142,2605,16,3,255976,255992,253387
5144,2605,30,3,255992,256022,253417
5141,2605,58,2,256022,256080,253475
5143,2605,63,2,256080,256143,253538
5145,2606,60,1,256143,256203,253597
5146,2607,31,3,256203,256234,253627
5147,2607,62,3,256234,256296,253689
5148,2608,91,2,256296,256387,253779
5149,2608,92,3,256387,256479,253871
5153,2609,11,2,256479,256490,253881
5151,2609,28,2,256490,256518,253909
5152,2609,31,3,256518,256549,253940
5150,2609,47,1,256549,256596,253987
5155,2609,49,1,256596,256645,254036
5154,2609,91,2,256645,256736,254127
5157,2610,41,2,256736,256777,254167
5156,2610,98,1,256777,256875,254265
5159,2611,26,2,256875,256901,254290
5158,2611,70,1,256901,256971,254360
5160,2612,73,2,256971,257044,254432
5161,2613,38,2,257044,257082,254469
5162,2614,88,3,257082,257170,254556
5164,2615,75,3,257170,257245,254630
5163,2615,78,2,257245,257323,254708
5167,2616,23,1,257323,257346,254730
5166,2616,45,1,257346,257391,254775
5165,2616,56,1,257391,257447,254831
5169,2617,43,3,257447,257490,254873
5168,2617,52,2,257490,257542,254925
5170,2618,27,1,257542,257569,254951
5171,2618,54,1,257569,257623,255005
5172,2618,75,3,257623,257698,255080
5180,2619,11,1,257698,257709,255090
5181,2619,20,1,257709,257729,255110
5176,2619,31,1,257729,257760,255141
5177,2619,36,1,257760,257796,255177
5182,2619,36,2,257796,257832,255213
5173,2619,55,2,257832,257887,255268
5175,2619,59,1,257887,257946,255327
5179,2619,67,3,257946,258013,255394
5178,2619,68,1,258013,258081,255462
5174,2619,72,1,258081,258153,255534
5184,2620,19,1,258153,258172,255552
5183,2620,49,2,258172,258221,255601
5185,2620,84,1,258221,258305,255685
5186,2621,50,2,258305,258355,255734
5189,2622,14,3,258355,258369,255747
5187,2622,20,3,258369,258389,255767
5188,2622,48,1,258389,258437,255815
5190,2623,80,1,258437,258517,255894
5192,2624,16,1,258517,258533,255909
5191,2624,82,3,258533,258615,255991
5193,2625,5,2,258615,258620,255995
5194,2626,92,1,258620,258712,256086
5195,2627,54,3,258712,258766,256139
5196,2627,57,1,258766,258823,256196
5197,2628,86,2,258823,258909,256281
5199,2629,2,2,258909,258911,256282
5198,2629,82,2,258911,258993,256364
5200,2630,27,2,258993,259020,256390
5203,2631,3,3,259020,259023,256392
5201,2631,37,3,259023,259060,256429
5202,2631,66,2,259060,259126,256495
5204,2631,95,3,259126,259221,256590
5205,2632,10,2,259221,259231,256599
5206,2633,45,2,259231,259276,256643
5207,2633,58,2,259276,259334,256701
5208,2634,9,1,259334,259343,256709
5210,2635,53,1,259343,259396,256761
5209,2635,89,3,259396,259485,256850
5211,2636,3,3,259485,259488,256852
5212,2637,47,3,259488,259535,256898
5213,2638,92,2,259535,259627,256989
5214,2639,87,3,259627,259714,257075
5215,2640,10,1,259714,259724,257084
5218,2640,63,1,259724,259787,257147
5217,2640,73,2,259787,259860,257220
5216,2640,80,1,259860,259940,257300
5219,2641,66,1,259940,260006,257365
5220,2642,71,3,260006,260077,257435
5221,2643,19,1,260077,260096,257453
5222,2644,75,1,260096,260171,257527
5223,2645,15,2,260171,260186,257541
5225,2645,31,2,260186,260217,257572
5224,2645,58,2,260217,260275,257630
5226,2645,65,3,260275,260340,257695
5227,2646,55,1,260340,260395,257749
5228,2646,81,2,260395,260476,257830
5230,2647,34,3,260476,260510,257863
5231,2647,52,1,260510,260562,257915
5229,2647,79,1,260562,260641,257994
5234,2648,27,1,260641,260668,258020
5232,2648,53,2,260668,260721,258073
5233,2648,68,1,260721,260789,258141
5235,2649,43,2,260789,260832,258183
5238,2650,13,2,260832,260845,258195
5237,2650,26,3,260845,260871,258221
5236,2650,95,3,260871,260966,258316
5243,2651,9,3,260966,260975,258324
5240,2651,27,2,260975,261002,258351
5239,2651,42,3,261002,261044,258393
5241,2651,80,2,261044,261124,258473
5242,2651,81,2,261124,261205,258554
5244,2651,84,2,261205,261289,258638
5246,2652,40,2,261289,261329,258677
5247,2652,50,3,261329,261379,258727
5245,2652,99,2,261379,261478,258826
5248,2653,45,2,261478,261523,258870
5249,2654,29,1,261523,261552,258898
5251,2655,16,3,261552,261568,258913
5252,2655,36,2,261568,261604,258949
5250,2655,79,2,261604,261683,259028
5253,2656,46,2,261683,261729,259073
5254,2657,56,3,261729,261785,259128
5255,2657,85,1,261785,261870,259213
5256,2657,86,1,261870,261956,259299
5257,2658,97,2,261956,262053,259395
5258,2659,2,1,262053,262055,259396
5259,2659,22,1,262055,262077,259418
5260,2660,35,2,262077,262112,259452
5261,2661,93,2,262112,262205,259544
5263,2662,69,3,262205,262274,259612
5262,2662,79,2,262274,262353,259691
5264,2663,20,3,262353,262373,259710
5265,2663,44,1,262373,262417,259754
5266,2663,93,2,262417,262510,259847
5267,2664,24,3,262510,262534,259870
5268,2665,3,1,262534,262537,259872
5269,2665,30,2,262537,262567,259902
5273,2666,9,1,262567,262576,259910
5271,2666,14,2,262576,262590,259924
5270,2666,37,2,262590,262627,259961
5272,2666,76,1,262627,262703,260037
5275,2667,3,3,262703,262706,260039
5274,2667,13,3,262706,262719,260052
5278,2668,15,2,262719,262734,260066
5277,2668,31,1,262734,262765,260097
5276,2668,40,2,262765,262805,260137
5279,2669,13,2,262805,262818,260149
5280,2670,90,1,262818,262908,260238
5281,2671,7,2,262908,262915,260244
5282,2672,39,1,262915,262954,260282
5284,2673,71,1,262954,263025,260352
5283,2673,88,2,263025,263113,260440
5285,2674,82,2,263113,263195,260521
5288,2675,16,3,263195,263211,260536
5289,2675,30,3,263211,263241,260566
5287,2675,66,1,263241,263307,260632
5286,2675,75,2,263307,263382,260707
5290,2676,87,3,263382,263469,260793
5291,2677,16,3,263469,263485,260808
5292,2677,45,1,263485,263530,260853
5294,2678,23,2,263530,263553,260875
5293,2678,42,2,263553,263595,260917
5295,2679,36,1,263595,263631,260952
5296,2679,79,1,263631,263710,261031
5297,2680,81,2,263710,263791,261111
5299,2681,9,1,263791,263800,261119
5298,2681,42,2,263800,263842,261161
5300,2682,33,1,263842,263875,261193
5301,2682,47,1,263875,263922,261240
5302,2682,63,2,263922,263985,261303
5303,2682,71,3,263985,264056,261374
5304,2682,86,1,264056,264142,261460
5305,2683,86,2,264142,264228,261545
5306,2684,50,1,264228,264278,261594
5307,2685,58,3,264278,264336,261651
5308,2685,100,3,264336,264436,261751
5309,2686,17,3,264436,264453,261767
5310,2687,21,2,264453,264474,261787
5312,2688,16,2,264474,264490,261802
5314,2688,27,1,264490,264517,261829
5313,2688,68,2,264517,264585,261897
5311,2688,100,2,264585,264685,261997
5316,2689,8,2,264685,264693,262004
5315,2689,47,1,264693,264740,262051
5317,2690,11,2,264740,264751,262061
5318,2690,48,3,264751,264799,262109
5319,2690,72,2,264799,264871,262181
5320,2690,94,3,264871,264965,262275
5324,2691,9,3,264965,264974,262283
5322,2691,33,2,264974,265007,262316
5323,2691,72,3,265007,265079,262388
5321,2691,74,2,265079,265153,262462
5325,2692,30,2,265153,265183,262491
5326,2692,100,1,265183,265283,262591
5327,2693,4,3,265283,265287,262594
5328,2693,19,2,265287,265306,262613
5330,2694,48,3,265306,265354,262660
5331,2694,49,3,265354,265403,262709
5329,2694,63,1,265403,265466,262772
5332,2695,85,3,265466,265551,262856
5334,2696,7,2,265551,265558,262862
5335,2696,34,2,265558,265592,262896
5333,2696,35,1,265592,265627,262931
5336,2697,5,3,265627,265632,262935
5337,2697,50,1,265632,265682,262985
5338,2698,51,1,265682,265733,263035
5339,2699,82,3,265733,265815,263116
5341,2700,10,3,265815,265825,263125
5343,2700,16,3,265825,265841,263141
5340,2700,85,2,265841,265926,263226
5342,2700,88,1,265926,266014,263314
5345,2701,10,1,266014,266024,263323
5344,2701,61,1,266024,266085,263384
5346,2701,74,3,266085,266159,263458
5347,2702,85,3,266159,266244,263542
5348,2703,10,3,266244,266254,263551
5349,2703,93,2,266254,266347,263644
5352,2704,48,3,266347,266395,263691
5351,2704,54,3,266395,266449,263745
5350,2704,68,1,266449,266517,263813
5353,2705,29,1,266517,266546,263841
5354,2705,37,2,266546,266583,263878
5355,2706,13,2,266583,266596,263890
5356,2706,99,3,266596,266695,263989
5357,2707,88,3,266695,266783,264076
5358,2708,6,3,266783,266789,264081
5359,2708,7,2,266789,266796,264088
5361,2708,42,3,266796,266838,264130
5360,2708,43,1,266838,266881,264173
5362,2709,35,2,266881,266916,264207
5363,2709,86,3,266916,267002,264293
5365,2710,22,1,267002,267024,264314
5364,2710,43,3,267024,267067,264357
5367,2711,13,2,267067,267080,264369
5366,2711,78,1,267080,267158,264447
5368,2712,90,3,267158,267248,264536
5369,2713,21,3,267248,267269,264556
5371,2714,74,1,267269,267343,264629
5370,2714,81,2,267343,267424,264710
5372,2715,55,2,267424,267479,264764
5373,2716,23,2,267479,267502,264786
5374,2716,57,2,267502,267559,264843
5375,2717,0,3,267559,267559,264842
5376,2718,72,3,267559,267631,264913
5377,2718,92,1,267631,267723,265005
5378,2719,96,2,267723,267819,265100
5380,2720,1,3,267819,267820,265100
5379,2720,78,3,267820,267898,265178
5381,2720,97,2,267898,267995,265275
5382,2721,93,2,267995,268088,265367
5383,2722,4,2,268088,268092,265370
5384,2722,84,1,268092,268176,265454
5386,2723,68,1,268176,268244,265521
5385,2723,99,3,268244,268343,265620
5387,2724,15,1,268343,268358,265634
5388,2724,63,1,268358,268421,265697
5389,2725,64,1,268421,268485,265760
5390,2726,4,1,268485,268489,265763
5394,2726,6,1,268489,268495,265769
5393,2726,8,1,268495,268503,265777
5392,2726,52,1,268503,268555,265829
5391,2726,94,2,268555,268649,265923
5395,2727,4,1,268649,268653,265926
5396,2728,18,3,268653,268671,265943
5397,2729,4,1,268671,268675,265946
5398,2730,46,1,268675,268721,265991
5399,2731,95,3,268721,268816,266085
5400,2731,97,3,268816,268913,266182
5403,2732,12,3,268913,268925,266193
5402,2732,14,3,268925,268939,266207
5401,2732,79,1,268939,269018,266286
5404,2733,60,2,269018,269078,266345
5405,2734,22,3,269078,269100,266366
5407,2735,63,2,269100,269163,266428
5406,2735,81,2,269163,269244,266509
5409,2736,13,2,269244,269257,266521
5410,2736,33,2,269257,269290,266554
5411,2736,54,3,269290,269344,266608
5408,2736,88,3,269344,269432,266696
5412,2737,65,3,269432,269497,266760
5413,2738,26,1,269497,269523,266785
5414,2739,19,2,269523,269542,266803
5415,2739,21,2,269542,269563,266824
5417,2740,33,3,269563,269596,266856
5416,2740,44,2,269596,269640,266900
5422,2740,57,1,269640,269697,266957
5418,2740,65,1,269697,269762,267022
5420,2740,81,3,269762,269843,267103
5419,2740,89,1,269843,269932,267192
5421,2740,95,1,269932,270027,267287
5423,2741,54,2,270027,270081,267340
5424,2742,52,3,270081,270133,267391
5425,2743,36,3,270133,270169,267426
5426,2743,57,3,270169,270226,267483
5427,2744,100,1,270226,270326,267582
5428,2745,68,2,270326,270394,267649
5429,2745,77,3,270394,270471,267726
5433,2746,22,2,270471,270493,267747
5431,2746,25,3,270493,270518,267772
5430,2746,57,2,270518,270575,267829
5432,2746,96,2,270575,270671,267925
5434,2747,23,2,270671,270694,267947
5436,2748,1,3,270694,270695,267947
5435,2748,32,2,270695,270727,267979
5439,2749,9,2,270727,270736,267987
5437,2749,22,2,270736,270758,268009
5438,2749,39,2,270758,270797,268048
5442,2750,33,3,270797,270830,268080
5444,2750,57,3,270830,270887,268137
5441,2750,68,3,270887,270955,268205
5443,2750,75,3,270955,271030,268280
5440,2750,84,1,271030,271114,268364
5445,2751,95,3,271114,271209,268458
5447,2752,30,3,271209,271239,268487
5446,2752,72,1,271239,271311,268559
5449,2753,5,3,271311,271316,268563
5448,2753,64,3,271316,271380,268627
5450,2753,86,3,271380,271466,268713
5452,2754,50,3,271466,271516,268762
5451,2754,96,3,271516,271612,268858
5454,2755,97,1,271612,271709,268954
5453,2755,98,3,271709,271807,269052
5455,2756,43,3,271807,271850,269094
5456,2756,60,1,271850,271910,269154
5458,2757,79,2,271910,271989,269232
5457,2757,84,3,271989,272073,269316
5460,2758,32,2,272073,272105,269347
5459,2758,40,1,272105,272145,269387
5461,2759,90,1,272145,272235,269476
5462,2760,100,2,272235,272335,269575
5463,2761,79,3,272335,272414,269653
5467,2762,11,2,272414,272425,269663
5468,2762,49,3,272425,272474,269712
5464,2762,76,1,272474,272550,269788
5466,2762,88,2,272550,272638,269876
5465,2762,97,3,272638,272735,269973
5472,2763,6,1,272735,272741,269978
5470,2763,19,2,272741,272760,269997
5471,2763,73,1,272760,272833,270070
5473,2763,78,1,272833,272911,270148
5469,2763,91,3,272911,273002,270239
5474,2764,50,3,273002,273052,270288
5475,2765,90,2,273052,273142,270377
5477,2766,26,2,273142,273168,270402
5478,2766,31,1,273168,273199,270433
5479,2766,81,3,273199,273280,270514
5476,2766,96,1,273280,273376,270610
5481,2767,4,1,273376,273380,270613
5483,2767,13,2,273380,273393,270626
5480,2767,57,3,273393,273450,270683
5482,2767,62,3,273450,273512,270745
5484,2768,9,2,273512,273521,270753
5485,2769,88,1,273521,273609,270840
5486,2770,14,3,273609,273623,270853
5488,2771,31,2,273623,273654,270883
5487,2771,97,3,273654,273751,270980
5490,2772,19,2,273751,273770,270998
5489,2772,36,3,273770,273806,271034
5493,2772,62,1,273806,273868,271096
5491,2772,69,1,273868,273937,271165
5492,2772,73,1,273937,274010,271238
5495,2773,14,2,274010,274024,271251
5494,2773,52,1,274024,274076,271303
5496,2774,49,1,274076,274125,271351
5497,2774,72,1,274125,274197,271423
5504,2775,16,1,274197,274213,271438
5498,2775,19,2,274213,274232,271457
5503,2775,47,1,274232,274279,271504
5499,2775,51,3,274279,274330,271555
5501,2775,54,1,274330,274384,271609
5500,2775,54,3,274384,274438,271663
5505,2775,81,1,274438,274519,271744
5502,2775,96,3,274519,274615,271840
5506,2776,1,1,274615,274616,271840
5507,2776,24,1,274616,274640,271864
5508,2777,31,1,274640,274671,271894
5510,2778,21,3,274671,274692,271914
5512,2778,28,3,274692,274720,271942
5511,2778,32,1,274720,274752,271974
5509,2778,57,2,274752,274809,272031
5513,2779,85,2,274809,274894,272115
5514,2780,8,1,274894,274902,272122
5515,2780,26,2,274902,274928,272148
5517,2780,40,3,274928,274968,272188
5516,2780,54,1,274968,275022,272242
5519,2780,71,1,275022,275093,272313
5518,2780,96,3,275093,275189,272409
5524,2781,1,2,275189,275190,272409
5520,2781,18,2,275190,275208,272427
5522,2781,56,1,275208,275264,272483
5523,2781,90,1,275264,275354,272573
5521,2781,94,3,275354,275448,272667
5525,2782,72,1,275448,275520,272738
5526,2783,15,2,275520,275535,272752
5527,2783,20,1,275535,275555,272772
5528,2784,68,2,275555,275623,272839
5529,2784,78,1,275623,275701,272917
5530,2785,52,1,275701,275753,272968
5531,2786,45,2,275753,275798,273012
5532,2787,71,2,275798,275869,273082
5533,2788,6,2,275869,275875,273087
5537,2789,11,3,275875,275886,273097
5534,2789,14,1,275886,275900,273111
5536,2789,36,2,275900,275936,273147
5539,2789,41,2,275936,275977,273188
5538,2789,80,1,275977,276057,273268
5535,2789,99,1,276057,276156,273367
5540,2790,34,2,276156,276190,273400
5541,2790,63,1,276190,276253,273463
5542,2791,90,2,276253,276343,273552
5543,2792,45,3,276343,276388,273596
5544,2793,16,2,276388,276404,273611
5546,2794,18,2,276404,276422,273628
5545,2794,75,3,276422,276497,273703
5547,2795,44,2,276497,276541,273746
5549,2796,43,3,276541,276584,273788
5548,2796,64,1,276584,276648,273852
5550,2797,19,3,276648,276667,273870
5552,2798,15,1,276667,276682,273884
5551,2798,52,1,276682,276734,273936
5553,2799,21,3,276734,276755,273956
5554,2800,33,3,276755,276788,273988
5555,2800,42,3,276788,276830,274030
5556,2800,58,2,276830,276888,274088
5557,2800,93,3,276888,276981,274181
5558,2801,28,1,276981,277009,274208
5560,2802,75,1,277009,277084,274282
5561,2802,86,1,277084,277170,274368
5559,2802,87,3,277170,277257,274455
5562,2802,92,1,277257,277349,274547
5563,2803,58,3,277349,277407,274604
5564,2803,84,1,277407,277491,274688
5565,2804,47,1,277491,277538,274734
5566,2804,88,3,277538,277626,274822
5567,2804,99,3,277626,277725,274921
5568,2805,98,3,277725,277823,275018
5569,2806,99,2,277823,277922,275116
5570,2807,98,3,277922,278020,275213
5571,2808,83,2,278020,278103,275295
5572,2809,70,2,278103,278173,275364
5573,2810,12,1,278173,278185,275375
5575,2811,0,1,278185,278185,275374
5574,2811,34,2,278185,278219,275408
5576,2812,79,2,278219,278298,275486
5578,2813,13,3,278298,278311,275498
5577,2813,51,2,278311,278362,275549
5579,2813,83,3,278362,278445,275632
5580,2813,92,1,278445,278537,275724
5581,2813,95,3,278537,278632,275819
5582,2814,14,3,278632,278646,275832
5583,2815,27,1,278646,278673,275858
5585,2815,40,3,278673,278713,275898
5584,2815,49,2,278713,278762,275947
5586,2816,55,1,278762,278817,276001
5587,2816,71,1,278817,278888,276072
5588,2817,73,1,278888,278961,276144
5590,2818,52,2,278961,279013,276195
5589,2818,58,3,279013,279071,276253
5591,2818,96,1,279071,279167,276349
5592,2819,35,1,279167,279202,276383
5593,2820,10,1,279202,279212,276392
5594,2820,95,1,279212,279307,276487
5597,2821,8,1,279307,279315,276494
5596,2821,10,1,279315,279325,276504
5595,2821,21,1,279325,279346,276525
5598,2822,11,2,279346,279357,276535
5599,2823,1,1,279357,279358,276535
5600,2824,56,3,279358,279414,276590
5601,2824,83,1,279414,279497,276673
5605,2825,11,2,279497,279508,276683
5603,2825,67,2,279508,279575,276750
5602,2825,79,2,279575,279654,276829
5604,2825,82,1,279654,279736,276911
5606,2826,81,2,279736,279817,276991
5607,2827,34,2,279817,279851,277024
5608,2827,98,3,279851,279949,277122
5610,2828,14,1,279949,279963,277135
5613,2828,14,2,279963,279977,277149
5611,2828,52,1,279977,280029,277201
5609,2828,59,2,280029,280088,277260
5612,2828,82,1,280088,280170,277342
5615,2829,30,1,280170,280200,277371
5614,2829,96,2,280200,280296,277467
5616,2830,56,3,280296,280352,277522
5618,2831,26,1,280352,280378,277547
5617,2831,60,1,280378,280438,277607
5619,2832,63,3,280438,280501,277669
5621,2833,11,1,280501,280512,277679
5620,2833,71,3,280512,280583,277750
5623,2834,5,3,280583,280588,277754
5622,2834,16,2,280588,280604,277770
5624,2834,65,2,280604,280669,277835
5625,2835,10,3,280669,280679,277844
5626,2835,13,2,280679,280692,277857
5628,2835,73,2,280692,280765,277930
5627,2835,80,1,280765,280845,278010
5629,2836,99,3,280845,280944,278108
5634,2837,36,1,280944,280980,278143
5630,2837,61,3,280980,281041,278204
5633,2837,64,1,281041,281105,278268
5635,2837,79,3,281105,281184,278347
5631,2837,88,1,281184,281272,278435
5632,2837,97,1,281272,281369,278532
5636,2838,59,3,281369,281428,278590
5637,2839,15,1,281428,281443,278604
5640,2839,27,2,281443,281470,278631
5639,2839,81,3,281470,281551,278712
5638,2839,94,2,281551,281645,278806
5641,2840,81,2,281645,281726,278886
5642,2841,28,3,281726,281754,278913
5643,2842,97,1,281754,281851,279009
5645,2843,0,3,281851,281851,279008
5644,2843,19,2,281851,281870,279027
5646,2844,71,1,281870,281941,279097
5649,2845,23,2,281941,281964,279119
5648,2845,27,3,281964,281991,279146
5647,2845,52,3,281991,282043,279198
5651,2846,10,2,282043,282053,279207
5650,2846,60,2,282053,282113,279267
5652,2847,92,3,282113,282205,279358
5653,2848,61,2,282205,282266,279418
5656,2849,6,3,282266,282272,279423
5655,2849,19,3,282272,282291,279442
5654,2849,21,1,282291,282312,279463
5657,2850,22,2,282312,282334,279484
5658,2850,42,2,282334,282376,279526
5659,2850,68,3,282376,282444,279594
5660,2851,45,2,282444,282489,279638
5661,2852,5,1,282489,282494,279642
5663,2852,11,1,282494,282505,279653
5664,2852,59,2,282505,282564,279712
5662,2852,98,3,282564,282662,279810
5665,2853,14,3,282662,282676,279823
5666,2853,17,1,282676,282693,279840
5667,2853,18,1,282693,282711,279858
5668,2854,25,1,282711,282736,279882
5669,2855,50,3,282736,282786,279931
5670,2856,23,2,282786,282809,279953
5671,2857,81,3,282809,282890,280033
5672,2858,57,1,282890,282947,280089
5673,2859,20,1,282947,282967,280108
5675,2859,63,1,282967,283030,280171
5674,2859,91,1,283030,283121,280262
5677,2860,54,2,283121,283175,280315
5676,2860,67,2,283175,283242,280382
5679,2861,21,1,283242,283263,280402
5678,2861,73,1,283263,283336,280475
5681,2862,2,2,283336,283338,280476
5682,2862,74,3,283338,283412,280550
5680,2862,84,3,283412,283496,280634
5684,2863,26,3,283496,283522,280659
5683,2863,95,2,283522,283617,280754
5685,2864,86,3,283617,283703,280839
5687,2865,59,1,283703,283762,280897
5686,2865,73,3,283762,283835,280970
5688,2866,11,2,283835,283846,280980
5689,2867,16,3,283846,283862,280995
5690,2867,71,3,283862,283933,281066
5691,2868,47,1,283933,283980,281112
5693,2868,54,1,283980,284034,281166
5692,2868,92,1,284034,284126,281258
5694,2869,3,2,284126,284129,281260
5695,2869,58,2,284129,284187,281318
5698,2870,3,1,284187,284190,281320
5700,2870,22,3,284190,284212,281342
5696,2870,69,2,284212,284281,281411
5699,2870,84,1,284281,284365,281495
5697,2870,93,1,284365,284458,281588
5701,2871,51,1,284458,284509,281638
5702,2872,89,3,284509,284598,281726
5703,2873,99,2,284598,284697,281824
5704,2874,3,3,284697,284700,281826
5705,2874,29,3,284700,284729,281855
5706,2874,98,1,284729,284827,281953
5708,2875,65,2,284827,284892,282017
5707,2875,75,1,284892,284967,282092
5709,2876,53,3,284967,285020,282144
5712,2877,1,2,285020,285021,282144
5710,2877,73,2,285021,285094,282217
5711,2877,86,3,285094,285180,282303
5713,2878,26,2,285180,285206,282328
5714,2878,28,2,285206,285234,282356
5715,2878,45,3,285234,285279,282401
5716,2879,18,3,285279,285297,282418
5717,2880,31,2,285297,285328,282448
5718,2880,98,1,285328,285426,282546
5719,2881,45,1,285426,285471,282590
5721,2882,35,3,285471,285506,282624
5720,2882,38,2,285506,285544,282662
5722,2883,3,1,285544,285547,282664
5724,2883,68,2,285547,285615,282732
5723,2883,84,2,285615,285699,282816
5725,2884,16,3,285699,285715,282831
5726,2884,100,3,285715,285815,282931
5727,2885,1,1,285815,285816,282931
5728,2886,94,1,285816,285910,283024
5730,2887,50,2,285910,285960,283073
5729,2887,81,2,285960,286041,283154
5733,2888,2,1,286041,286043,283155
5731,2888,85,1,286043,286128,283240
5732,2888,88,3,286128,286216,283328
5734,2889,29,3,286216,286245,283356
5739,2890,51,2,286245,286296,283406
5736,2890,62,1,286296,286358,283468
5737,2890,70,1,286358,286428,283538
5738,2890,70,2,286428,286498,283608
5735,2890,71,3,286498,286569,283679
5740,2890,96,2,286569,286665,283775
5742,2891,2,2,286665,286667,283776
5743,2891,14,1,286667,286681,283790
5741,2891,40,2,286681,286721,283830
5744,2892,73,3,286721,286794,283902
5746,2893,26,1,286794,286820,283927
5745,2893,63,2,286820,286883,283990
5748,2894,7,1,286883,286890,283996
5747,2894,80,3,286890,286970,284076
5749,2895,31,3,286970,287001,284106
5750,2895,91,2,287001,287092,284197
5752,2896,14,1,287092,287106,284210
5751,2896,95,3,287106,287201,284305
5753,2897,93,3,287201,287294,284397
5756,2898,0,3,287294,287294,284396
5755,2898,33,2,287294,287327,284429
5754,2898,52,3,287327,287379,284481
5757,2899,30,1,287379,287409,284510
5758,2900,31,3,287409,287440,284540
5759,2901,28,1,287440,287468,284567
5761,2902,41,2,287468,287509,284607
5760,2902,51,2,287509,287560,284658
5762,2902,62,1,287560,287622,284720
5765,2903,54,2,287622,287676,284773
5763,2903,70,3,287676,287746,284843
5764,2903,81,3,287746,287827,284924
5766,2904,48,2,287827,287875,284971
5767,2905,95,1,287875,287970,285065
5768,2906,9,3,287970,287979,285073
5770,2907,48,3,287979,288027,285120
5769,2907,55,3,288027,288082,285175
5771,2908,30,3,288082,288112,285204
5772,2909,20,3,288112,288132,285223
5773,2909,71,1,288132,288203,285294
5774,2909,77,3,288203,288280,285371
5777,2910,35,2,288280,288315,285405
5776,2910,70,1,288315,288385,285475
5775,2910,89,2,288385,288474,285564
5780,2911,54,3,288474,288528,285617
5779,2911,75,1,288528,288603,285692
5778,2911,92,3,288603,288695,285784
5781,2912,71,1,288695,288766,285854
5782,2913,24,1,288766,288790,285877
5783,2914,4,3,288790,288794,285880
5784,2914,94,1,288794,288888,285974
5785,2915,19,2,288888,288907,285992
5786,2916,32,1,288907,288939,286023
5787,2917,12,2,288939,288951,286034
5788,2917,33,3,288951,288984,286067
5789,2918,35,2,288984,289019,286101
5790,2918,37,1,289019,289056,286138
5792,2919,83,1,289056,289139,286220
5791,2919,84,1,289139,289223,286304
5793,2920,15,3,289223,289238,286318
5794,2920,84,3,289238,289322,286402
5795,2921,25,2,289322,289347,286426
5796,2922,52,2,289347,289399,286477
5797,2923,48,1,289399,289447,286524
5804,2924,11,1,289447,289458,286534
5803,2924,25,2,289458,289483,286559
5800,2924,39,3,289483,289522,286598
5798,2924,89,2,289522,289611,286687
5802,2924,94,1,289611,289705,286781
5799,2924,98,2,289705,289803,286879
5801,2924,98,3,289803,289901,286977
5805,2925,17,1,289901,289918,286993
5806,2926,34,3,289918,289952,287026
5807,2927,70,3,289952,290022,287095
5808,2928,93,3,290022,290115,287187
5810,2929,40,1,290115,290155,287226
5809,2929,69,1,290155,290224,287295
5811,2929,74,1,290224,290298,287369
5812,2930,84,3,290298,290382,287452
5815,2931,20,3,290382,290402,287471
5814,2931,53,3,290402,290455,287524
5813,2931,87,2,290455,290542,287611
5817,2932,65,2,290542,290607,287675
5816,2932,77,1,290607,290684,287752
5818,2933,0,1,290684,290684,287751
5819,2933,31,3,290684,290715,287782
5820,2933,89,1,290715,290804,287871
5823,2934,29,2,290804,290833,287899
5824,2934,53,1,290833,290886,287952
5822,2934,68,3,290886,290954,288020
5821,2934,70,1,290954,291024,288090
5825,2935,26,3,291024,291050,288115
5826,2936,74,2,291050,291124,288188
5827,2937,48,3,291124,291172,288235
5828,2937,86,2,291172,291258,288321
5829,2938,65,2,291258,291323,288385
5830,2939,31,2,291323,291354,288415
5831,2940,92,2,291354,291446,288506
5832,2941,98,3,291446,291544,288603
5833,2942,8,3,291544,291552,288610
5835,2943,31,3,291552,291583,288640
5834,2943,40,3,291583,291623,288680
5836,2944,99,2,291623,291722,288778
5839,2945,10,3,291722,291732,288787
5838,2945,58,3,291732,291790,288845
5837,2945,89,1,291790,291879,288934
5840,2946,7,3,291879,291886,288940
5842,2946,10,3,291886,291896,288950
5841,2946,66,2,291896,291962,289016
5843,2947,17,1,291962,291979,289032
5844,2947,95,2,291979,292074,289127
5845,2948,11,2,292074,292085,289137
5846,2949,63,1,292085,292148,289199
5847,2950,67,1,292148,292215,289265
5848,2951,70,3,292215,292285,289334
5849,2951,95,2,292285,292380,289429
5851,2952,47,1,292380,292427,289475
5852,2952,51,2,292427,292478,289526
5853,2952,69,2,292478,292547,289595
5850,2952,91,1,292547,292638,289686
5855,2953,13,1,292638,292651,289698
5854,2953,91,2,292651,292742,289789
5856,2954,14,2,292742,292756,289802
5858,2955,14,3,292756,292770,289815
5857,2955,17,3,292770,292787,289832
5859,2956,58,2,292787,292845,289889
5860,2957,62,2,292845,292907,289950
5861,2957,96,2,292907,293003,290046
5862,2958,19,1,293003,293022,290064
5863,2958,67,3,293022,293089,290131
5865,2959,17,3,293089,293106,290147
5864,2959,45,1,293106,293151,290192
5866,2960,29,1,293151,293180,290220
5867,2961,55,1,293180,293235,290274
5868,2962,63,1,293235,293298,290336
5870,2963,72,3,293298,293370,290407
5869,2963,89,2,293370,293459,290496
5873,2964,7,1,293459,293466,290502
5871,2964,41,1,293466,293507,290543
5872,2964,44,3,293507,293551,290587
5874,2965,60,3,293551,293611,290646
5875,2966,46,2,293611,293657,290691
5876,2966,60,1,293657,293717,290751
5877,2966,85,1,293717,293802,290836
5878,2967,42,1,293802,293844,290877
5879,2968,22,1,293844,293866,290898
5880,2968,35,2,293866,293901,290933
5881,2969,94,2,293901,293995,291026
5882,2970,10,3,293995,294005,291035
5883,2970,81,1,294005,294086,291116
5884,2971,13,2,294086,294099,291128
5885,2972,52,3,294099,294151,291179
5886,2973,24,2,294151,294175,291202
5887,2973,26,3,294175,294201,291228
5889,2974,23,2,294201,294224,291250
5890,2974,30,3,294224,294254,291280
5891,2974,35,2,294254,294289,291315
5888,2974,68,1,294289,294357,291383
5892,2975,60,1,294357,294417,291442
5893,2976,96,1,294417,294513,291537
5894,2977,46,2,294513,294559,291582
5896,2978,26,1,294559,294585,291607
5895,2978,34,2,294585,294619,291641
5897,2978,83,3,294619,294702,291724
5899,2979,50,2,294702,294752,291773
5898,2979,79,3,294752,294831,291852
5905,2980,11,2,294831,294842,291862
5902,2980,21,3,294842,294863,291883
5900,2980,35,1,294863,294898,291918
5904,2980,36,1,294898,294934,291954
5903,2980,50,2,294934,294984,292004
5901,2980,98,2,294984,295082,292102
5907,2981,1,1,295082,295083,292102
5906,2981,6,2,295083,295089,292108
5908,2981,87,2,295089,295176,292195
5909,2982,79,1,295176,295255,292273
5910,2983,34,2,295255,295289,292306
5911,2984,85,2,295289,295374,292390
5912,2985,36,1,295374,295410,292425
5914,2986,21,2,295410,295431,292445
5913,2986,90,1,295431,295521,292535
5915,2987,1,2,295521,295522,292535
5916,2987,38,3,295522,295560,292573
5918,2988,18,1,295560,295578,292590
5917,2988,69,2,295578,295647,292659
5919,2989,71,2,295647,295718,292729
5921,2990,45,1,295718,295763,292773
5920,2990,65,3,295763,295828,292838
5922,2991,62,3,295828,295890,292899
5923,2991,75,2,295890,295965,292974
5924,2992,15,1,295965,295980,292988
5926,2992,44,3,295980,296024,293032
5925,2992,66,2,296024,296090,293098
5927,2993,83,3,296090,296173,293180
5928,2994,52,2,296173,296225,293231
5929,2995,12,3,296225,296237,293242
5930,2995,76,2,296237,296313,293318
5931,2996,0,3,296313,296313,293317
5932,2996,40,1,296313,296353,293357
5933,2996,60,2,296353,296413,293417
5934,2996,87,1,296413,296500,293504
5935,2997,11,2,296500,296511,293514
5936,2997,69,1,296511,296580,293583
5937,2998,51,3,296580,296631,293633
5939,2999,38,3,296631,296669,293670
5938,2999,54,3,296669,296723,293724
5940,3000,98,1,296723,296821,293821
5941,3001,81,1,296821,296902,293901
5942,3002,24,3,296902,296926,293924
5943,3002,32,2,296926,296958,293956
5944,3003,68,3,296958,297026,294023
5945,3003,95,3,297026,297121,294118
5946,3003,98,3,297121,297219,294216
5947,3004,2,2,297219,297221,294217
5949,3005,29,2,297221,297250,294245
5948,3005,74,3,297250,297324,294319
5950,3006,31,1,297324,297355,294349
5952,3006,47,1,297355,297402,294396
5953,3006,92,2,297402,297494,294488
5951,3006,99,2,297494,297593,294587
5955,3007,30,2,297593,297623,294616
5954,3007,49,1,297623,297672,294665
5956,3008,26,3,297672,297698,294690
5957,3009,57,2,297698,297755,294746
5958,3010,59,2,297755,297814,294804
5959,3011,16,3,297814,297830,294819
5963,3012,45,3,297830,297875,294863
5962,3012,64,1,297875,297939,294927
5961,3012,68,3,297939,298007,294995
5960,3012,84,2,298007,298091,295079
5965,3013,35,3,298091,298126,295113
5964,3013,67,3,298126,298193,295180
5966,3014,76,1,298193,298269,295255
5967,3015,3,3,298269,298272,295257
5969,3015,7,2,298272,298279,295264
5968,3015,19,1,298279,298298,295283
5970,3015,58,1,298298,298356,295341
5971,3016,51,2,298356,298407,295391
5972,3017,98,1,298407,298505,295488
5973,3018,1,1,298505,298506,295488
5974,3018,76,2,298506,298582,295564
5975,3019,84,2,298582,298666,295647
5976,3020,5,1,298666,298671,295651
5977,3021,3,1,298671,298674,295653
5978,3021,4,2,298674,298678,295657
5980,3021,33,1,298678,298711,295690
5979,3021,47,2,298711,298758,295737
5981,3022,89,1,298758,298847,295825
5982,3023,38,3,298847,298885,295862
5983,3024,31,1,298885,298916,295892
5985,3024,85,3,298916,299001,295977
5984,3024,90,1,299001,299091,296067
5987,3025,56,3,299091,299147,296122
5986,3025,96,3,299147,299243,296218
5988,3026,86,2,299243,299329,296303
5990,3027,13,3,299329,299342,296315
5989,3027,20,2,299342,299362,296335
5992,3027,40,1,299362,299402,296375
5991,3027,43,2,299402,299445,296418
5993,3028,74,2,299445,299519,296491
5994,3029,0,3,299519,299519,296490
5995,3030,24,2,299519,299543,296513
5996,3031,9,3,299543,299552,296521
5997,3032,36,2,299552,299588,296556
5998,3033,77,2,299588,299665,296632
5999,3034,5,3,299665,299670,296636
6000,3035,38,3,299670,299708,296673
6004,3036,5,1,299708,299713,296677
6001,3036,10,3,299713,299723,296687
6003,3036,15,2,299723,299738,296702
6005,3036,42,3,299738,299780,296744
6002,3036,97,2,299780,299877,296841
6006,3037,53,2,299877,299930,296893
6008,3038,30,2,299930,299960,296922
6007,3038,80,1,299960,300040,297002
6009,3038,85,1,300040,300125,297087
6010,3039,80,3,300125,300205,297166
6016,3040,12,1,300205,300217,297177
6017,3040,25,3,300217,300242,297202
6013,3040,29,1,300242,300271,297231
6014,3040,33,2,300271,300304,297264
6015,3040,48,2,300304,300352,297312
6011,3040,50,3,300352,300402,297362
6012,3040,86,3,300402,300488,297448
6019,3041,29,1,300488,300517,297476
6018,3041,39,2,300517,300556,297515
6023,3042,28,1,300556,300584,297542
6021,3042,31,3,300584,300615,297573
6020,3042,49,3,300615,300664,297622
6022,3042,98,2,300664,300762,297720
6025,3043,64,3,300762,300826,297783
6024,3043,66,3,300826,300892,297849
6027,3044,36,3,300892,300928,297884
6026,3044,49,3,300928,300977,297933
6028,3045,24,3,300977,301001,297956
6030,3046,24,3,301001,301025,297979
6031,3046,54,1,301025,301079,298033
6029,3046,72,3,301079,301151,298105
6032,3047,21,2,301151,301172,298125
6033,3047,24,3,301172,301196,298149
6034,3048,2,3,301196,301198,298150
6036,3049,5,2,301198,301203,298154
6035,3049,72,1,301203,301275,298226
6037,3050,57,3,301275,301332,298282
6038,3051,82,2,301332,301414,298363
6039,3052,47,1,301414,301461,298409
6040,3053,68,1,301461,301529,298476
6041,3054,28,3,301529,301557,298503
6042,3055,0,1,301557,301557,298502
6043,3055,35,3,301557,301592,298537
6044,3056,55,2,301592,301647,298591
6045,3056,77,1,301647,301724,298668
6046,3057,11,1,301724,301735,298678
6047,3057,67,1,301735,301802,298745
6052,3058,5,1,301802,301807,298749
6053,3058,14,3,301807,301821,298763
6048,3058,40,2,301821,301861,298803
6050,3058,59,1,301861,301920,298862
6051,3058,72,3,301920,301992,298934
6049,3058,75,2,301992,302067,299009
6054,3059,1,1,302067,302068,299009
6055,3059,81,1,302068,302149,299090
6056,3060,2,1,302149,302151,299091
6058,3061,10,2,302151,302161,299100
6057,3061,23,3,302161,302184,299123
6059,3061,54,3,302184,302238,299177
6060,3062,45,3,302238,302283,299221
6061,3063,56,3,302283,302339,299276
6062,3063,91,3,302339,302430,299367
6064,3064,2,1,302430,302432,299368
6063,3064,83,1,302432,302515,299451
6066,3065,57,3,302515,302572,299507
6065,3065,73,2,302572,302645,299580
6068,3066,15,1,302645,302660,299594
6067,3066,57,3,302660,302717,299651
6069,3067,23,2,302717,302740,299673
6071,3067,32,2,302740,302772,299705
6070,3067,99,3,302772,302871,299804
6072,3068,13,2,302871,302884,299816
6073,3068,37,2,302884,302921,299853
6074,3069,20,2,302921,302941,299872
6075,3070,57,2,302941,302998,299928
6077,3071,2,2,302998,303000,299929
6078,3071,15,2,303000,303015,299944
6076,3071,24,1,303015,303039,299968
6079,3072,63,2,303039,303102,300030
6080,3072,88,1,303102,303190,300118
6081,3073,55,3,303190,303245,300172
6082,3074,72,2,303245,303317,300243
6084,3075,3,1,303317,303320,300245
6083,3075,42,1,303320,303362,300287
6085,3076,41,1,303362,303403,300327
6087,3076,57,3,303403,303460,300384
6086,3076,95,3,303460,303555,300479
6088,3077,22,1,303555,303577,300500
6089,3078,43,2,303577,303620,300542
6090,3079,37,3,303620,303657,300578
6096,3080,1,1,303657,303658,300578
6091,3080,5,3,303658,303663,300583
6093,3080,12,2,303663,303675,300595
6092,3080,40,3,303675,303715,300635
6095,3080,54,1,303715,303769,300689
6094,3080,97,3,303769,303866,300786
6097,3081,9,3,303866,303875,300794
6098,3082,15,1,303875,303890,300808
6100,3083,1,2,303890,303891,300808
6101,3083,27,3,303891,303918,300835
6099,3083,98,2,303918,304016,300933
6102,3084,96,3,304016,304112,301028
6103,3085,4,1,304112,304116,301031
6104,3085,66,2,304116,304182,301097
6105,3086,32,1,304182,304214,301128
6106,3087,27,2,304214,304241,301154
6107,3088,57,2,304241,304298,301210
6109,3089,10,3,304298,304308,301219
6108,3089,25,3,304308,304333,301244
6110,3090,65,3,304333,304398,301308
6111,3091,57,1,304398,304455,301364
6112,3091,68,1,304455,304523,301432
6113,3092,91,1,304523,304614,301522
6114,3093,42,3,304614,304656,301563
6116,3094,30,3,304656,304686,301592
6115,3094,81,3,304686,304767,301673
6118,3095,21,2,304767,304788,301693
6117,3095,84,3,304788,304872,301777
6119,3096,95,3,304872,304967,301871
6120,3097,31,3,304967,304998,301901
6121,3098,79,1,304998,305077,301979
6122,3099,56,1,305077,305133,302034
6123,3100,75,1,305133,305208,302108
6124,3101,28,2,305208,305236,302135
6126,3102,21,2,305236,305257,302155
6125,3102,65,1,305257,305322,302220
6127,3102,82,3,305322,305404,302302
6128,3102,87,1,305404,305491,302389
6130,3103,47,1,305491,305538,302435
6129,3103,79,2,305538,305617,302514
6132,3104,10,1,305617,305627,302523
6131,3104,28,3,305627,305655,302551
6133,3104,80,3,305655,305735,302631
6134,3105,86,1,305735,305821,302716
6135,3106,89,3,305821,305910,302804
6136,3107,99,3,305910,306009,302902
6137,3108,41,1,306009,306050,302942
6139,3109,20,2,306050,306070,302961
6138,3109,37,2,306070,306107,302998
6144,3110,26,1,306107,306133,303023
6141,3110,33,2,306133,306166,303056
6145,3110,46,1,306166,306212,303102
6146,3110,56,1,306212,306268,303158
6140,3110,56,3,306268,306324,303214
6147,3110,61,3,306324,306385,303275
6142,3110,94,3,306385,306479,303369
6143,3110,94,3,306479,306573,303463
6148,3111,37,1,306573,306610,303499
6149,3112,48,1,306610,306658,303546
6150,3113,41,1,306658,306699,303586
6151,3114,61,1,306699,306760,303646
6152,3115,33,3,306760,306793,303678
6153,3116,8,2,306793,306801,303685
6158,3116,18,3,306801,306819,303703
6155,3116,22,3,306819,306841,303725
6159,3116,26,1,306841,306867,303751
6157,3116,27,3,306867,306894,303778
6161,3116,38,3,306894,306932,303816
6160,3116,46,3,306932,306978,303862
6156,3116,78,3,306978,307056,303940
6154,3116,83,3,307056,307139,304023
6164,3117,2,2,307139,307141,304024
6163,3117,8,3,307141,307149,304032
6165,3117,39,2,307149,307188,304071
6166,3117,52,1,307188,307240,304123
6167,3117,69,3,307240,307309,304192
6162,3117,95,1,307309,307404,304287
6169,3118,2,1,307404,307406,304288
6168,3118,76,1,307406,307482,304364
6171,3119,18,3,307482,307500,304381
6170,3119,27,2,307500,307527,304408
6172,3120,5,2,307527,307532,304412
6173,3120,32,1,307532,307564,304444
6175,3120,35,2,307564,307599,304479
6174,3120,81,2,307599,307680,304560
6176,3121,24,3,307680,307704,304583
6177,3121,43,3,307704,307747,304626
6178,3121,68,3,307747,307815,304694
6179,3121,95,1,307815,307910,304789
6180,3122,97,1,307910,308007,304885
6181,3123,98,1,308007,308105,304982
6182,3124,5,2,308105,308110,304986
6183,3125,42,2,308110,308152,305027
6184,3125,74,1,308152,308226,305101
6188,3126,10,3,308226,308236,305110
6186,3126,39,1,308236,308275,305149
6185,3126,43,1,308275,308318,305192
6187,3126,45,1,308318,308363,305237
6189,3126,98,2,308363,308461,305335
6190,3127,71,1,308461,308532,305405
6191,3128,31,1,308532,308563,305435
6192,3128,54,3,308563,308617,305489
6193,3128,63,3,308617,308680,305552
6195,3129,38,3,308680,308718,305589
6196,3129,66,2,308718,308784,305655
6194,3129,67,3,308784,308851,305722
6197,3129,85,2,308851,308936,305807
6200,3130,45,3,308936,308981,305851
6198,3130,78,2,308981,309059,305929
6199,3130,83,2,309059,309142,306012
6201,3131,60,1,309142,309202,306071
6202,3132,66,1,309202,309268,306136
6204,3133,56,2,309268,309324,306191
6203,3133,60,3,309324,309384,306251
6205,3134,60,3,309384,309444,306310
6207,3135,5,2,309444,309449,306314
6210,3135,12,1,309449,309461,306326
6209,3135,50,1,309461,309511,306376
6206,3135,50,2,309511,309561,306426
6208,3135,82,1,309561,309643,306508
6211,3136,58,2,309643,309701,306565
6212,3136,96,3,309701,309797,306661
6214,3137,55,2,309797,309852,306715
6213,3137,83,2,309852,309935,306798
6215,3138,21,3,309935,309956,306818
6216,3138,57,3,309956,310013,306875
6217,3139,65,3,310013,310078,306939
6218,3140,78,2,310078,310156,307016
6219,3141,66,1,310156,310222,307081
6220,3142,63,1,310222,310285,307143
6222,3143,13,1,310285,310298,307155
6223,3143,34,3,310298,310332,307189
6221,3143,56,2,310332,310388,307245
6227,3144,6,1,310388,310394,307250
6228,3144,40,1,310394,310434,307290
6224,3144,48,3,310434,310482,307338
6226,3144,66,1,310482,310548,307404
6225,3144,78,1,310548,310626,307482
6230,3145,14,1,310626,310640,307495
6229,3145,52,2,310640,310692,307547
6231,3146,98,3,310692,310790,307644
6232,3147,52,3,310790,310842,307695
6235,3148,25,1,310842,310867,307719
6236,3148,32,3,310867,310899,307751
6233,3148,80,1,310899,310979,307831
6234,3148,100,3,310979,311079,307931
6237,3149,21,2,311079,311100,307951
6238,3150,29,2,311100,311129,307979
6239,3150,29,2,311129,311158,308008
6240,3150,64,2,311158,311222,308072
6241,3151,65,3,311222,311287,308136
6242,3152,0,3,311287,311287,308135
6244,3153,17,2,311287,311304,308151
6245,3153,84,1,311304,311388,308235
6243,3153,89,1,311388,311477,308324
6246,3154,56,1,311477,311533,308379
6247,3155,55,1,311533,311588,308433
6249,3156,57,1,311588,311645,308489
6248,3156,85,3,311645,311730,308574
6251,3157,8,3,311730,311738,308581
6250,3157,9,3,311738,311747,308590
6252,3157,57,3,311747,311804,308647
6254,3158,10,3,311804,311814,308656
6253,3158,39,2,311814,311853,308695
6255,3159,38,3,311853,311891,308732
6257,3160,16,2,311891,311907,308747
6258,3160,25,2,311907,311932,308772
6259,3160,50,3,311932,311982,308822
6256,3160,64,1,311982,312046,308886
6261,3161,4,3,312046,312050,308889
6260,3161,48,3,312050,312098,308937
6262,3161,53,1,312098,312151,308990
6264,3162,20,1,312151,312171,309009
6263,3162,62,2,312171,312233,309071
6265,3163,92,1,312233,312325,309162
6267,3164,46,2,312325,312371,309207
6266,3164,49,3,312371,312420,309256
6268,3164,66,3,312420,312486,309322
6269,3165,80,3,312486,312566,309401
6271,3166,24,1,312566,312590,309424
6270,3166,48,2,312590,312638,309472
6272,3167,35,2,312638,312673,309506
6273,3168,17,1,312673,312690,309522
6274,3169,2,3,312690,312692,309523
6275,3170,19,1,312692,312711,309541
6277,3171,18,1,312711,312729,309558
6278,3171,43,3,312729,312772,309601
6276,3171,65,2,312772,312837,309666
6279,3172,16,3,312837,312853,309681
6280,3172,33,2,312853,312886,309714
6281,3173,54,2,312886,312940,309767
6282,3174,56,3,312940,312996,309822
6283,3174,100,3,312996,313096,309922
6285,3175,69,3,313096,313165,309990
6286,3175,76,2,313165,313241,310066
6284,3175,81,1,313241,313322,310147
6287,3176,16,1,313322,313338,310162
6288,3177,0,3,313338,313338,310161
6290,3178,12,2,313338,313350,310172
6291,3178,29,2,313350,313379,310201
6289,3178,79,1,313379,313458,310280
6293,3179,18,3,313458,313476,310297
6292,3179,37,2,313476,313513,310334
6297,3180,3,1,313513,313516,310336
6299,3180,27,2,313516,313543,310363
6294,3180,41,1,313543,313584,310404
6298,3180,44,2,313584,313628,310448
6296,3180,58,3,313628,313686,310506
6295,3180,71,1,313686,313757,310577
6300,3181,66,2,313757,313823,310642
6302,3182,51,3,313823,313874,310692
6301,3182,68,2,313874,313942,310760
6303,3182,69,2,313942,314011,310829
6304,3183,15,3,314011,314026,310843
6305,3184,78,1,314026,314104,310920
6307,3184,94,1,314104,314198,311014
6306,3184,100,3,314198,314298,311114
6308,3185,22,2,314298,314320,311135
6310,3185,27,3,314320,314347,311162
6309,3185,67,3,314347,314414,311229
6311,3186,16,3,314414,314430,311244
6312,3187,9,1,314430,314439,311252
6313,3187,26,1,314439,314465,311278
6314,3187,36,1,314465,314501,311314
6315,3188,8,1,314501,314509,311321
6316,3188,39,1,314509,314548,311360
6317,3188,41,3,314548,314589,311401
6318,3189,19,1,314589,314608,311419
6319,3190,93,2,314608,314701,311511
6321,3191,24,3,314701,314725,311534
6320,3191,28,1,314725,314753,311562
6323,3192,32,2,314753,314785,311593
6324,3192,37,3,314785,314822,311630
6322,3192,56,3,314822,314878,311686
6325,3193,1,1,314878,314879,311686
6327,3194,40,2,314879,314919,311725
6326,3194,100,1,314919,315019,311825
6328,3195,27,2,315019,315046,311851
6329,3195,55,1,315046,315101,311906
6330,3196,80,1,315101,315181,311985
6331,3197,68,2,315181,315249,312052
6332,3197,81,2,315249,315330,312133
6334,3198,43,3,315330,315373,312175
6333,3198,48,3,315373,315421,312223
6335,3198,63,3,315421,315484,312286
6336,3199,17,2,315484,315501,312302
6337,3200,5,2,315501,315506,312306
6338,3200,34,1,315506,315540,312340
6340,3200,66,1,315540,315606,312406
6339,3200,81,2,315606,315687,312487
6341,3201,27,3,315687,315714,312513
6344,3202,19,3,315714,315733,312531
6342,3202,42,1,315733,315775,312573
6343,3202,67,3,315775,315842,312640
6346,3203,2,2,315842,315844,312641
6345,3203,8,1,315844,315852,312649
6347,3204,15,2,315852,315867,312663
6348,3204,24,3,315867,315891,312687
6350,3204,25,2,315891,315916,312712
6349,3204,72,2,315916,315988,312784
6351,3205,86,2,315988,316074,312869
6352,3206,21,2,316074,316095,312889
6353,3207,58,2,316095,316153,312946
6354,3207,87,1,316153,316240,313033
6356,3208,17,3,316240,316257,313049
6355,3208,26,3,316257,316283,313075
6358,3209,32,3,316283,316315,313106
6359,3209,54,1,316315,316369,313160
6357,3209,69,2,316369,316438,313229
6360,3210,76,3,316438,316514,313304
6361,3211,77,1,316514,316591,313380
6363,3212,5,1,316591,316596,313384
6362,3212,53,2,316596,316649,313437
6364,3213,20,1,316649,316669,313456
6365,3214,5,2,316669,316674,313460
6371,3214,8,2,316674,316682,313468
6366,3214,14,3,316682,316696,313482
6373,3214,33,2,316696,316729,313515
6367,3214,52,2,316729,316781,313567
6372,3214,83,1,316781,316864,313650
6368,3214,86,1,316864,316950,313736
6369,3214,95,2,316950,317045,313831
6370,3214,100,1,317045,317145,313931
6374,3215,15,3,317145,317160,313945
6375,3216,27,2,317160,317187,313971
6376,3216,85,3,317187,317272,314056
6379,3217,46,3,317272,317318,314101
6380,3217,69,3,317318,317387,314170
6378,3217,94,1,317387,317481,314264
6377,3217,94,3,317481,317575,314358
6381,3218,30,1,317575,317605,314387
6383,3219,69,2,317605,317674,314455
6382,3219,85,1,317674,317759,314540
6384,3219,92,1,317759,317851,314632
6392,3220,15,2,317851,317866,314646
6387,3220,15,3,317866,317881,314661
6386,3220,25,2,317881,317906,314686
6389,3220,25,3,317906,317931,314711
6393,3220,43,1,317931,317974,314754
6395,3220,43,1,317974,318017,314797
6385,3220,44,2,318017,318061,314841
6388,3220,89,3,318061,318150,314930
6394,3220,91,3,318150,318241,315021
6391,3220,98,3,318241,318339,315119
6390,3220,99,3,318339,318438,315218
6396,3221,35,1,318438,318473,315252
6398,3221,41,2,318473,318514,315293
6397,3221,66,3,318514,318580,315359
6399,3222,77,1,318580,318657,315435
6403,3223,51,3,318657,318708,315485
6402,3223,58,2,318708,318766,315543
6400,3223,65,2,318766,318831,315608
6401,3223,100,1,318831,318931,315708
6406,3224,12,1,318931,318943,315719
6407,3224,62,3,318943,319005,315781
6404,3224,85,1,319005,319090,315866
6405,3224,92,3,319090,319182,315958
6408,3225,74,3,319182,319256,316031
6410,3226,6,2,319256,319262,316036
6409,3226,62,1,319262,319324,316098
6411,3227,6,2,319324,319330,316103
6412,3227,62,3,319330,319392,316165
6413,3228,69,3,319392,319461,316233
6415,3229,12,3,319461,319473,316244
6414,3229,54,1,319473,319527,316298
6417,3229,64,3,319527,319591,316362
6416,3229,91,1,319591,319682,316453
6418,3230,51,1,319682,319733,316503
6419,3230,98,1,319733,319831,316601
6420,3231,23,2,319831,319854,316623
6421,3232,33,2,319854,319887,316655
6422,3232,70,1,319887,319957,316725
6423,3232,95,3,319957,320052,316820
6424,3233,75,1,320052,320127,316894
6425,3234,33,1,320127,320160,316926
6426,3235,58,1,320160,320218,316983
6428,3235,60,2,320218,320278,317043
6429,3235,61,2,320278,320339,317104
6427,3235,90,2,320339,320429,317194
6430,3236,55,3,320429,320484,317248
6431,3237,70,2,320484,320554,317317
6432,3238,25,1,320554,320579,317341
6433,3239,74,1,320579,320653,317414
6434,3240,41,2,320653,320694,317454
6435,3240,46,2,320694,320740,317500
6437,3241,35,3,320740,320775,317534
6438,3241,36,2,320775,320811,317570
6436,3241,66,1,320811,320877,317636
6439,3242,97,1,320877,320974,317732
6440,3243,81,1,320974,321055,317812
6442,3244,36,2,321055,321091,317847
6441,3244,79,1,321091,321170,317926
6445,3245,3,1,321170,321173,317928
6448,3245,9,1,321173,321182,317937
6444,3245,16,2,321182,321198,317953
6447,3245,24,3,321198,321222,317977
6443,3245,44,2,321222,321266,318021
6446,3245,56,1,321266,321322,318077
6449,3246,55,1,321322,321377,318131
6450,3247,100,1,321377,321477,318230
6456,3248,16,3,321477,321493,318245
6457,3248,19,3,321493,321512,318264
6453,3248,39,3,321512,321551,318303
6451,3248,56,3,321551,321607,318359
6454,3248,89,1,321607,321696,318448
6455,3248,93,3,321696,321789,318541
6452,3248,95,3,321789,321884,318636
6458,3249,3,1,321884,321887,318638
6459,3249,20,1,321887,321907,318658
6462,3249,64,1,321907,321971,318722
6460,3249,75,2,321971,322046,318797
6463,3249,96,1,322046,322142,318893
6461,3249,96,2,322142,322238,318989
6464,3250,40,3,322238,322278,319028
6465,3251,8,1,322278,322286,319035
6466,3251,42,2,322286,322328,319077
6467,3251,56,1,322328,322384,319133
6469,3252,61,1,322384,322445,319193
6468,3252,65,3,322445,322510,319258
6471,3253,26,1,322510,322536,319283
6470,3253,71,3,322536,322607,319354
6474,3254,0,2,322607,322607,319353
6477,3254,41,1,322607,322648,319394
6476,3254,44,1,322648,322692,319438
6472,3254,61,1,322692,322753,319499
6473,3254,79,2,322753,322832,319578
6475,3254,90,3,322832,322922,319668
6479,3255,2,3,322922,322924,319669
6480,3255,8,3,322924,322932,319677
6478,3255,21,1,322932,322953,319698
6481,3255,72,2,322953,323025,319770
6482,3256,16,2,323025,323041,319785
6483,3257,89,1,323041,323130,319873
6485,3258,36,2,323130,323166,319908
6484,3258,53,1,323166,323219,319961
6486,3258,60,1,323219,323279,320021
6488,3259,36,1,323279,323315,320056
6487,3259,84,2,323315,323399,320140
6490,3260,25,1,323399,323424,320164
6489,3260,63,1,323424,323487,320227
6491,3261,32,3,323487,323519,320258
6494,3262,2,1,323519,323521,320259
6493,3262,74,3,323521,323595,320333
6492,3262,97,3,323595,323692,320430
6495,3263,88,3,323692,323780,320517
6497,3264,28,3,323780,323808,320544
6496,3264,30,2,323808,323838,320574
6499,3265,32,3,323838,323870,320605
6498,3265,49,2,323870,323919,320654
6500,3265,49,2,323919,323968,320703
6501,3265,86,1,323968,324054,320789
6502,3265,91,2,324054,324145,320880
6504,3266,34,3,324145,324179,320913
6503,3266,61,2,324179,324240,320974
6505,3267,28,1,324240,324268,321001
6506,3268,47,1,324268,324315,321047
6508,3269,16,1,324315,324331,321062
6507,3269,83,3,324331,324414,321145
6510,3270,17,1,324414,324431,321161
6509,3270,50,3,324431,324481,321211
6511,3270,74,1,324481,324555,321285
6512,3270,74,2,324555,324629,321359
6514,3271,66,1,324629,324695,321424
6513,3271,92,2,324695,324787,321516
6516,3272,16,3,324787,324803,321531
6517,3272,53,2,324803,324856,321584
6515,3272,69,3,324856,324925,321653
6518,3273,20,1,324925,324945,321672
6519,3273,78,2,324945,325023,321750
6520,3274,64,3,325023,325087,321813
6521,3275,16,3,325087,325103,321828
6522,3275,49,1,325103,325152,321877
6523,3276,76,2,325152,325228,321952
6524,3277,61,2,325228,325289,322012
6525,3278,23,3,325289,325312,322034
6527,3278,27,2,325312,325339,322061
6528,3278,60,3,325339,325399,322121
6526,3278,86,3,325399,325485,322207
6529,3279,62,1,325485,325547,322268
6531,3280,0,2,325547,325547,322267
6530,3280,44,1,325547,325591,322311
6532,3280,45,1,325591,325636,322356
6536,3281,32,2,325636,325668,322387
6534,3281,33,3,325668,325701,322420
6535,3281,54,3,325701,325755,322474
6533,3281,72,2,325755,325827,322546
6537,3282,5,1,325827,325832,322550
6538,3283,5,3,325832,325837,322554
6541,3284,36,3,325837,325873,322589
6540,3284,98,2,325873,325971,322687
6539,3284,99,3,325971,326070,322786
6542,3285,68,1,326070,326138,322853
6543,3285,91,2,326138,326229,322944
6545,3286,58,1,326229,326287,323001
6544,3286,70,1,326287,326357,323071
6546,3287,36,2,326357,326393,323106
6547,3287,77,3,326393,326470,323183
6550,3288,9,3,326470,326479,323191
6549,3288,63,1,326479,326542,323254
6551,3288,83,3,326542,326625,323337
6548,3288,93,3,326625,326718,323430
6552,3289,90,1,326718,326808,323519
6554,3290,64,3,326808,326872,323582
6553,3290,89,2,326872,326961,323671
6555,3291,27,3,326961,326988,323697
6556,3291,56,2,326988,327044,323753
6557,3292,91,3,327044,327135,323843
6558,3293,68,1,327135,327203,323910
6562,3294,5,3,327203,327208,323914
6563,3294,7,2,327208,327215,323921
6559,3294,57,1,327215,327272,323978
6561,3294,90,2,327272,327362,324068
6560,3294,91,1,327362,327453,324159
6564,3295,26,1,327453,327479,324184
6565,3295,98,1,327479,327577,324282
6566,3296,89,2,327577,327666,324370
6567,3297,26,1,327666,327692,324395
6568,3297,91,3,327692,327783,324486
6569,3298,26,3,327783,327809,324511
6570,3298,48,2,327809,327857,324559
6571,3299,88,1,327857,327945,324646
6572,3300,54,2,327945,327999,324699
6573,3301,11,3,327999,328010,324709
6574,3302,95,1,328010,328105,324803
6575,3303,9,2,328105,328114,324811
6576,3303,72,3,328114,328186,324883
6577,3304,20,1,328186,328206,324902
6578,3305,95,2,328206,328301,324996
6581,3306,6,3,328301,328307,325001
6579,3306,86,2,328307,328393,325087
6580,3306,90,2,328393,328483,325177
6582,3307,97,3,328483,328580,325273
6583,3308,93,2,328580,328673,325365
6584,3309,22,3,328673,328695,325386
6585,3310,95,2,328695,328790,325480
6588,3311,3,1,328790,328793,325482
6587,3311,40,1,328793,328833,325522
6586,3311,77,2,328833,328910,325599
6589,3312,37,3,328910,328947,325635
6590,3313,44,3,328947,328991,325678
6591,3313,75,2,328991,329066,325753
6592,3314,18,2,329066,329084,325770
6593,3315,74,3,329084,329158,325843
6595,3316,3,1,329158,329161,325845
6596,3316,10,3,329161,329171,325855
6594,3316,67,2,329171,329238,325922
6597,3317,17,2,329238,329255,325938
6598,3318,79,1,329255,329334,326016
6599,3319,12,1,329334,329346,326027
6600,3320,69,2,329346,329415,326095
6601,3321,4,1,329415,329419,326098
6604,3322,26,2,329419,329445,326123
6602,3322,42,2,329445,329487,326165
6603,3322,85,2,329487,329572,326250
6606,3323,45,1,329572,329617,326294
6607,3323,52,2,329617,329669,326346
6605,3323,87,2,329669,329756,326433
6608,3324,14,2,329756,329770,326446
6609,3325,3,3,329770,329773,326448
6610,3326,23,3,329773,329796,326470
6611,3326,46,3,329796,329842,326516
6612,3326,66,1,329842,329908,326582
6613,3327,97,1,329908,330005,326678
6614,3328,42,3,330005,330047,326719
6615,3328,50,1,330047,330097,326769
6616,3328,70,2,330097,330167,326839
6619,3329,0,1,330167,330167,326838
6618,3329,24,1,330167,330191,326862
6617,3329,28,2,330191,330219,326890
6620,3330,13,2,330219,330232,326902
6621,3330,43,2,330232,330275,326945
6622,3330,43,3,330275,330318,326988
6623,3330,89,1,330318,330407,327077
6624,3331,8,3,330407,330415,327084
6625,3332,58,2,330415,330473,327141
6628,3333,7,1,330473,330480,327147
6627,3333,41,3,330480,330521,327188
6626,3333,92,3,330521,330613,327280
6631,3334,61,2,330613,330674,327340
6632,3334,75,3,330674,330749,327415
6629,3334,88,3,330749,330837,327503
6630,3334,98,1,330837,330935,327601
6633,3335,11,1,330935,330946,327611
6634,3335,20,2,330946,330966,327631
6635,3335,50,3,330966,331016,327681
6639,3336,3,3,331016,331019,327683
6637,3336,38,2,331019,331057,327721
6640,3336,69,1,331057,331126,327790
6638,3336,85,1,331126,331211,327875
6636,3336,98,3,331211,331309,327973
6642,3337,42,2,331309,331351,328014
6641,3337,73,2,331351,331424,328087
6646,3338,29,1,331424,331453,328115
6643,3338,46,1,331453,331499,328161
6644,3338,49,2,331499,331548,328210
6645,3338,75,2,331548,331623,328285
6647,3338,76,2,331623,331699,328361
6649,3339,66,1,331699,331765,328426
6648,3339,72,3,331765,331837,328498
6650,3340,50,3,331837,331887,328547
6651,3340,99,1,331887,331986,328646
6653,3341,9,1,331986,331995,328654
6654,3341,47,3,331995,332042,328701
6655,3341,65,1,332042,332107,328766
6652,3341,70,2,332107,332177,328836
6656,3342,21,3,332177,332198,328856
6657,3342,81,3,332198,332279,328937
6658,3343,96,1,332279,332375,329032
6659,3344,35,1,332375,332410,329066
6660,3344,96,2,332410,332506,329162
6661,3345,26,3,332506,332532,329187
6662,3345,47,3,332532,332579,329234
6663,3346,17,2,332579,332596,329250
6664,3347,39,1,332596,332635,329288
6665,3347,45,3,332635,332680,329333
6667,3347,51,2,332680,332731,329384
6666,3347,53,3,332731,332784,329437
6668,3347,82,3,332784,332866,329519
6669,3348,25,1,332866,332891,329543
6670,3349,48,2,332891,332939,329590
6671,3349,96,3,332939,333035,329686
6672,3350,35,2,333035,333070,329720
6675,3350,68,2,333070,333138,329788
6673,3350,94,1,333138,333232,329882
6674,3350,95,1,333232,333327,329977
6676,3351,54,2,333327,333381,330030
6677,3351,97,3,333381,333478,330127
6678,3352,8,2,333478,333486,330134
6679,3353,10,2,333486,333496,330143
6680,3354,12,2,333496,333508,330154
6681,3354,65,1,333508,333573,330219
6682,3355,88,2,333573,333661,330306
6683,3356,62,2,333661,333723,330367
6686,3357,50,2,333723,333773,330416
6685,3357,78,2,333773,333851,330494
6684,3357,87,3,333851,333938,330581
6687,3358,64,1,333938,334002,330644
6691,3359,26,3,334002,334028,330669
6692,3359,41,3,334028,334069,330710
6689,3359,43,3,334069,334112,330753
6690,3359,49,3,334112,334161,330802
6688,3359,56,3,334161,334217,330858
6693,3360,47,2,334217,334264,330904
6694,3361,65,1,334264,334329,330968
6695,3362,26,2,334329,334355,330993
6698,3362,48,2,334355,334403,331041
6696,3362,70,3,334403,334473,331111
6697,3362,89,3,334473,334562,331200
6699,3363,63,3,334562,334625,331262
6703,3364,1,2,334625,334626,331262
6702,3364,20,3,334626,334646,331282
6701,3364,40,2,334646,334686,331322
6700,3364,97,2,334686,334783,331419
6704,3365,57,2,334783,334840,331475
6706,3366,85,3,334840,334925,331559
6705,3366,92,3,334925,335017,331651
6707,3367,4,2,335017,335021,331654
6709,3368,36,3,335021,335057,331689
6708,3368,89,2,335057,335146,331778
6712,3369,40,2,335146,335186,331817
6711,3369,51,1,335186,335237,331868
6710,3369,92,3,335237,335329,331960
6713,3370,30,3,335329,335359,331989
6714,3371,38,2,335359,335397,332026
6715,3371,92,2,335397,335489,332118
6716,3372,61,2,335489,335550,332178
6717,3372,77,2,335550,335627,332255
6718,3372,98,2,335627,335725,332353
6719,3373,39,3,335725,335764,332391
6720,3373,79,2,335764,335843,332470
6721,3373,92,2,335843,335935,332562
6722,3374,15,1,335935,335950,332576
6723,3375,6,1,335950,335956,332581
6724,3375,64,3,335956,336020,332645
6725,3376,95,3,336020,336115,332739
6726,3377,3,3,336115,336118,332741
6728,3377,6,1,336118,336124,332747
6729,3377,54,2,336124,336178,332801
6727,3377,68,1,336178,336246,332869
6730,3378,13,1,336246,336259,332881
6732,3379,26,3,336259,336285,332906
6731,3379,86,3,336285,336371,332992
6734,3380,34,2,336371,336405,333025
6733,3380,97,2,336405,336502,333122
6736,3381,2,2,336502,336504,333123
6735,3381,29,3,336504,336533,333152
6737,3381,71,2,336533,336604,333223
6738,3382,78,1,336604,336682,333300
6739,3383,10,2,336682,336692,333309
6740,3383,39,1,336692,336731,333348
6741,3383,79,3,336731,336810,333427
6742,3384,99,1,336810,336909,333525
6744,3385,13,2,336909,336922,333537
6743,3385,67,1,336922,336989,333604
6745,3386,41,1,336989,337030,333644
6746,3387,41,1,337030,337071,333684
6747,3388,54,1,337071,337125,333737
6748,3389,62,3,337125,337187,333798
6751,3390,17,3,337187,337204,333814
6750,3390,63,1,337204,337267,333877
6752,3390,66,1,337267,337333,333943
6749,3390,75,2,337333,337408,334018
6754,3391,5,1,337408,337413,334022
6753,3391,87,2,337413,337500,334109
6755,3392,35,1,337500,337535,334143
6756,3392,60,3,337535,337595,334203
6757,3393,68,1,337595,337663,334270
6758,3394,50,1,337663,337713,334319
6759,3395,61,3,337713,337774,334379
6763,3396,22,1,337774,337796,334400
6765,3396,27,1,337796,337823,334427
6761,3396,43,2,337823,337866,334470
6762,3396,67,3,337866,337933,334537
6760,3396,80,2,337933,338013,334617
6764,3396,86,3,338013,338099,334703
6767,3397,0,1,338099,338099,334702
6766,3397,89,3,338099,338188,334791
6769,3398,66,1,338188,338254,334856
6768,3398,97,1,338254,338351,334953
6770,3399,26,3,338351,338377,334978
6771,3400,11,1,338377,338388,334988
6773,3401,3,3,338388,338391,334990
6774,3401,36,2,338391,338427,335026
6772,3401,76,3,338427,338503,335102
6778,3402,6,2,338503,338509,335107
6776,3402,31,3,338509,338540,335138
6777,3402,60,2,338540,338600,335198
6775,3402,62,3,338600,338662,335260
6779,3403,64,1,338662,338726,335323
6780,3404,33,1,338726,338759,335355
6781,3405,34,3,338759,338793,335388
6783,3405,84,1,338793,338877,335472
6782,3405,97,3,338877,338974,335569
6784,3406,11,3,338974,338985,335579
6785,3406,68,1,338985,339053,335647
6786,3407,22,3,339053,339075,335668
6788,3408,22,2,339075,339097,335689
6787,3408,60,1,339097,339157,335749
6789,3409,51,3,339157,339208,335799
6791,3409,95,2,339208,339303,335894
6790,3409,100,3,339303,339403,335994
6792,3410,13,1,339403,339416,336006
6794,3410,44,3,339416,339460,336050
6793,3410,72,1,339460,339532,336122
6795,3411,84,2,339532,339616,336205
6796,3412,58,3,339616,339674,336262
6797,3413,24,1,339674,339698,336285
6799,3414,49,1,339698,339747,336333
6800,3414,49,1,339747,339796,336382
6798,3414,74,1,339796,339870,336456
6801,3415,40,3,339870,339910,336495
6802,3416,51,3,339910,339961,336545
6803,3417,86,3,339961,340047,336630
6804,3418,90,1,340047,340137,336719
6805,3418,96,1,340137,340233,336815
6810,3419,1,1,340233,340234,336815
6809,3419,5,3,340234,340239,336820
6808,3419,9,1,340239,340248,336829
6806,3419,25,3,340248,340273,336854
6811,3419,62,3,340273,340335,336916
6812,3419,85,3,340335,340420,337001
6807,3419,98,1,340420,340518,337099
6813,3420,31,1,340518,340549,337129
6814,3421,2,2,340549,340551,337130
6815,3422,63,1,340551,340614,337192
6816,3422,94,2,340614,340708,337286
6817,3423,33,2,340708,340741,337318
6818,3424,29,2,340741,340770,337346
6819,3424,89,1,340770,340859,337435
6824,3425,53,1,340859,340912,337487
6822,3425,72,2,340912,340984,337559
6823,3425,92,3,340984,341076,337651
6821,3425,99,2,341076,341175,337750
6820,3425,100,1,341175,341275,337850
6826,3426,31,1,341275,341306,337880
6825,3426,33,3,341306,341339,337913
6828,3426,41,1,341339,341380,337954
6827,3426,72,3,341380,341452,338026
6830,3427,32,3,341452,341484,338057
6829,3427,59,2,341484,341543,338116
6831,3428,66,2,341543,341609,338181
6832,3429,29,2,341609,341638,338209
6833,3430,23,3,341638,341661,338231
6834,3431,67,3,341661,341728,338297
6835,3432,11,1,341728,341739,338307
6836,3432,27,2,341739,341766,338334
6837,3433,29,2,341766,341795,338362
6838,3433,44,3,341795,341839,338406
6839,3434,59,2,341839,341898,338464
6840,3435,84,2,341898,341982,338547
6842,3436,38,3,341982,342020,338584
6846,3436,51,3,342020,342071,338635
6841,3436,52,2,342071,342123,338687
6845,3436,55,1,342123,342178,338742
6844,3436,77,2,342178,342255,338819
6843,3436,87,3,342255,342342,338906
6847,3437,4,2,342342,342346,338909
6849,3438,59,1,342346,342405,338967
6848,3438,75,1,342405,342480,339042
6850,3439,71,3,342480,342551,339112
6852,3440,13,1,342551,342564,339124
6853,3440,35,2,342564,342599,339159
6851,3440,55,2,342599,342654,339214
6854,3441,17,3,342654,342671,339230
6855,3442,46,2,342671,342717,339275
6857,3442,64,1,342717,342781,339339
6856,3442,88,1,342781,342869,339427
6859,3443,24,1,342869,342893,339450
6858,3443,91,1,342893,342984,339541
6862,3444,71,1,342984,343055,339611
6861,3444,84,1,343055,343139,339695
6860,3444,100,1,343139,343239,339795
6863,3445,8,1,343239,343247,339802
6864,3445,42,2,343247,343289,339844
6866,3446,51,1,343289,343340,339894
6865,3446,100,2,343340,343440,339994
6869,3447,41,2,343440,343481,340034
6868,3447,45,2,343481,343526,340079
6867,3447,64,2,343526,343590,340143
6872,3448,24,3,343590,343614,340166
6874,3448,35,1,343614,343649,340201
6870,3448,65,2,343649,343714,340266
6871,3448,81,2,343714,343795,340347
6875,3448,93,3,343795,343888,340440
6873,3448,98,1,343888,343986,340538
6876,3449,83,1,343986,344069,340620
6878,3450,57,1,344069,344126,340676
6877,3450,64,3,344126,344190,340740
6879,3451,17,2,344190,344207,340756
6880,3452,33,1,344207,344240,340788
6881,3452,42,2,344240,344282,340830
6882,3452,58,2,344282,344340,340888
6883,3452,79,1,344340,344419,340967
6884,3453,99,1,344419,344518,341065
6885,3454,94,3,344518,344612,341158
6886,3455,32,1,344612,344644,341189
6887,3456,93,1,344644,344737,341281
6888,3457,79,2,344737,344816,341359
6889,3458,68,2,344816,344884,341426
6890,3458,85,2,344884,344969,341511
6892,3459,53,2,344969,345022,341563
6891,3459,59,1,345022,345081,341622
6893,3460,43,3,345081,345124,341664
6894,3460,66,1,345124,345190,341730
6895,3461,99,1,345190,345289,341828
6896,3462,16,3,345289,345305,341843
6897,3462,83,1,345305,345388,341926
6899,3463,3,3,345388,345391,341928
6898,3463,15,2,345391,345406,341943
6900,3464,29,1,345406,345435,341971
6902,3465,29,3,345435,345464,341999
6903,3465,58,1,345464,345522,342057
6901,3465,82,3,345522,345604,342139
6904,3466,83,1,345604,345687,342221
6905,3466,92,2,345687,345779,342313
6907,3467,66,1,345779,345845,342378
6906,3467,81,1,345845,345926,342459
6909,3468,36,1,345926,345962,342494
6908,3468,84,2,345962,346046,342578
6910,3469,47,3,346046,346093,342624
6911,3470,20,1,346093,346113,342643
6912,3471,92,2,346113,346205,342734
6913,3471,97,2,346205,346302,342831
6916,3472,12,3,346302,346314,342842
6915,3472,20,3,346314,346334,342862
6914,3472,91,1,346334,346425,342953
6918,3473,1,3,346425,346426,342953
6921,3473,11,2,346426,346437,342964
6917,3473,12,3,346437,346449,342976
6920,3473,28,1,346449,346477,343004
6919,3473,32,1,346477,346509,343036
6922,3474,91,3,346509,346600,343126
6924,3475,9,2,346600,346609,343134
6923,3475,21,3,346609,346630,343155
6925,3476,81,1,346630,346711,343235
6926,3477,41,1,346711,346752,343275
6928,3477,98,1,346752,346850,343373
6927,3477,98,2,346850,346948,343471
6929,3478,46,2,346948,346994,343516
6930,3478,71,2,346994,347065,343587
6931,3479,52,3,347065,347117,343638
6933,3480,2,2,347117,347119,343639
6934,3480,54,2,347119,347173,343693
6932,3480,65,3,347173,347238,343758
6937,3481,19,2,347238,347257,343776
6936,3481,71,2,347257,347328,343847
6935,3481,97,1,347328,347425,343944
6938,3482,70,1,347425,347495,344013
6939,3483,17,1,347495,347512,344029
6940,3484,45,2,347512,347557,344073
6941,3484,88,2,347557,347645,344161
6944,3485,19,1,347645,347664,344179
6943,3485,31,1,347664,347695,344210
6945,3485,39,1,347695,347734,344249
6942,3485,78,3,347734,347812,344327
6946,3486,24,3,347812,347836,344350
6948,3486,78,3,347836,347914,344428
6947,3486,86,3,347914,348000,344514
6949,3486,91,2,348000,348091,344605
6952,3487,5,1,348091,348096,344609
6950,3487,68,1,348096,348164,344677
6951,3487,72,3,348164,348236,344749
6953,3488,32,2,348236,348268,344780
6957,3489,28,1,348268,348296,344807
6954,3489,29,2,348296,348325,344836
6956,3489,35,3,348325,348360,344871
6955,3489,39,1,348360,348399,344910
6958,3489,99,3,348399,348498,345009
6960,3490,15,2,348498,348513,345023
6959,3490,18,2,348513,348531,345041
6961,3491,48,1,348531,348579,345088
6962,3492,43,3,348579,348622,345130
6963,3492,48,1,348622,348670,345178
6965,3493,25,3,348670,348695,345202
6964,3493,26,3,348695,348721,345228
6966,3493,55,2,348721,348776,345283
6967,3493,62,3,348776,348838,345345
6969,3494,9,3,348838,348847,345353
6970,3494,25,2,348847,348872,345378
6968,3494,47,3,348872,348919,345425
6971,3495,58,3,348919,348977,345482
6973,3496,23,3,348977,349000,345504
6974,3496,47,1,349000,349047,345551
6972,3496,68,2,349047,349115,345619
6975,3497,30,3,349115,349145,345648
6977,3498,57,3,349145,349202,345704
6976,3498,87,2,349202,349289,345791
6978,3499,51,2,349289,349340,345841
6979,3500,4,3,349340,349344,345844
6981,3500,41,1,349344,349385,345885
6980,3500,53,2,349385,349438,345938
6984,3501,23,2,349438,349461,345960
6983,3501,39,3,349461,349500,345999
6985,3501,78,1,349500,349578,346077
6982,3501,84,1,349578,349662,346161
6986,3502,50,2,349662,349712,346210
6987,3503,56,1,349712,349768,346265
6988,3503,97,1,349768,349865,346362
6989,3504,79,1,349865,349944,346440
6990,3505,55,3,349944,349999,346494
6993,3506,9,3,349999,350008,346502
6992,3506,58,3,350008,350066,346560
6994,3506,70,3,350066,350136,346630
6991,3506,90,2,350136,350226,346720
6995,3507,42,1,350226,350268,346761
6996,3508,49,2,350268,350317,346809
6997,3509,22,1,350317,350339,346830
6998,3509,67,1,350339,350406,346897
6999,3510,90,2,350406,350496,346986
7001,3511,31,1,350496,350527,347016
7000,3511,69,3,350527,350596,347085
7002,3511,100,3,350596,350696,347185
7003,3512,78,3,350696,350774,347262
7004,3513,49,3,350774,350823,347310
7006,3514,7,1,350823,350830,347316
7005,3514,69,1,350830,350899,347385
7007,3515,49,3,350899,350948,347433
7008,3516,64,1,350948,351012,347496
7009,3517,62,1,351012,351074,347557
7012,3518,10,3,351074,351084,347566
7013,3518,41,2,351084,351125,347607
7014,3518,64,2,351125,351189,347671
7011,3518,69,2,351189,351258,347740
7010,3518,76,1,351258,351334,347816
7015,3519,72,2,351334,351406,347887
7016,3520,56,3,351406,351462,347942
7018,3521,44,2,351462,351506,347985
7017,3521,62,3,351506,351568,348047
7019,3522,7,1,351568,351575,348053
7021,3522,28,3,351575,351603,348081
7020,3522,83,1,351603,351686,348164
7023,3523,4,3,351686,351690,348167
7024,3523,9,1,351690,351699,348176
7022,3523,87,3,351699,351786,348263
7027,3524,36,1,351786,351822,348298
7026,3524,89,2,351822,351911,348387
7025,3524,98,3,351911,352009,348485
7028,3525,41,3,352009,352050,348525
7029,3525,44,1,352050,352094,348569
7031,3526,90,2,352094,352184,348658
7030,3526,92,2,352184,352276,348750
7032,3527,45,3,352276,352321,348794
7033,3528,32,3,352321,352353,348825
7034,3529,65,2,352353,352418,348889
7035,3529,80,3,352418,352498,348969
7036,3530,9,2,352498,352507,348977
7038,3530,15,1,352507,352522,348992
7039,3530,24,3,352522,352546,349016
7041,3530,47,1,352546,352593,349063
7037,3530,52,2,352593,352645,349115
7040,3530,70,1,352645,352715,349185
7043,3531,54,3,352715,352769,349238
7042,3531,94,2,352769,352863,349332
7044,3532,59,3,352863,352922,349390
7047,3533,17,2,352922,352939,349406
7046,3533,28,3,352939,352967,349434
7045,3533,94,1,352967,353061,349528
7048,3534,34,1,353061,353095,349561
7050,3534,44,2,353095,353139,349605
7049,3534,72,3,353139,353211,349677
7051,3535,4,3,353211,353215,349680
7052,3535,56,1,353215,353271,349736
7053,3536,72,1,353271,353343,349807
7054,3537,27,2,353343,353370,349833
7057,3538,5,1,353370,353375,349837
7056,3538,20,3,353375,353395,349857
7055,3538,36,1,353395,353431,349893
7059,3539,45,3,353431,353476,349937
7058,3539,94,1,353476,353570,350031
7061,3540,40,3,353570,353610,350070
7060,3540,88,1,353610,353698,350158
7062,3541,14,3,353698,353712,350171
7063,3541,52,2,353712,353764,350223
7064,3542,93,1,353764,353857,350315
7065,3543,79,3,353857,353936,350393
7066,3544,13,2,353936,353949,350405
7068,3544,88,1,353949,354037,350493
7067,3544,94,1,354037,354131,350587
7069,3545,9,2,354131,354140,350595
7071,3546,46,2,354140,354186,350640
7070,3546,60,3,354186,354246,350700
7072,3547,18,1,354246,354264,350717
7073,3548,92,3,354264,354356,350808
7075,3549,27,2,354356,354383,350834
7077,3549,51,3,354383,354434,350885
7076,3549,83,1,354434,354517,350968
7074,3549,96,1,354517,354613,351064
7078,3550,21,2,354613,354634,351084
7079,3550,69,2,354634,354703,351153
7080,3550,70,3,354703,354773,351223
7081,3551,96,1,354773,354869,351318
7082,3552,5,2,354869,354874,351322
7084,3553,1,1,354874,354875,351322
7083,3553,41,3,354875,354916,351363
7086,3554,21,1,354916,354937,351383
7085,3554,21,3,354937,354958,351404
7087,3555,77,2,354958,355035,351480
7092,3556,5,3,355035,355040,351484
7089,3556,18,1,355040,355058,351502
7090,3556,18,2,355058,355076,351520
7088,3556,29,1,355076,355105,351549
7091,3556,61,3,355105,355166,351610
7094,3557,12,2,355166,355178,351621
7093,3557,15,3,355178,355193,351636
7095,3558,64,2,355193,355257,351699
7096,3559,22,3,355257,355279,351720
7097,3560,17,2,355279,355296,351736
7098,3560,18,2,355296,355314,351754
7099,3560,19,2,355314,355333,351773
7100,3560,37,3,355333,355370,351810
7102,3561,17,1,355370,355387,351826
7103,3561,32,1,355387,355419,351858
7101,3561,36,3,355419,355455,351894
7104,3562,33,1,355455,355488,351926
7105,3562,57,3,355488,355545,351983
7106,3563,30,3,355545,355575,352012
7107,3564,73,2,355575,355648,352084
7108,3564,81,2,355648,355729,352165
7110,3565,47,2,355729,355776,352211
7109,3565,69,3,355776,355845,352280
7112,3566,3,2,355845,355848,352282
7111,3566,41,1,355848,355889,352323
7115,3567,1,1,355889,355890,352323
7114,3567,8,2,355890,355898,352331
7113,3567,26,2,355898,355924,352357
7116,3568,28,1,355924,355952,352384
7117,3568,94,3,355952,356046,352478
7118,3569,95,2,356046,356141,352572
7119,3570,40,1,356141,356181,352611
7120,3571,91,1,356181,356272,352701
7121,3571,99,1,356272,356371,352800
7122,3572,77,3,356371,356448,352876
7124,3573,20,2,356448,356468,352895
7123,3573,94,2,356468,356562,352989
7125,3573,97,2,356562,356659,353086
7126,3574,71,2,356659,356730,353156
7127,3575,4,2,356730,356734,353159
7128,3575,24,3,356734,356758,353183
7129,3575,70,2,356758,356828,353253
7130,3576,59,3,356828,356887,353311
7131,3577,25,1,356887,356912,353335
7132,3578,11,1,356912,356923,353345
7133,3579,63,1,356923,356986,353407
7134,3580,41,2,356986,357027,353447
7135,3580,94,3,357027,357121,353541
7137,3581,3,3,357121,357124,353543
7136,3581,51,3,357124,357175,353594
7138,3582,52,2,357175,357227,353645
7139,3583,94,1,357227,357321,353738
7140,3583,99,1,357321,357420,353837
7142,3584,74,1,357420,357494,353910
7141,3584,92,1,357494,357586,354002
7143,3585,96,3,357586,357682,354097
7144,3586,36,3,357682,357718,354132
7145,3586,77,2,357718,357795,354209
7146,3587,67,2,357795,357862,354275
7148,3588,13,1,357862,357875,354287
7152,3588,18,2,357875,357893,354305
7153,3588,41,2,357893,357934,354346
7147,3588,73,3,357934,358007,354419
7151,3588,78,2,358007,358085,354497
7149,3588,93,2,358085,358178,354590
7150,3588,97,1,358178,358275,354687
7154,3589,0,3,358275,358275,354686
7158,3589,14,3,358275,358289,354700
7155,3589,38,3,358289,358327,354738
7157,3589,75,3,358327,358402,354813
7156,3589,94,2,358402,358496,354907
7160,3590,5,1,358496,358501,354911
7159,3590,13,2,358501,358514,354924
7161,3590,62,2,358514,358576,354986
7166,3591,2,2,358576,358578,354987
7163,3591,29,3,358578,358607,355016
7162,3591,42,3,358607,358649,355058
7165,3591,45,3,358649,358694,355103
7164,3591,51,2,358694,358745,355154
7167,3592,73,2,358745,358818,355226
7168,3593,28,1,358818,358846,355253
7169,3594,54,3,358846,358900,355306
7170,3595,19,2,358900,358919,355324
7171,3595,38,2,358919,358957,355362
7172,3596,76,2,358957,359033,355437
7173,3597,67,3,359033,359100,355503
7174,3598,56,2,359100,359156,355558
7175,3599,3,1,359156,359159,355560
7176,3600,38,3,359159,359197,355597
7177,3601,73,2,359197,359270,355669
7178,3601,99,3,359270,359369,355768
7179,3602,6,1,359369,359375,355773
7180,3602,7,3,359375,359382,355780
7183,3602,34,3,359382,359416,355814
7181,3602,52,2,359416,359468,355866
7182,3602,55,1,359468,359523,355921
7184,3603,23,2,359523,359546,355943
7185,3603,59,1,359546,359605,356002
7186,3604,4,3,359605,359609,356005
7187,3605,19,3,359609,359628,356023
7188,3606,5,3,359628,359633,356027
7189,3606,25,1,359633,359658,356052
7190,3607,65,3,359658,359723,356116
7191,3608,44,3,359723,359767,356159
7192,3609,64,2,359767,359831,356222
7194,3610,33,3,359831,359864,356254
7193,3610,48,3,359864,359912,356302
7195,3610,99,1,359912,360011,356401
7196,3611,6,3,360011,360017,356406
7197,3612,10,3,360017,360027,356415
7198,3612,65,3,360027,360092,356480
7199,3612,95,2,360092,360187,356575
7200,3613,78,2,360187,360265,356652
7201,3614,63,2,360265,360328,356714
7202,3615,28,3,360328,360356,356741
7203,3615,79,1,360356,360435,356820
7204,3615,82,1,360435,360517,356902
7206,3616,15,1,360517,360532,356916
7205,3616,51,1,360532,360583,356967
7207,3616,60,3,360583,360643,357027
7209,3616,88,3,360643,360731,357115
7208,3616,91,3,360731,360822,357206
7211,3617,20,3,360822,360842,357225
7210,3617,59,2,360842,360901,357284
7212,3618,44,3,360901,360945,357327
7213,3619,62,1,360945,361007,357388
7215,3619,98,3,361007,361105,357486
7214,3619,99,1,361105,361204,357585
7217,3620,9,3,361204,361213,357593
7221,3620,12,2,361213,361225,357605
7219,3620,19,3,361225,361244,357624
7220,3620,61,2,361244,361305,357685
7218,3620,68,2,361305,361373,357753
7216,3620,78,2,361373,361451,357831
7222,3621,24,2,361451,361475,357854
7223,3622,53,1,361475,361528,357906
7224,3623,17,2,361528,361545,357922
7225,3624,88,3,361545,361633,358009
7226,3625,57,3,361633,361690,358065
7227,3625,60,2,361690,361750,358125
7229,3626,83,3,361750,361833,358207
7228,3626,97,2,361833,361930,358304
7230,3627,35,1,361930,361965,358338
7231,3627,40,2,361965,362005,358378
7232,3627,88,1,362005,362093,358466
7235,3628,1,2,362093,362094,358466
7233,3628,36,1,362094,362130,358502
7234,3628,46,3,362130,362176,358548
7236,3629,85,2,362176,362261,358632
7237,3630,3,3,362261,362264,358634
7239,3630,4,1,362264,362268,358638
7238,3630,20,1,362268,362288,358658
7240,3630,27,1,362288,362315,358685
7241,3631,6,1,362315,362321,358690
7242,3632,46,1,362321,362367,358735
7243,3633,22,1,362367,362389,358756
7245,3633,46,3,362389,362435,358802
7244,3633,50,3,362435,362485,358852
7246,3634,22,3,362485,362507,358873
7247,3635,39,3,362507,362546,358911
7248,3636,65,1,362546,362611,358975
7252,3637,2,3,362611,362613,358976
7251,3637,54,2,362613,362667,359030
7249,3637,67,3,362667,362734,359097
7250,3637,77,1,362734,362811,359174
7253,3638,63,2,362811,362874,359236
7254,3639,49,1,362874,362923,359284
7256,3640,2,3,362923,362925,359285
7258,3640,78,3,362925,363003,359363
7257,3640,79,2,363003,363082,359442
7255,3640,90,2,363082,363172,359532
7259,3640,98,3,363172,363270,359630
7261,3641,1,1,363270,363271,359630
7260,3641,38,1,363271,363309,359668
7262,3642,21,1,363309,363330,359688
7263,3643,47,2,363330,363377,359734
7264,3644,44,1,363377,363421,359777
7266,3644,59,2,363421,363480,359836
7265,3644,65,2,363480,363545,359901
7268,3645,56,1,363545,363601,359956
7267,3645,84,1,363601,363685,360040
7269,3646,11,2,363685,363696,360050
7270,3647,7,2,363696,363703,360056
7273,3648,11,2,363703,363714,360066
7272,3648,36,2,363714,363750,360102
7271,3648,65,1,363750,363815,360167
7274,3648,94,1,363815,363909,360261
7275,3649,17,1,363909,363926,360277
7276,3650,4,3,363926,363930,360280
7277,3650,52,3,363930,363982,360332
7278,3651,29,1,363982,364011,360360
7279,3652,83,1,364011,364094,360442
7280,3652,96,2,364094,364190,360538
7281,3653,2,2,364190,364192,360539
7282,3653,25,2,364192,364217,360564
7283,3654,24,2,364217,364241,360587
7284,3654,74,3,364241,364315,360661
7286,3655,64,1,364315,364379,360724
7285,3655,80,2,364379,364459,360804
7287,3656,20,3,364459,364479,360823
7288,3656,90,3,364479,364569,360913
7289,3657,0,1,364569,364569,360912
7290,3657,84,1,364569,364653,360996
7291,3658,70,2,364653,364723,361065
7292,3659,4,2,364723,364727,361068
7293,3659,86,2,364727,364813,361154
7295,3660,1,2,364813,364814,361154
7296,3660,47,1,364814,364861,361201
7294,3660,75,1,364861,364936,361276
7297,3661,78,1,364936,365014,361353
7299,3662,37,3,365014,365051,361389
7298,3662,51,2,365051,365102,361440
7300,3662,55,3,365102,365157,361495
7301,3663,75,1,365157,365232,361569
7303,3664,41,3,365232,365273,361609
7302,3664,50,2,365273,365323,361659
7305,3665,36,2,365323,365359,361694
7304,3665,90,2,365359,365449,361784
7306,3666,10,2,365449,365459,361793
7307,3667,95,1,365459,365554,361887
7308,3668,92,2,365554,365646,361978
7309,3669,27,3,365646,365673,362004
7310,3669,43,2,365673,365716,362047
7312,3669,54,1,365716,365770,362101
7313,3669,64,3,365770,365834,362165
7311,3669,100,3,365834,365934,362265
7314,3670,8,3,365934,365942,362272
7315,3670,80,3,365942,366022,362352
7316,3671,41,1,366022,366063,362392
7317,3672,12,1,366063,366075,362403
7319,3673,6,3,366075,366081,362408
7318,3673,75,2,366081,366156,362483
7320,3674,0,3,366156,366156,362482
7324,3674,20,3,366156,366176,362502
7321,3674,86,1,366176,366262,362588
7323,3674,88,2,366262,366350,362676
7322,3674,89,3,366350,366439,362765
7325,3675,22,2,366439,366461,362786
7328,3675,29,3,366461,366490,362815
7327,3675,90,1,366490,366580,362905
7326,3675,94,3,366580,366674,362999
7332,3676,1,2,366674,366675,362999
7334,3676,32,3,366675,366707,363031
7331,3676,44,1,366707,366751,363075
7330,3676,54,1,366751,366805,363129
7333,3676,66,1,366805,366871,363195
7329,3676,94,3,366871,366965,363289
7335,3677,73,1,366965,367038,363361
7336,3678,10,2,367038,367048,363370
7339,3679,88,2,367048,367136,363457
7338,3679,91,1,367136,367227,363548
7337,3679,96,3,367227,367323,363644
7340,3680,8,2,367323,367331,363651
7342,3680,22,2,367331,367353,363673
7341,3680,53,3,367353,367406,363726
7343,3681,21,2,367406,367427,363746
7344,3681,41,1,367427,367468,363787
7345,3682,1,3,367468,367469,363787
7346,3683,47,3,367469,367516,363833
7347,3684,88,2,367516,367604,363920
7348,3685,47,1,367604,367651,363966
7349,3686,3,1,367651,367654,363968
7350,3687,15,3,367654,367669,363982
7351,3688,82,2,367669,367751,364063
7352,3689,15,3,367751,367766,364077
7353,3689,90,2,367766,367856,364167
7354,3690,62,2,367856,367918,364228
7355,3691,9,1,367918,367927,364236
7356,3692,67,2,367927,367994,364302
7357,3693,78,1,367994,368072,364379
7358,3694,10,3,368072,368082,364388
7360,3694,79,3,368082,368161,364467
7359,3694,90,1,368161,368251,364557
7364,3695,14,2,368251,368265,364570
7363,3695,58,3,368265,368323,364628
7362,3695,76,1,368323,368399,364704
7361,3695,79,1,368399,368478,364783
7365,3695,89,1,368478,368567,364872
7366,3696,98,1,368567,368665,364969
7367,3696,100,2,368665,368765,365069
7368,3697,34,3,368765,368799,365102
7369,3698,37,3,368799,368836,365138
7371,3698,49,3,368836,368885,365187
7370,3698,69,3,368885,368954,365256
7372,3699,36,2,368954,368990,365291
7373,3699,81,3,368990,369071,365372
7374,3700,35,3,369071,369106,365406
7375,3700,88,2,369106,369194,365494
7376,3701,52,1,369194,369246,365545
7377,3701,94,3,369246,369340,365639
7378,3702,5,1,369340,369345,365643
7379,3702,43,2,369345,369388,365686
7380,3703,51,2,369388,369439,365736
7381,3703,93,3,369439,369532,365829
7382,3704,48,3,369532,369580,365876
7383,3705,46,2,369580,369626,365921
7384,3706,24,1,369626,369650,365944
7386,3707,18,1,369650,369668,365961
7385,3707,48,1,369668,369716,366009
7387,3708,71,3,369716,369787,366079
7388,3709,72,1,369787,369859,366150
7389,3710,44,3,369859,369903,366193
7390,3711,41,3,369903,369944,366233
7391,3711,48,3,369944,369992,366281
7392,3712,21,3,369992,370013,366301
7396,3713,15,1,370013,370028,366315
7395,3713,15,2,370028,370043,366330
7393,3713,22,2,370043,370065,366352
7394,3713,73,3,370065,370138,366425
7397,3714,44,3,370138,370182,366468
7398,3715,94,2,370182,370276,366561
7399,3716,62,2,370276,370338,366622
7400,3717,17,1,370338,370355,366638
7402,3717,46,3,370355,370401,366684
7401,3717,75,2,370401,370476,366759
7404,3718,19,2,370476,370495,366777
7405,3718,33,1,370495,370528,366810
7403,3718,33,3,370528,370561,366843
7406,3719,55,2,370561,370616,366897
7408,3720,43,1,370616,370659,366939
7407,3720,59,1,370659,370718,366998
7409,3721,47,1,370718,370765,367044
7412,3722,5,1,370765,370770,367048
7414,3722,18,3,370770,370788,367066
7410,3722,65,3,370788,370853,367131
7413,3722,66,3,370853,370919,367197
7411,3722,99,3,370919,371018,367296
7415,3723,11,2,371018,371029,367306
7416,3723,31,1,371029,371060,367337
7418,3723,56,2,371060,371116,367393
7417,3723,58,3,371116,371174,367451
7419,3723,72,1,371174,371246,367523
7421,3724,61,2,371246,371307,367583
7420,3724,66,1,371307,371373,367649
7423,3725,3,1,371373,371376,367651
7424,3725,24,2,371376,371400,367675
7422,3725,66,2,371400,371466,367741
7427,3726,0,2,371466,371466,367740
7430,3726,8,2,371466,371474,367748
7428,3726,51,2,371474,371525,367799
7426,3726,70,2,371525,371595,367869
7425,3726,90,3,371595,371685,367959
7429,3726,93,3,371685,371778,368052
7431,3726,95,1,371778,371873,368147
7432,3727,66,3,371873,371939,368212
7436,3728,0,1,371939,371939,368211
7433,3728,38,3,371939,371977,368249
7434,3728,46,3,371977,372023,368295
7435,3728,55,1,372023,372078,368350
7437,3729,22,2,372078,372100,368371
7438,3730,85,3,372100,372185,368455
7439,3731,16,1,372185,372201,368470
7440,3732,59,1,372201,372260,368528
7441,3733,0,3,372260,372260,368527
7442,3733,20,1,372260,372280,368547
7443,3734,73,2,372280,372353,368619
7444,3735,26,3,372353,372379,368644
7447,3736,3,1,372379,372382,368646
7445,3736,4,2,372382,372386,368650
7446,3736,6,3,372386,372392,368656
7449,3736,8,1,372392,372400,368664
7451,3736,53,2,372400,372453,368717
7448,3736,59,1,372453,372512,368776
7452,3736,76,3,372512,372588,368852
7450,3736,83,1,372588,372671,368935
7453,3737,16,2,372671,372687,368950
7460,3738,12,2,372687,372699,368961
7463,3738,14,2,372699,372713,368975
7458,3738,17,1,372713,372730,368992
7456,3738,32,3,372730,372762,369024
7457,3738,50,3,372762,372812,369074
7455,3738,51,1,372812,372863,369125
7461,3738,55,1,372863,372918,369180
7462,3738,55,3,372918,372973,369235
7459,3738,75,2,372973,373048,369310
7454,3738,87,1,373048,373135,369397
7464,3739,98,3,373135,373233,369494
7465,3740,15,3,373233,373248,369508
7467,3741,17,1,373248,373265,369524
7468,3741,51,2,373265,373316,369575
7469,3741,60,2,373316,373376,369635
7466,3741,63,1,373376,373439,369698
7471,3741,87,2,373439,373526,369785
7470,3741,89,3,373526,373615,369874
7472,3741,94,1,373615,373709,369968
7474,3742,60,2,373709,373769,370027
7473,3742,96,1,373769,373865,370123
7475,3743,28,1,373865,373893,370150
7478,3744,26,2,373893,373919,370175
7476,3744,74,3,373919,373993,370249
7477,3744,88,3,373993,374081,370337
7479,3744,97,2,374081,374178,370434
7480,3745,25,1,374178,374203,370458
7482,3745,65,1,374203,374268,370523
7481,3745,80,3,374268,374348,370603
7483,3746,77,3,374348,374425,370679
7484,3747,23,2,374425,374448,370701
7485,3748,50,1,374448,374498,370750
7486,3748,55,2,374498,374553,370805
7487,3748,87,2,374553,374640,370892
7488,3749,5,1,374640,374645,370896
7490,3750,69,2,374645,374714,370964
7489,3750,76,1,374714,374790,371040
7492,3751,8,3,374790,374798,371047
7491,3751,74,2,374798,374872,371121
7493,3752,38,1,374872,374910,371158
7495,3753,16,2,374910,374926,371173
7494,3753,19,3,374926,374945,371192
7496,3754,3,3,374945,374948,371194
7497,3755,36,1,374948,374984,371229
7498,3756,84,3,374984,375068,371312
7500,3757,72,1,375068,375140,371383
7501,3757,87,2,375140,375227,371470
7499,3757,93,3,375227,375320,371563
7504,3758,5,2,375320,375325,371567
7503,3758,16,2,375325,375341,371583
7502,3758,44,2,375341,375385,371627
7505,3759,8,3,375385,375393,371634
7506,3759,64,1,375393,375457,371698
7508,3760,55,1,375457,375512,371752
7507,3760,91,1,375512,375603,371843
7509,3761,38,3,375603,375641,371880
7510,3762,52,1,375641,375693,371931
7511,3763,97,1,375693,375790,372027
7512,3764,88,1,375790,375878,372114
7515,3765,3,3,375878,375881,372116
7514,3765,40,3,375881,375921,372156
7513,3765,69,1,375921,375990,372225
7516,3766,64,1,375990,376054,372288
7518,3767,39,3,376054,376093,372326
7517,3767,74,2,376093,376167,372400
7519,3768,61,3,376167,376228,372460
7520,3769,48,1,376228,376276,372507
7521,3770,60,2,376276,376336,372566
7522,3771,61,1,376336,376397,372626
7523,3772,82,1,376397,376479,372707
7525,3773,48,3,376479,376527,372754
7524,3773,57,2,376527,376584,372811
7526,3774,63,3,376584,376647,372873
7527,3774,96,1,376647,376743,372969
7529,3775,56,1,376743,376799,373024
7528,3775,96,3,376799,376895,373120
7530,3776,98,3,376895,376993,373217
7531,3777,57,1,376993,377050,373273
7533,3777,58,1,377050,377108,373331
7532,3777,88,1,377108,377196,373419
7535,3778,14,2,377196,377210,373432
7534,3778,70,2,377210,377280,373502
7536,3779,59,1,377280,377339,373560
7539,3780,47,1,377339,377386,373606
7537,3780,56,3,377386,377442,373662
7538,3780,74,1,377442,377516,373736
7540,3781,98,1,377516,377614,373833
7541,3782,33,1,377614,377647,373865
7542,3783,33,2,377647,377680,373897
7543,3784,100,1,377680,377780,373996
7544,3785,97,2,377780,377877,374092
7545,3786,84,2,377877,377961,374175
7546,3786,96,2,377961,378057,374271
7548,3787,82,1,378057,378139,374352
7547,3787,94,3,378139,378233,374446
7549,3788,41,3,378233,378274,374486
7553,3789,31,3,378274,378305,374516
7550,3789,47,3,378305,378352,374563
7552,3789,57,3,378352,378409,374620
7551,3789,70,2,378409,378479,374690
7554,3790,77,3,378479,378556,374766
7555,3791,28,1,378556,378584,374793
7556,3792,40,3,378584,378624,374832
7558,3793,39,3,378624,378663,374870
7557,3793,51,3,378663,378714,374921
7559,3794,8,3,378714,378722,374928
7560,3795,16,1,378722,378738,374943
7561,3796,65,2,378738,378803,375007
7562,3797,52,3,378803,378855,375058
7563,3798,3,2,378855,378858,375060
7564,3798,39,2,378858,378897,375099
7565,3799,90,2,378897,378987,375188
7566,3800,8,3,378987,378995,375195
7567,3801,74,2,378995,379069,375268
7568,3802,88,2,379069,379157,375355
7569,3803,89,3,379157,379246,375443
7570,3804,26,3,379246,379272,375468
7571,3805,100,1,379272,379372,375567
7573,3806,12,1,379372,379384,375578
7575,3806,47,2,379384,379431,375625
7574,3806,79,1,379431,379510,375704
7572,3806,97,2,379510,379607,375801
7578,3807,39,3,379607,379646,375839
7581,3807,40,2,379646,379686,375879
7580,3807,42,1,379686,379728,375921
7577,3807,70,1,379728,379798,375991
7579,3807,80,1,379798,379878,376071
7576,3807,80,2,379878,379958,376151
7582,3808,13,3,379958,379971,376163
7583,3809,44,2,379971,380015,376206
7584,3810,26,3,380015,380041,376231
7585,3811,66,3,380041,380107,376296
7586,3812,12,3,380107,380119,376307
7587,3813,67,2,380119,380186,376373
7591,3814,2,3,380186,380188,376374
7593,3814,17,3,380188,380205,376391
7590,3814,36,3,380205,380241,376427
7588,3814,74,1,380241,380315,376501
7589,3814,77,2,380315,380392,376578
7592,3814,86,3,380392,380478,376664
7595,3815,26,3,380478,380504,376689
7594,3815,40,1,380504,380544,376729
7596,3816,41,1,380544,380585,376769
7598,3817,28,3,380585,380613,376796
7597,3817,100,3,380613,380713,376896
7599,3818,13,1,380713,380726,376908
7603,3818,19,3,380726,380745,376927
7600,3818,38,2,380745,380783,376965
7602,3818,38,3,380783,380821,377003
7601,3818,85,2,380821,380906,377088
7604,3819,95,1,380906,381001,377182
7605,3820,93,3,381001,381094,377274
7606,3821,9,2,381094,381103,377282
7607,3822,46,1,381103,381149,377327
7609,3823,2,1,381149,381151,377328
7608,3823,56,3,381151,381207,377384
7611,3824,14,2,381207,381221,377397
7610,3824,23,2,381221,381244,377420
7612,3825,94,2,381244,381338,377513
7613,3826,12,3,381338,381350,377524
7615,3827,44,1,381350,381394,377567
7614,3827,58,3,381394,381452,377625
7616,3828,79,2,381452,381531,377703
7617,3829,7,1,381531,381538,377709
7618,3829,60,1,381538,381598,377769
7619,3830,68,3,381598,381666,377836
7620,3831,59,2,381666,381725,377894
7621,3832,100,2,381725,381825,377993
7622,3833,48,3,381825,381873,378040
7624,3834,19,2,381873,381892,378058
7626,3834,85,3,381892,381977,378143
7623,3834,87,3,381977,382064,378230
7625,3834,98,2,382064,382162,378328
7628,3835,6,2,382162,382168,378333
7627,3835,31,3,382168,382199,378364
7629,3836,74,2,382199,382273,378437
7630,3837,25,2,382273,382298,378461
7631,3837,36,3,382298,382334,378497
7632,3838,43,1,382334,382377,378539
7633,3839,26,2,382377,382403,378564
7636,3840,0,2,382403,382403,378563
7634,3840,17,3,382403,382420,378580
7635,3840,70,2,382420,382490,378650
7637,3841,91,1,382490,382581,378740
7640,3842,8,2,382581,382589,378747
7638,3842,43,3,382589,382632,378790
7639,3842,74,2,382632,382706,378864
7641,3843,85,3,382706,382791,378948
7642,3844,18,3,382791,382809,378965
7645,3844,55,2,382809,382864,379020
7644,3844,60,2,382864,382924,379080
7643,3844,100,1,382924,383024,379180
7646,3845,39,3,383024,383063,379218
7647,3846,3,3,383063,383066,379220
7651,3847,25,3,383066,383091,379244
7648,3847,41,2,383091,383132,379285
7650,3847,79,1,383132,383211,379364
7649,3847,86,3,383211,383297,379450
7652,3848,61,2,383297,383358,379510
7653,3848,92,2,383358,383450,379602
7655,3849,27,1,383450,383477,379628
7654,3849,76,2,383477,383553,379704
7656,3849,79,2,383553,383632,379783
7657,3850,37,2,383632,383669,379819
7658,3851,64,3,383669,383733,379882
7659,3852,36,3,383733,383769,379917
7660,3853,28,1,383769,383797,379944
7661,3854,5,3,383797,383802,379948
7662,3855,26,2,383802,383828,379973
7663,3856,21,3,383828,383849,379993
7666,3857,1,1,383849,383850,379993
7665,3857,22,3,383850,383872,380015
7664,3857,49,1,383872,383921,380064
7667,3858,84,3,383921,384005,380147
7668,3859,68,2,384005,384073,380214
7669,3859,77,1,384073,384150,380291
7670,3860,10,2,384150,384160,380300
7671,3861,15,3,384160,384175,380314
7672,3862,21,3,384175,384196,380334
7673,3863,46,2,384196,384242,380379
7675,3864,14,2,384242,384256,380392
7674,3864,28,2,384256,384284,380420
7676,3864,38,1,384284,384322,380458
7677,3865,16,3,384322,384338,380473
7678,3866,97,2,384338,384435,380569
7679,3867,61,1,384435,384496,380629
7680,3868,34,3,384496,384530,380662
7681,3868,83,2,384530,384613,380745
7682,3869,13,3,384613,384626,380757
7683,3870,4,1,384626,384630,380760
7686,3871,5,2,384630,384635,380764
7684,3871,21,3,384635,384656,380785
7689,3871,41,1,384656,384697,380826
7688,3871,46,1,384697,384743,380872
7685,3871,84,1,384743,384827,380956
7687,3871,94,2,384827,384921,381050
7690,3872,41,2,384921,384962,381090
7691,3873,67,2,384962,385029,381156
7692,3873,96,1,385029,385125,381252
7694,3874,44,2,385125,385169,381295
7696,3874,57,1,385169,385226,381352
7695,3874,68,3,385226,385294,381420
7697,3874,91,2,385294,385385,381511
7693,3874,92,3,385385,385477,381603
7700,3875,7,2,385477,385484,381609
7699,3875,25,3,385484,385509,381634
7702,3875,26,1,385509,385535,381660
7701,3875,36,1,385535,385571,381696
7698,3875,72,3,385571,385643,381768
7704,3876,37,1,385643,385680,381804
7703,3876,80,1,385680,385760,381884
7705,3877,75,1,385760,385835,381958
7706,3878,62,2,385835,385897,382019
7707,3879,28,1,385897,385925,382046
7708,3880,20,1,385925,385945,382065
7709,3880,44,2,385945,385989,382109
7710,3880,56,2,385989,386045,382165
7711,3881,36,3,386045,386081,382200
7712,3882,56,1,386081,386137,382255
7713,3883,33,2,386137,386170,382287
7714,3884,9,3,386170,386179,382295
7715,3884,58,1,386179,386237,382353
7716,3885,12,3,386237,386249,382364
7717,3885,64,1,386249,386313,382428
7718,3886,88,2,386313,386401,382515
7720,3887,11,1,386401,386412,382525
7721,3887,47,3,386412,386459,382572
7719,3887,73,2,386459,386532,382645
7723,3888,45,2,386532,386577,382689
7722,3888,67,2,386577,386644,382756
7724,3888,68,2,386644,386712,382824
7725,3889,92,1,386712,386804,382915
7727,3890,6,2,386804,386810,382920
7726,3890,10,1,386810,386820,382930
7728,3890,12,2,386820,386832,382942
7730,3891,0,3,386832,386832,382941
7729,3891,16,2,386832,386848,382957
7731,3892,51,2,386848,386899,383007
7732,3892,90,2,386899,386989,383097
7733,3893,5,1,386989,386994,383101
7734,3893,56,3,386994,387050,383157
7735,3894,63,2,387050,387113,383219
7739,3895,5,3,387113,387118,383223
7737,3895,33,2,387118,387151,383256
7740,3895,40,1,387151,387191,383296
7738,3895,51,3,387191,387242,383347
7736,3895,52,1,387242,387294,383399
7741,3895,52,3,387294,387346,383451
7743,3896,7,1,387346,387353,383457
7744,3896,62,3,387353,387415,383519
7742,3896,69,1,387415,387484,383588
7745,3896,93,1,387484,387577,383681
7746,3897,27,2,387577,387604,383707
7747,3898,35,1,387604,387639,383741
7748,3898,50,1,387639,387689,383791
7749,3899,16,1,387689,387705,383806
7750,3899,27,2,387705,387732,383833
7751,3899,49,3,387732,387781,383882
7752,3900,3,3,387781,387784,383884
7753,3901,51,2,387784,387835,383934
7754,3902,62,1,387835,387897,383995
7757,3903,14,2,387897,387911,384008
7755,3903,28,3,387911,387939,384036
7756,3903,71,3,387939,388010,384107
7759,3903,73,2,388010,388083,384180
7758,3903,95,2,388083,388178,384275
7760,3904,34,1,388178,388212,384308
7761,3905,33,2,388212,388245,384340
7762,3906,12,2,388245,388257,384351
7763,3907,84,2,388257,388341,384434
7765,3908,11,2,388341,388352,384444
7767,3908,43,1,388352,388395,384487
7768,3908,43,1,388395,388438,384530
7766,3908,76,3,388438,388514,384606
7764,3908,83,3,388514,388597,384689
7769,3909,12,1,388597,388609,384700
7770,3910,28,1,388609,388637,384727
7771,3911,54,1,388637,388691,384780
7774,3912,11,3,388691,388702,384790
7772,3912,83,1,388702,388785,384873
7773,3912,93,1,388785,388878,384966
7775,3913,69,2,388878,388947,385034
7777,3914,0,1,388947,388947,385033
7776,3914,95,1,388947,389042,385128
7778,3915,4,2,389042,389046,385131
7779,3916,29,1,389046,389075,385159
7781,3917,59,2,389075,389134,385217
7780,3917,60,1,389134,389194,385277
7782,3918,54,1,389194,389248,385330
7783,3918,64,3,389248,389312,385394
7784,3918,89,3,389312,389401,385483
7785,3919,25,1,389401,389426,385507
7787,3920,41,3,389426,389467,385547
7786,3920,60,3,389467,389527,385607
7788,3920,72,1,389527,389599,385679
7791,3921,10,1,389599,389609,385688
7789,3921,34,3,389609,389643,385722
7790,3921,60,3,389643,389703,385782
7794,3922,33,3,389703,389736,385814
7793,3922,68,1,389736,389804,385882
7792,3922,88,1,389804,389892,385970
7799,3923,13,1,389892,389905,385982
7798,3923,14,2,389905,389919,385996
7796,3923,71,1,389919,389990,386067
7795,3923,92,2,389990,390082,386159
7797,3923,94,3,390082,390176,386253
7800,3924,90,3,390176,390266,386342
7801,3925,40,2,390266,390306,386381
7802,3926,81,1,390306,390387,386461
7803,3927,92,2,390387,390479,386552
7806,3928,6,3,390479,390485,386557
7807,3928,19,2,390485,390504,386576
7804,3928,73,3,390504,390577,386649
7805,3928,79,2,390577,390656,386728
7808,3929,22,2,390656,390678,386749
7809,3930,46,2,390678,390724,386794
7810,3931,78,3,390724,390802,386871
7811,3931,94,3,390802,390896,386965
7812,3932,38,2,390896,390934,387002
7813,3932,90,1,390934,391024,387092
7814,3933,3,2,391024,391027,387094
7815,3934,4,2,391027,391031,387097
7816,3934,47,1,391031,391078,387144
7818,3935,76,2,391078,391154,387219
7817,3935,94,2,391154,391248,387313
7819,3936,26,2,391248,391274,387338
7820,3937,11,2,391274,391285,387348
7822,3938,0,3,391285,391285,387347
7823,3938,35,1,391285,391320,387382
7821,3938,63,3,391320,391383,387445
7824,3939,17,1,391383,391400,387461
7825,3940,76,3,391400,391476,387536
7826,3941,12,3,391476,391488,387547
7827,3941,84,1,391488,391572,387631
7830,3942,6,1,391572,391578,387636
7829,3942,43,3,391578,391621,387679
7831,3942,68,1,391621,391689,387747
7828,3942,72,1,391689,391761,387819
7832,3943,7,1,391761,391768,387825
7833,3944,77,3,391768,391845,387901
7837,3945,7,3,391845,391852,387907
7836,3945,21,1,391852,391873,387928
7835,3945,65,1,391873,391938,387993
7834,3945,82,1,391938,392020,388075
7838,3946,56,2,392020,392076,388130
7841,3947,54,3,392076,392130,388183
7840,3947,67,1,392130,392197,388250
7839,3947,80,1,392197,392277,388330
7842,3948,81,1,392277,392358,388410
7843,3949,23,3,392358,392381,388432
7844,3950,66,2,392381,392447,388497
7845,3951,20,1,392447,392467,388516
7847,3951,50,2,392467,392517,388566
7846,3951,99,2,392517,392616,388665
7848,3952,61,3,392616,392677,388725
7849,3953,23,2,392677,392700,388747
7850,3954,67,1,392700,392767,388813
7851,3954,75,1,392767,392842,388888
7852,3955,87,1,392842,392929,388974
7854,3956,32,2,392929,392961,389005
7853,3956,100,3,392961,393061,389105
7855,3957,65,1,393061,393126,389169
7856,3958,48,1,393126,393174,389216
7857,3959,67,2,393174,393241,389282
7858,3960,30,2,393241,393271,389311
7860,3961,9,1,393271,393280,389319
7859,3961,76,2,393280,393356,389395
7861,3962,94,2,393356,393450,389488
7862,3963,3,1,393450,393453,389490
7866,3963,6,3,393453,393459,389496
7865,3963,50,3,393459,393509,389546
7863,3963,58,2,393509,393567,389604
7864,3963,80,2,393567,393647,389684
7867,3964,19,2,393647,393666,389702
7868,3965,43,3,393666,393709,389744
7870,3966,31,1,393709,393740,389774
7869,3966,50,1,393740,393790,389824
7871,3967,90,1,393790,393880,389913
7872,3968,32,3,393880,393912,389944
7873,3968,92,1,393912,394004,390036
7874,3969,97,3,394004,394101,390132
7878,3970,17,2,394101,394118,390148
7882,3970,39,1,394118,394157,390187
7880,3970,44,2,394157,394201,390231
7884,3970,47,2,394201,394248,390278
7877,3970,57,2,394248,394305,390335
7881,3970,58,3,394305,394363,390393
7875,3970,71,3,394363,394434,390464
7879,3970,72,3,394434,394506,390536
7883,3970,85,3,394506,394591,390621
7876,3970,91,1,394591,394682,390712
7885,3971,36,3,394682,394718,390747
7886,3971,63,2,394718,394781,390810
7888,3972,10,3,394781,394791,390819
7887,3972,71,2,394791,394862,390890
7889,3972,80,1,394862,394942,390970
7894,3973,7,3,394942,394949,390976
7890,3973,36,3,394949,394985,391012
7893,3973,53,2,394985,395038,391065
7892,3973,57,1,395038,395095,391122
7895,3973,61,3,395095,395156,391183
7891,3973,70,3,395156,395226,391253
7898,3974,6,3,395226,395232,391258
7897,3974,46,3,395232,395278,391304
7896,3974,59,3,395278,395337,391363
7899,3975,84,2,395337,395421,391446
7902,3976,14,2,395421,395435,391459
7901,3976,37,3,395435,395472,391496
7900,3976,83,2,395472,395555,391579
7903,3977,26,3,395555,395581,391604
7906,3978,26,1,395581,395607,391629
7904,3978,33,1,395607,395640,391662
7905,3978,81,3,395640,395721,391743
7907,3979,24,3,395721,395745,391766
7908,3979,51,2,395745,395796,391817
7909,3980,8,3,395796,395804,391824
7913,3981,22,1,395804,395826,391845
7910,3981,22,3,395826,395848,391867
7914,3981,36,3,395848,395884,391903
7912,3981,43,2,395884,395927,391946
7911,3981,58,1,395927,395985,392004
7915,3982,28,2,395985,396013,392031
7916,3983,95,3,396013,396108,392125
7917,3984,89,2,396108,396197,392213
7918,3985,31,3,396197,396228,392243
7919,3986,40,2,396228,396268,392282
7920,3987,53,3,396268,396321,392334
7921,3988,15,2,396321,396336,392348
7923,3989,31,1,396336,396367,392378
7922,3989,33,2,396367,396400,392411
7924,3990,4,1,396400,396404,392414
7925,3990,12,2,396404,396416,392426
7927,3991,10,3,396416,396426,392435
7926,3991,22,1,396426,396448,392457
7928,3992,89,2,396448,396537,392545
7929,3993,34,1,396537,396571,392578
7930,3994,19,3,396571,396590,392596
7931,3994,34,2,396590,396624,392630
7932,3995,97,2,396624,396721,392726
7933,3996,82,3,396721,396803,392807
7934,3997,12,3,396803,396815,392818
7935,3998,13,2,396815,396828,392830
7936,3998,78,1,396828,396906,392908
7938,3999,19,3,396906,396925,392926
7939,3999,19,3,396925,396944,392945
7937,3999,28,2,396944,396972,392973
7940,3999,45,1,396972,397017,393018
7943,4000,40,3,397017,397057,393057
7941,4000,73,1,397057,397130,393130
7942,4000,75,3,397130,397205,393205
7945,4001,23,1,397205,397228,393227
7944,4001,40,3,397228,397268,393267
7946,4002,58,3,397268,397326,393324
7950,4003,5,3,397326,397331,393328
7947,4003,21,1,397331,397352,393349
7949,4003,55,2,397352,397407,393404
7951,4003,78,2,397407,397485,393482
7948,4003,96,2,397485,397581,393578
7952,4004,63,1,397581,397644,393640
7953,4004,86,3,397644,397730,393726
7954,4005,28,1,397730,397758,393753
7956,4006,47,3,397758,397805,393799
7955,4006,60,3,397805,397865,393859
7957,4006,63,1,397865,397928,393922
7958,4007,74,3,397928,398002,393995
7959,4008,71,1,398002,398073,394065
7960,4009,69,2,398073,398142,394133
7961,4010,20,3,398142,398162,394152
7962,4011,46,2,398162,398208,394197
7963,4012,88,2,398208,398296,394284
7964,4013,14,1,398296,398310,394297
7965,4013,52,2,398310,398362,394349
7966,4014,20,1,398362,398382,394368
7967,4015,9,1,398382,398391,394376
7968,4015,32,2,398391,398423,394408
7969,4016,19,2,398423,398442,394426
7971,4016,65,3,398442,398507,394491
7970,4016,99,3,398507,398606,394590
7972,4017,82,1,398606,398688,394671
7973,4018,73,2,398688,398761,394743
7974,4019,8,2,398761,398769,394750
7975,4019,21,3,398769,398790,394771
7976,4020,7,2,398790,398797,394777
7977,4020,95,3,398797,398892,394872
7978,4021,35,3,398892,398927,394906
7979,4022,5,3,398927,398932,394910
7981,4023,40,3,398932,398972,394949
7980,4023,45,3,398972,399017,394994
7982,4024,57,2,399017,399074,395050
7983,4025,7,2,399074,399081,395056
7984,4026,28,1,399081,399109,395083
7985,4026,60,3,399109,399169,395143
7986,4027,75,3,399169,399244,395217
7988,4028,14,3,399244,399258,395230
7989,4028,40,2,399258,399298,395270
7987,4028,69,3,399298,399367,395339
7990,4029,68,2,399367,399435,395406
7991,4030,81,1,399435,399516,395486
7993,4031,59,1,399516,399575,395544
7992,4031,66,1,399575,399641,395610
7994,4032,42,3,399641,399683,395651
7995,4033,69,3,399683,399752,395719
7996,4033,87,3,399752,399839,395806
7997,4034,12,3,399839,399851,395817
7998,4034,97,1,399851,399948,395914
8001,4035,13,1,399948,399961,395926
8003,4035,23,1,399961,399984,395949
8002,4035,39,3,399984,400023,395988
7999,4035,67,1,400023,400090,396055
8000,4035,73,1,400090,400163,396128
8004,4036,97,1,400163,400260,396224
8008,4037,13,3,400260,400273,396236
8005,4037,19,1,400273,400292,396255
8009,4037,27,2,400292,400319,396282
8007,4037,29,1,400319,400348,396311
8006,4037,34,1,400348,400382,396345
8010,4038,7,1,400382,400389,396351
8012,4038,38,2,400389,400427,396389
8011,4038,54,3,400427,400481,396443
8014,4039,17,2,400481,400498,396459
8013,4039,60,2,400498,400558,396519
8015,4040,34,1,400558,400592,396552
8016,4040,45,3,400592,400637,396597
8018,4041,60,3,400637,400697,396656
8017,4041,91,3,400697,400788,396747
8020,4042,65,1,400788,400853,396811
8019,4042,68,1,400853,400921,396879
8021,4043,81,3,400921,401002,396959
8024,4044,48,2,401002,401050,397006
8023,4044,48,3,401050,401098,397054
8022,4044,68,1,401098,401166,397122
8026,4045,8,2,401166,401174,397129
8025,4045,45,1,401174,401219,397174
8027,4045,49,1,401219,401268,397223
8028,4046,0,2,401268,401268,397222
8029,4047,14,2,401268,401282,397235
8030,4047,17,2,401282,401299,397252
8031,4048,19,1,401299,401318,397270
8032,4049,10,3,401318,401328,397279
8033,4049,23,1,401328,401351,397302
8034,4049,44,3,401351,401395,397346
8035,4049,64,3,401395,401459,397410
8036,4050,74,1,401459,401533,397483
8037,4051,42,3,401533,401575,397524
8038,4052,60,2,401575,401635,397583
8039,4053,7,2,401635,401642,397589
8040,4053,71,1,401642,401713,397660
8042,4054,3,2,401713,401716,397662
8041,4054,27,2,401716,401743,397689
8044,4054,56,3,401743,401799,397745
8043,4054,80,3,401799,401879,397825
8048,4055,39,2,401879,401918,397863
8045,4055,50,2,401918,401968,397913
8046,4055,56,2,401968,402024,397969
8047,4055,98,3,402024,402122,398067
8049,4056,91,3,402122,402213,398157
8050,4056,98,3,402213,402311,398255
8051,4057,38,1,402311,402349,398292
8052,4058,60,1,402349,402409,398351
8053,4059,59,3,402409,402468,398409
8054,4060,86,3,402468,402554,398494
8055,4061,33,2,402554,402587,398526
8056,4062,10,3,402587,402597,398535
8058,4062,13,2,402597,402610,398548
8057,4062,49,3,402610,402659,398597
8059,4063,3,2,402659,402662,398599
8060,4063,52,3,402662,402714,398651
8061,4063,85,1,402714,402799,398736
8062,4064,69,3,402799,402868,398804
8063,4065,79,2,402868,402947,398882
8064,4066,10,3,402947,402957,398891
8065,4066,22,3,402957,402979,398913
8067,4066,33,1,402979,403012,398946
8066,4066,34,2,403012,403046,398980
8069,4067,21,2,403046,403067,399000
8068,4067,49,1,403067,403116,399049
8070,4068,75,1,403116,403191,399123
8071,4068,90,1,403191,403281,399213
8073,4069,38,3,403281,403319,399250
8074,4069,71,2,403319,403390,399321
8072,4069,91,3,403390,403481,399412
8076,4070,9,3,403481,403490,399420
8077,4070,13,1,403490,403503,399433
8075,4070,24,1,403503,403527,399457
8078,4071,39,3,403527,403566,399495
8079,4072,8,2,403566,403574,399502
8080,4073,37,1,403574,403611,399538
8082,4074,1,3,403611,403612,399538
8081,4074,6,3,403612,403618,399544
8083,4075,54,1,403618,403672,399597
8084,4076,67,3,403672,403739,399663
8085,4077,53,2,403739,403792,399715
8086,4078,2,2,403792,403794,399716
8088,4079,11,2,403794,403805,399726
8087,4079,96,2,403805,403901,399822
8090,4080,66,2,403901,403967,399887
8089,4080,92,1,403967,404059,399979
8091,4081,55,2,404059,404114,400033
8093,4082,3,1,404114,404117,400035
8092,4082,24,3,404117,404141,400059
8094,4083,22,3,404141,404163,400080
8095,4083,31,1,404163,404194,400111
8096,4083,69,1,404194,404263,400180
8097,4083,73,2,404263,404336,400253
8098,4084,42,2,404336,404378,400294
8099,4085,89,1,404378,404467,400382
8100,4086,9,3,404467,404476,400390
8101,4087,11,2,404476,404487,400400
8102,4088,15,2,404487,404502,400414
8103,4088,37,2,404502,404539,400451
8104,4089,75,3,404539,404614,400525
8105,4090,34,2,404614,404648,400558
8106,4091,17,1,404648,404665,400574
8107,4092,63,2,404665,404728,400636
8108,4093,51,2,404728,404779,400686
8109,4093,57,3,404779,404836,400743
8110,4094,38,3,404836,404874,400780
8113,4095,22,2,404874,404896,400801
8111,4095,35,1,404896,404931,400836
8112,4095,41,3,404931,404972,400877
8117,4096,1,3,404972,404973,400877
8114,4096,39,2,404973,405012,400916
8115,4096,50,3,405012,405062,400966
8116,4096,99,3,405062,405161,401065
8118,4097,57,1,405161,405218,401121
8119,4098,15,2,405218,405233,401135
8120,4098,24,1,405233,405257,401159
8121,4098,69,3,405257,405326,401228
8122,4099,52,2,405326,405378,401279
8123,4100,21,1,405378,405399,401299
8124,4101,70,1,405399,405469,401368
8130,4102,17,2,405469,405486,401384
8129,4102,21,2,405486,405507,401405
8127,4102,24,1,405507,405531,401429
8125,4102,47,1,405531,405578,401476
8128,4102,55,2,405578,405633,401531
8126,4102,76,3,405633,405709,401607
8131,4103,95,1,405709,405804,401701
8132,4104,73,3,405804,405877,401773
8133,4105,65,1,405877,405942,401837
8136,4106,5,3,405942,405947,401841
8135,4106,34,2,405947,405981,401875
8137,4106,83,1,405981,406064,401958
8134,4106,90,1,406064,406154,402048
8138,4107,16,2,406154,406170,402063
8140,4108,32,1,406170,406202,402094
8139,4108,54,3,406202,406256,402148
8141,4109,25,2,406256,406281,402172
8143,4110,33,2,406281,406314,402204
8142,4110,60,1,406314,406374,402264
8146,4111,21,3,406374,406395,402284
8145,4111,24,1,406395,406419,402308
8144,4111,80,2,406419,406499,402388
8147,4112,2,3,406499,406501,402389
8148,4112,15,2,406501,406516,402404
8150,4112,42,1,406516,406558,402446
8149,4112,49,1,406558,406607,402495
8151,4113,4,1,406607,406611,402498
8152,4114,49,3,406611,406660,402546
8153,4114,100,2,406660,406760,402646
8155,4115,71,3,406760,406831,402716
8154,4115,94,1,406831,406925,402810
8156,4116,76,2,406925,407001,402885
8157,4116,76,3,407001,407077,402961
8158,4116,84,3,407077,407161,403045
8159,4117,9,2,407161,407170,403053
8160,4117,90,3,407170,407260,403143
8161,4118,45,1,407260,407305,403187
8162,4119,39,3,407305,407344,403225
8163,4119,69,1,407344,407413,403294
8167,4120,16,3,407413,407429,403309
8164,4120,25,1,407429,407454,403334
8165,4120,50,1,407454,407504,403384
8166,4120,68,2,407504,407572,403452
8169,4121,60,2,407572,407632,403511
8168,4121,84,3,407632,407716,403595
8170,4122,50,1,407716,407766,403644
8171,4123,73,1,407766,407839,403716
8172,4123,75,2,407839,407914,403791
8174,4124,54,2,407914,407968,403844
8173,4124,92,2,407968,408060,403936
8176,4125,37,3,408060,408097,403972
8175,4125,55,3,408097,408152,404027
8177,4125,91,2,408152,408243,404118
8178,4126,74,2,408243,408317,404191
8179,4127,18,2,408317,408335,404208
8180,4128,40,2,408335,408375,404247
8181,4129,0,1,408375,408375,404246
8182,4129,61,2,408375,408436,404307
8183,4130,52,1,408436,408488,404358
8185,4130,59,2,408488,408547,404417
8184,4130,82,3,408547,408629,404499
8188,4131,12,1,408629,408641,404510
8187,4131,52,1,408641,408693,404562
8186,4131,67,1,408693,408760,404629
8189,4131,95,2,408760,408855,404724
8197,4132,5,2,408855,408860,404728
8192,4132,6,3,408860,408866,404734
8196,4132,12,3,408866,408878,404746
8194,4132,30,3,408878,408908,404776
8195,4132,60,2,408908,408968,404836
8190,4132,62,1,408968,409030,404898
8198,4132,86,2,409030,409116,404984
8193,4132,88,1,409116,409204,405072
8191,4132,88,3,409204,409292,405160
8199,4133,75,2,409292,409367,405234
8200,4134,53,1,409367,409420,405286
8201,4135,95,1,409420,409515,405380
8202,4136,61,3,409515,409576,405440
8203,4137,36,1,409576,409612,405475
8204,4137,36,2,409612,409648,405511
8205,4138,0,2,409648,409648,405510
8206,4138,0,3,409648,409648,405510
8207,4138,24,2,409648,409672,405534
8208,4138,47,2,409672,409719,405581
8210,4138,83,1,409719,409802,405664
8209,4138,94,3,409802,409896,405758
8212,4139,77,2,409896,409973,405834
8211,4139,88,3,409973,410061,405922
8213,4140,61,3,410061,410122,405982
8214,4140,85,2,410122,410207,406067
8215,4141,82,2,410207,410289,406148
8219,4142,27,2,410289,410316,406174
8217,4142,51,3,410316,410367,406225
8218,4142,60,2,410367,410427,406285
8216,4142,100,3,410427,410527,406385
8222,4143,4,1,410527,410531,406388
8223,4143,7,2,410531,410538,406395
8221,4143,44,2,410538,410582,406439
8220,4143,45,3,410582,410627,406484
8224,4144,74,2,410627,410701,406557
8225,4145,32,2,410701,410733,406588
8226,4146,97,2,410733,410830,406684
8227,4147,5,2,410830,410835,406688
8228,4147,79,1,410835,410914,406767
8229,4147,96,1,410914,411010,406863
8230,4148,11,2,411010,411021,406873
8233,4149,0,2,411021,411021,406872
8232,4149,19,2,411021,411040,406891
8231,4149,26,2,411040,411066,406917
8234,4150,65,2,411066,411131,406981
8235,4151,88,2,411131,411219,407068
8239,4152,29,3,411219,411248,407096
8240,4152,49,3,411248,411297,407145
8236,4152,52,1,411297,411349,407197
8237,4152,76,1,411349,411425,407273
8241,4152,79,2,411425,411504,407352
8238,4152,94,1,411504,411598,407446
8242,4153,62,1,411598,411660,407507
8243,4154,66,3,411660,411726,407572
8244,4154,79,3,411726,411805,407651
8247,4155,14,3,411805,411819,407664
8246,4155,64,1,411819,411883,407728
8245,4155,99,1,411883,411982,407827
8248,4156,1,1,411982,411983,407827
8249,4157,34,2,411983,412017,407860
8250,4158,90,3,412017,412107,407949
8253,4159,25,3,412107,412132,407973
8252,4159,34,1,412132,412166,408007
8251,4159,44,3,412166,412210,408051
8254,4159,95,3,412210,412305,408146
8255,4160,51,2,412305,412356,408196
8256,4161,34,3,412356,412390,408229
8257,4161,36,2,412390,412426,408265
8258,4162,80,3,412426,412506,408344
8259,4163,32,2,412506,412538,408375
8260,4163,32,2,412538,412570,408407
8261,4163,87,3,412570,412657,408494
8262,4164,50,1,412657,412707,408543
8264,4165,20,1,412707,412727,408562
8263,4165,39,1,412727,412766,408601
8265,4166,6,2,412766,412772,408606
8267,4166,25,2,412772,412797,408631
8266,4166,45,1,412797,412842,408676
8268,4166,47,1,412842,412889,408723
8270,4167,16,1,412889,412905,408738
8269,4167,77,3,412905,412982,408815
8271,4168,33,2,412982,413015,408847
8272,4169,88,1,413015,413103,408934
8273,4170,30,1,413103,413133,408963
8274,4171,84,2,413133,413217,409046
8276,4172,58,3,413217,413275,409103
8275,4172,62,3,413275,413337,409165
8277,4173,26,1,413337,413363,409190
8278,4174,11,3,413363,413374,409200
8279,4175,56,1,413374,413430,409255
8280,4175,65,1,413430,413495,409320
8283,4176,13,3,413495,413508,409332
8282,4176,42,2,413508,413550,409374
8281,4176,63,2,413550,413613,409437
8284,4177,46,1,413613,413659,409482
8285,4177,62,3,413659,413721,409544
8287,4178,71,3,413721,413792,409614
8286,4178,85,3,413792,413877,409699
8289,4179,69,3,413877,413946,409767
8288,4179,83,3,413946,414029,409850
8290,4180,29,1,414029,414058,409878
8291,4180,65,3,414058,414123,409943
8292,4181,53,3,414123,414176,409995
8293,4182,45,2,414176,414221,410039
8294,4183,61,1,414221,414282,410099
8295,4184,32,1,414282,414314,410130
8296,4185,53,1,414314,414367,410182
8298,4186,67,2,414367,414434,410248
8297,4186,68,3,414434,414502,410316
8299,4186,85,3,414502,414587,410401
8301,4187,95,3,414587,414682,410495
8300,4187,98,1,414682,414780,410593
8302,4188,73,1,414780,414853,410665
8303,4189,55,3,414853,414908,410719
8304,4189,58,2,414908,414966,410777
8305,4190,15,2,414966,414981,410791
8307,4190,47,3,414981,415028,410838
8306,4190,73,3,415028,415101,410911
8308,4191,86,2,415101,415187,410996
8310,4192,73,3,415187,415260,411068
8309,4192,87,1,415260,415347,411155
8312,4193,7,2,415347,415354,411161
8311,4193,41,2,415354,415395,411202
8315,4194,23,3,415395,415418,411224
8314,4194,31,3,415418,415449,411255
8316,4194,51,3,415449,415500,411306
8313,4194,80,2,415500,415580,411386
8318,4195,15,2,415580,415595,411400
8323,4195,23,2,415595,415618,411423
8322,4195,29,3,415618,415647,411452
8320,4195,37,1,415647,415684,411489
8317,4195,49,3,415684,415733,411538
8321,4195,70,1,415733,415803,411608
8319,4195,74,1,415803,415877,411682
8324,4196,9,3,415877,415886,411690
8326,4197,21,3,415886,415907,411710
8325,4197,76,3,415907,415983,411786
8327,4198,48,1,415983,416031,411833
8328,4199,6,2,416031,416037,411838
8329,4199,99,3,416037,416136,411937
8331,4200,26,3,416136,416162,411962
8330,4200,50,3,416162,416212,412012
8332,4200,59,1,416212,416271,412071
8333,4201,33,2,416271,416304,412103
8334,4201,41,1,416304,416345,412144
8335,4201,57,3,416345,416402,412201
8336,4201,65,3,416402,416467,412266
8337,4202,56,1,416467,416523,412321
8338,4202,94,2,416523,416617,412415
8340,4203,26,3,416617,416643,412440
8339,4203,79,2,416643,416722,412519
8341,4204,13,3,416722,416735,412531
8342,4205,39,3,416735,416774,412569
8343,4206,16,2,416774,416790,412584
8344,4207,73,3,416790,416863,412656
8348,4208,25,2,416863,416888,412680
8346,4208,27,2,416888,416915,412707
8347,4208,32,1,416915,416947,412739
8345,4208,73,1,416947,417020,412812
8349,4209,40,3,417020,417060,412851
8350,4209,52,2,417060,417112,412903
8351,4209,66,3,417112,417178,412969
8352,4210,71,1,417178,417249,413039
8353,4211,3,2,417249,417252,413041
8354,4211,17,3,417252,417269,413058
8355,4212,43,3,417269,417312,413100
8356,4213,22,2,417312,417334,413121
8357,4214,13,2,417334,417347,413133
8358,4214,50,2,417347,417397,413183
8359,4215,9,2,417397,417406,413191
8360,4216,24,3,417406,417430,413214
8362,4217,13,1,417430,417443,413226
8361,4217,15,3,417443,417458,413241
8363,4218,99,3,417458,417557,413339
8364,4219,50,3,417557,417607,413388
8365,4220,82,3,417607,417689,413469
8366,4221,64,3,417689,417753,413532
8367,4222,56,2,417753,417809,413587
8368,4223,82,2,417809,417891,413668
8369,4224,50,3,417891,417941,413717
8370,4225,44,1,417941,417985,413760
8371,4226,9,1,417985,417994,413768
8372,4227,52,3,417994,418046,413819
8373,4228,2,2,418046,418048,413820
8378,4228,6,1,418048,418054,413826
8377,4228,7,1,418054,418061,413833
8375,4228,32,1,418061,418093,413865
8379,4228,46,2,418093,418139,413911
8374,4228,48,1,418139,418187,413959
8376,4228,52,3,418187,418239,414011
8380,4229,97,2,418239,418336,414107
8383,4230,3,3,418336,418339,414109
8382,4230,7,3,418339,418346,414116
8384,4230,32,3,418346,418378,414148
8381,4230,58,2,418378,418436,414206
8387,4231,27,1,418436,418463,414232
8386,4231,49,1,418463,418512,414281
8385,4231,69,3,418512,418581,414350
8394,4232,4,2,418581,418585,414353
8391,4232,11,1,418585,418596,414364
8388,4232,37,2,418596,418633,414401
8389,4232,50,3,418633,418683,414451
8390,4232,54,2,418683,418737,414505
8392,4232,74,2,418737,418811,414579
8393,4232,94,2,418811,418905,414673
8397,4233,19,2,418905,418924,414691
8398,4233,23,3,418924,418947,414714
8396,4233,36,2,418947,418983,414750
8395,4233,42,1,418983,419025,414792
8399,4234,23,3,419025,419048,414814
8400,4234,25,2,419048,419073,414839
8401,4235,19,2,419073,419092,414857
8404,4235,72,2,419092,419164,414929
8403,4235,77,3,419164,419241,415006
8402,4235,84,1,419241,419325,415090
8405,4236,51,1,419325,419376,415140
8406,4237,1,2,419376,419377,415140
8407,4237,15,1,419377,419392,415155
8410,4238,44,2,419392,419436,415198
8409,4238,49,1,419436,419485,415247
8412,4238,69,2,419485,419554,415316
8408,4238,83,2,419554,419637,415399
8411,4238,91,2,419637,419728,415490
8414,4239,9,1,419728,419737,415498
8419,4239,17,3,419737,419754,415515
8417,4239,23,1,419754,419777,415538
8416,4239,30,3,419777,419807,415568
8415,4239,33,3,419807,419840,415601
8420,4239,38,1,419840,419878,415639
8418,4239,58,2,419878,419936,415697
8413,4239,76,3,419936,420012,415773
8421,4240,23,1,420012,420035,415795
8422,4241,82,1,420035,420117,415876
8424,4242,2,2,420117,420119,415877
8423,4242,43,2,420119,420162,415920
8426,4243,50,3,420162,420212,415969
8425,4243,84,3,420212,420296,416053
8427,4244,23,2,420296,420319,416075
8428,4245,28,2,420319,420347,416102
8429,4245,62,3,420347,420409,416164
8430,4245,97,3,420409,420506,416261
8432,4246,14,1,420506,420520,416274
8431,4246,39,1,420520,420559,416313
8434,4247,12,2,420559,420571,416324
8433,4247,75,3,420571,420646,416399
8435,4248,25,3,420646,420671,416423
8437,4249,9,3,420671,420680,416431
8436,4249,86,1,420680,420766,416517
8438,4250,53,3,420766,420819,416569
8439,4250,91,2,420819,420910,416660
8440,4251,26,3,420910,420936,416685
8441,4251,72,3,420936,421008,416757
8442,4252,30,3,421008,421038,416786
8443,4252,56,3,421038,421094,416842
8444,4253,32,3,421094,421126,416873
8445,4253,37,1,421126,421163,416910
8447,4254,69,2,421163,421232,416978
8446,4254,92,3,421232,421324,417070
8448,4255,14,3,421324,421338,417083
8449,4255,14,3,421338,421352,417097
8450,4255,76,1,421352,421428,417173
8451,4256,64,3,421428,421492,417236
8452,4257,2,3,421492,421494,417237
8454,4258,26,1,421494,421520,417262
8453,4258,31,3,421520,421551,417293
8455,4258,89,3,421551,421640,417382
8456,4259,21,1,421640,421661,417402
8457,4260,100,3,421661,421761,417501
8458,4261,86,2,421761,421847,417586
8459,4262,42,1,421847,421889,417627
8462,4263,2,3,421889,421891,417628
8461,4263,25,3,421891,421916,417653
8460,4263,48,2,421916,421964,417701
8463,4264,73,1,421964,422037,417773
8464,4265,35,2,422037,422072,417807
8466,4266,37,1,422072,422109,417843
8465,4266,66,3,422109,422175,417909
8467,4266,67,2,422175,422242,417976
8468,4267,66,1,422242,422308,418041
8470,4268,44,1,422308,422352,418084
8469,4268,64,3,422352,422416,418148
8471,4269,73,1,422416,422489,418220
8472,4270,28,1,422489,422517,418247
8473,4271,28,1,422517,422545,418274
8475,4272,77,3,422545,422622,418350
8474,4272,97,2,422622,422719,418447
8476,4273,1,1,422719,422720,418447
8477,4273,23,1,422720,422743,418470
8478,4273,72,2,422743,422815,418542
8479,4274,22,1,422815,422837,418563
8480,4275,30,2,422837,422867,418592
8484,4276,43,3,422867,422910,418634
8483,4276,48,3,422910,422958,418682
8481,4276,83,3,422958,423041,418765
8482,4276,85,1,423041,423126,418850
8485,4277,29,1,423126,423155,418878
8486,4277,53,1,423155,423208,418931
8487,4277,66,2,423208,423274,418997
8488,4277,80,1,423274,423354,419077
8489,4278,44,1,423354,423398,419120
8490,4279,59,3,423398,423457,419178
8491,4280,25,1,423457,423482,419202
8492,4280,85,2,423482,423567,419287
8493,4280,92,1,423567,423659,419379
8495,4281,1,1,423659,423660,419379
8494,4281,68,2,423660,423728,419447
8496,4282,7,2,423728,423735,419453
8497,4282,72,1,423735,423807,419525
8498,4282,97,1,423807,423904,419622
8500,4283,4,3,423904,423908,419625
8499,4283,79,2,423908,423987,419704
8501,4284,19,2,423987,424006,419722
8502,4284,83,2,424006,424089,419805
8503,4285,1,1,424089,424090,419805
8504,4286,72,3,424090,424162,419876
8505,4287,28,1,424162,424190,419903
8507,4288,74,3,424190,424264,419976
8506,4288,81,2,424264,424345,420057
8508,4289,9,3,424345,424354,420065
8509,4289,72,2,424354,424426,420137
8515,4290,4,1,424426,424430,420140
8512,4290,5,2,424430,424435,420145
8511,4290,41,3,424435,424476,420186
8513,4290,46,2,424476,424522,420232
8510,4290,48,2,424522,424570,420280
8517,4290,72,3,424570,424642,420352
8516,4290,93,3,424642,424735,420445
8514,4290,97,2,424735,424832,420542
8519,4291,56,3,424832,424888,420597
8518,4291,60,3,424888,424948,420657
8521,4292,7,1,424948,424955,420663
8520,4292,22,2,424955,424977,420685
8522,4292,34,3,424977,425011,420719
8523,4293,50,3,425011,425061,420768
8525,4294,42,2,425061,425103,420809
8527,4294,59,3,425103,425162,420868
8526,4294,62,3,425162,425224,420930
8528,4294,93,2,425224,425317,421023
8524,4294,93,3,425317,425410,421116
8531,4295,30,3,425410,425440,421145
8529,4295,59,1,425440,425499,421204
8530,4295,63,3,425499,425562,421267
8532,4296,61,2,425562,425623,421327
8533,4297,12,1,425623,425635,421338
8534,4297,32,2,425635,425667,421370
8535,4298,48,2,425667,425715,421417
8536,4298,83,2,425715,425798,421500
8537,4299,22,1,425798,425820,421521
8538,4299,34,3,425820,425854,421555
8540,4299,59,3,425854,425913,421614
8539,4299,72,3,425913,425985,421686
8542,4300,2,1,425985,425987,421687
8541,4300,6,1,425987,425993,421693
8543,4300,84,2,425993,426077,421777
8545,4301,36,3,426077,426113,421812
8544,4301,84,3,426113,426197,421896
8546,4302,59,2,426197,426256,421954
8549,4303,59,1,426256,426315,422012
8548,4303,89,2,426315,426404,422101
8547,4303,89,3,426404,426493,422190
8553,4304,38,1,426493,426531,422227
8550,4304,62,2,426531,426593,422289
8552,4304,68,1,426593,426661,422357
8551,4304,100,3,426661,426761,422457
8554,4305,44,2,426761,426805,422500
8555,4306,65,3,426805,426870,422564
8557,4307,5,1,426870,426875,422568
8558,4307,14,1,426875,426889,422582
8556,4307,28,2,426889,426917,422610
8562,4308,6,3,426917,426923,422615
8561,4308,22,2,426923,426945,422637
8559,4308,58,1,426945,427003,422695
8560,4308,67,3,427003,427070,422762
8563,4309,61,2,427070,427131,422822
8564,4310,6,2,427131,427137,422827
8565,4311,71,1,427137,427208,422897
8567,4312,5,1,427208,427213,422901
8566,4312,40,2,427213,427253,422941
8568,4313,49,1,427253,427302,422989
8569,4314,87,3,427302,427389,423075
8570,4315,2,3,427389,427391,423076
8571,4315,22,2,427391,427413,423098
8572,4316,75,2,427413,427488,423172
8573,4317,23,3,427488,427511,423194
8574,4317,37,3,427511,427548,423231
8575,4318,8,3,427548,427556,423238
8576,4318,99,3,427556,427655,423337
8577,4319,54,3,427655,427709,423390
8578,4320,24,2,427709,427733,423413
8580,4320,42,3,427733,427775,423455
8579,4320,88,3,427775,427863,423543
8581,4321,57,1,427863,427920,423599
8585,4322,13,3,427920,427933,423611
8584,4322,14,1,427933,427947,423625
8582,4322,25,1,427947,427972,423650
8586,4322,40,1,427972,428012,423690
8583,4322,61,2,428012,428073,423751
8587,4322,63,3,428073,428136,423814
8589,4322,92,3,428136,428228,423906
8588,4322,97,2,428228,428325,424003
8590,4323,50,3,428325,428375,424052
8594,4324,29,3,428375,428404,424080
8592,4324,41,2,428404,428445,424121
8593,4324,46,3,428445,428491,424167
8591,4324,48,3,428491,428539,424215
8596,4324,83,1,428539,428622,424298
8597,4324,86,3,428622,428708,424384
8595,4324,97,3,428708,428805,424481
8598,4324,99,3,428805,428904,424580
8599,4325,7,2,428904,428911,424586
8600,4326,22,1,428911,428933,424607
8601,4327,69,3,428933,429002,424675
8602,4328,100,2,429002,429102,424774
8603,4329,97,2,429102,429199,424870
8605,4330,11,3,429199,429210,424880
8604,4330,34,3,429210,429244,424914
8606,4331,10,2,429244,429254,424923
8607,4331,75,3,429254,429329,424998
8611,4332,26,1,429329,429355,425023
8608,4332,39,1,429355,429394,425062
8610,4332,42,2,429394,429436,425104
8609,4332,85,2,429436,429521,425189
8612,4333,73,1,429521,429594,425261
8614,4334,5,3,429594,429599,425265
8613,4334,52,3,429599,429651,425317
8615,4335,90,3,429651,429741,425406
8616,4336,88,3,429741,429829,425493
8617,4337,24,2,429829,429853,425516
8618,4337,97,1,429853,429950,425613
8619,4338,30,2,429950,429980,425642
8622,4339,12,1,429980,429992,425653
8620,4339,16,2,429992,430008,425669
8621,4339,27,2,430008,430035,425696
8624,4339,76,2,430035,430111,425772
8623,4339,81,2,430111,430192,425853
8625,4340,11,3,430192,430203,425863
8626,4341,95,1,430203,430298,425957
8632,4342,7,1,430298,430305,425963
8630,4342,8,3,430305,430313,425971
8628,4342,31,2,430313,430344,426002
8631,4342,31,3,430344,430375,426033
8629,4342,50,1,430375,430425,426083
8627,4342,50,2,430425,430475,426133
8633,4342,55,3,430475,430530,426188
8634,4343,30,3,430530,430560,426217
8636,4343,65,2,430560,430625,426282
8637,4343,77,1,430625,430702,426359
8635,4343,90,3,430702,430792,426449
8638,4344,61,2,430792,430853,426509
8640,4345,56,2,430853,430909,426564
8639,4345,78,1,430909,430987,426642
8641,4346,83,3,430987,431070,426724
8643,4347,83,1,431070,431153,426806
8642,4347,93,1,431153,431246,426899
8644,4348,54,3,431246,431300,426952
8649,4349,1,2,431300,431301,426952
8645,4349,16,3,431301,431317,426968
8650,4349,31,2,431317,431348,426999
8647,4349,42,3,431348,431390,427041
8646,4349,46,1,431390,431436,427087
8648,4349,66,1,431436,431502,427153
8651,4350,24,2,431502,431526,427176
8652,4351,37,3,431526,431563,427212
8653,4352,72,1,431563,431635,427283
8654,4352,90,2,431635,431725,427373
8655,4353,89,2,431725,431814,427461
8656,4354,95,3,431814,431909,427555
8657,4355,18,2,431909,431927,427572
8658,4355,24,2,431927,431951,427596
8659,4356,70,2,431951,432021,427665
8660,4357,61,1,432021,432082,427725
8661,4358,90,2,432082,432172,427814
8662,4359,19,1,432172,432191,427832
8664,4360,49,2,432191,432240,427880
8663,4360,75,1,432240,432315,427955
8665,4361,62,2,432315,432377,428016
8667,4362,40,2,432377,432417,428055
8666,4362,55,3,432417,432472,428110
8668,4363,84,3,432472,432556,428193
8669,4364,39,2,432556,432595,428231
8670,4364,91,1,432595,432686,428322
8671,4365,77,3,432686,432763,428398
8672,4365,87,2,432763,432850,428485
8673,4366,39,3,432850,432889,428523
8674,4367,65,2,432889,432954,428587
8675,4368,35,2,432954,432989,428621
8676,4369,100,2,432989,433089,428720
8678,4370,38,3,433089,433127,428757
8677,4370,70,1,433127,433197,428827
8679,4371,7,2,433197,433204,428833
8680,4371,91,2,433204,433295,428924
8681,4372,55,2,433295,433350,428978
8682,4373,91,1,433350,433441,429068
8684,4374,43,1,433441,433484,429110
8683,4374,44,3,433484,433528,429154
8685,4375,79,1,433528,433607,429232
8686,4376,1,1,433607,433608,429232
8687,4377,46,2,433608,433654,429277
8688,4378,25,1,433654,433679,429301
8689,4378,87,2,433679,433766,429388
8690,4379,32,3,433766,433798,429419
8691,4379,52,2,433798,433850,429471
8692,4380,19,1,433850,433869,429489
8695,4381,19,2,433869,433888,429507
8693,4381,29,3,433888,433917,429536
8694,4381,54,1,433917,433971,429590
8697,4382,51,2,433971,434022,429640
8696,4382,81,2,434022,434103,429721
8698,4383,7,2,434103,434110,429727
8699,4383,44,2,434110,434154,429771
8703,4384,0,3,434154,434154,429770
8702,4384,25,3,434154,434179,429795
8707,4384,30,3,434179,434209,429825
8701,4384,33,3,434209,434242,429858
8708,4384,55,2,434242,434297,429913
8700,4384,60,1,434297,434357,429973
8705,4384,90,3,434357,434447,430063
8704,4384,95,2,434447,434542,430158
8706,4384,99,2,434542,434641,430257
8711,4385,20,2,434641,434661,430276
8710,4385,51,1,434661,434712,430327
8709,4385,62,1,434712,434774,430389
8712,4386,39,2,434774,434813,430427
8713,4387,36,1,434813,434849,430462
8714,4387,57,2,434849,434906,430519
8715,4388,22,2,434906,434928,430540
8716,4388,32,2,434928,434960,430572
8717,4388,62,1,434960,435022,430634
8721,4389,41,3,435022,435063,430674
8720,4389,49,1,435063,435112,430723
8719,4389,75,2,435112,435187,430798
8718,4389,94,2,435187,435281,430892
8723,4390,28,1,435281,435309,430919
8722,4390,99,2,435309,435408,431018
8724,4391,22,2,435408,435430,431039
8725,4392,20,3,435430,435450,431058
8727,4393,27,2,435450,435477,431084
8726,4393,42,1,435477,435519,431126
8728,4394,40,3,435519,435559,431165
8729,4395,59,2,435559,435618,431223
8730,4396,70,3,435618,435688,431292
8731,4397,94,3,435688,435782,431385
8736,4398,14,3,435782,435796,431398
8732,4398,21,3,435796,435817,431419
8734,4398,43,1,435817,435860,431462
8735,4398,84,1,435860,435944,431546
8733,4398,99,2,435944,436043,431645
8737,4399,73,1,436043,436116,431717
8739,4399,79,3,436116,436195,431796
8738,4399,96,1,436195,436291,431892
8740,4400,1,3,436291,436292,431892
8741,4401,43,2,436292,436335,431934
8743,4401,46,1,436335,436381,431980
8742,4401,72,1,436381,436453,432052
8744,4401,98,2,436453,436551,432150
8745,4402,96,3,436551,436647,432245
8746,4403,22,3,436647,436669,432266
8747,4404,20,1,436669,436689,432285
8748,4404,72,1,436689,436761,432357
8749,4405,84,1,436761,436845,432440
8750,4406,8,2,436845,436853,432447
8751,4406,100,2,436853,436953,432547
8755,4407,9,3,436953,436962,432555
8753,4407,36,3,436962,436998,432591
8752,4407,45,1,436998,437043,432636
8754,4407,69,2,437043,437112,432705
8756,4408,23,1,437112,437135,432727
8762,4409,5,2,437135,437140,432731
8759,4409,7,1,437140,437147,432738
8761,4409,14,1,437147,437161,432752
8758,4409,52,1,437161,437213,432804
8757,4409,56,3,437213,437269,432860
8760,4409,78,1,437269,437347,432938
8763,4410,39,1,437347,437386,432976
8764,4410,72,2,437386,437458,433048
8766,4411,60,2,437458,437518,433107
8765,4411,79,2,437518,437597,433186
8768,4412,3,3,437597,437600,433188
8767,4412,86,2,437600,437686,433274
8769,4413,17,3,437686,437703,433290
8770,4413,47,1,437703,437750,433337
8771,4414,24,3,437750,437774,433360
8775,4415,40,2,437774,437814,433399
8773,4415,44,3,437814,437858,433443
8774,4415,50,2,437858,437908,433493
8772,4415,54,1,437908,437962,433547
8776,4415,58,1,437962,438020,433605
8777,4415,85,3,438020,438105,433690
8778,4416,1,3,438105,438106,433690
8779,4417,7,3,438106,438113,433696
8780,4417,85,2,438113,438198,433781
8781,4418,42,2,438198,438240,433822
8782,4418,83,3,438240,438323,433905
8783,4419,32,1,438323,438355,433936
8784,4419,51,1,438355,438406,433987
8785,4420,31,2,438406,438437,434017
8788,4420,49,1,438437,438486,434066
8786,4420,88,2,438486,438574,434154
8787,4420,92,1,438574,438666,434246
8790,4421,49,3,438666,438715,434294
8789,4421,58,1,438715,438773,434352
8791,4422,17,3,438773,438790,434368
8792,4422,76,2,438790,438866,434444
8793,4422,81,1,438866,438947,434525
8794,4423,39,1,438947,438986,434563
8795,4424,99,1,438986,439085,434661
8796,4425,3,1,439085,439088,434663
8798,4425,13,2,439088,439101,434676
8799,4425,44,2,439101,439145,434720
8797,4425,99,1,439145,439244,434819
8801,4426,40,1,439244,439284,434858
8800,4426,40,2,439284,439324,434898
8806,4427,8,1,439324,439332,434905
8803,4427,15,3,439332,439347,434920
8805,4427,39,2,439347,439386,434959
8804,4427,52,3,439386,439438,435011
8802,4427,71,1,439438,439509,435082
8807,4428,12,3,439509,439521,435093
8810,4429,17,3,439521,439538,435109
8811,4429,32,2,439538,439570,435141
8809,4429,69,2,439570,439639,435210
8812,4429,85,1,439639,439724,435295
8808,4429,91,1,439724,439815,435386
8813,4430,3,2,439815,439818,435388
8814,4431,63,3,439818,439881,435450
8815,4432,25,3,439881,439906,435474
8816,4432,67,3,439906,439973,435541
8818,4433,45,1,439973,440018,435585
8817,4433,73,1,440018,440091,435658
8822,4434,39,1,440091,440130,435696
8821,4434,64,1,440130,440194,435760
8819,4434,71,2,440194,440265,435831
8823,4434,76,1,440265,440341,435907
8820,4434,83,1,440341,440424,435990
8824,4435,7,2,440424,440431,435996
8825,4436,14,1,440431,440445,436009
8827,4437,2,1,440445,440447,436010
8828,4437,3,1,440447,440450,436013
8826,4437,75,1,440450,440525,436088
8829,4438,88,3,440525,440613,436175
8830,4439,25,3,440613,440638,436199
8831,4440,0,2,440638,440638,436198
8833,4440,13,3,440638,440651,436211
8832,4440,29,2,440651,440680,436240
8837,4440,31,2,440680,440711,436271
8835,4440,39,1,440711,440750,436310
8836,4440,50,2,440750,440800,436360
8834,4440,87,2,440800,440887,436447
8838,4441,27,2,440887,440914,436473
8839,4441,89,1,440914,441003,436562
8840,4442,23,2,441003,441026,436584
8841,4442,50,2,441026,441076,436634
8843,4443,37,2,441076,441113,436670
8842,4443,73,3,441113,441186,436743
8844,4444,53,3,441186,441239,436795
8845,4444,54,1,441239,441293,436849
8846,4444,78,2,441293,441371,436927
8847,4445,21,3,441371,441392,436947
8848,4445,26,1,441392,441418,436973
8849,4445,61,2,441418,441479,437034
8850,4446,70,2,441479,441549,437103
8851,4447,27,3,441549,441576,437129
8853,4447,38,3,441576,441614,437167
8852,4447,42,2,441614,441656,437209
8854,4448,47,3,441656,441703,437255
8855,4449,76,2,441703,441779,437330
8856,4450,10,1,441779,441789,437339
8858,4450,50,2,441789,441839,437389
8857,4450,76,3,441839,441915,437465
8859,4451,8,3,441915,441923,437472
8861,4451,43,1,441923,441966,437515
8864,4451,62,2,441966,442028,437577
8862,4451,65,1,442028,442093,437642
8860,4451,74,3,442093,442167,437716
8863,4451,87,2,442167,442254,437803
8865,4452,70,3,442254,442324,437872
8869,4453,5,1,442324,442329,437876
8868,4453,9,1,442329,442338,437885
8867,4453,39,3,442338,442377,437924
8866,4453,52,3,442377,442429,437976
8870,4454,65,1,442429,442494,438040
8872,4455,15,2,442494,442509,438054
8871,4455,28,1,442509,442537,438082
8873,4456,96,3,442537,442633,438177
8874,4457,18,2,442633,442651,438194
8875,4458,26,1,442651,442677,438219
8876,4458,56,2,442677,442733,438275
8877,4459,49,3,442733,442782,438323
8878,4460,97,1,442782,442879,438419
8879,4461,13,2,442879,442892,438431
8880,4462,81,2,442892,442973,438511
8881,4462,82,2,442973,443055,438593
8882,4463,38,3,443055,443093,438630
8884,4464,57,1,443093,443150,438686
8885,4464,86,3,443150,443236,438772
8883,4464,100,3,443236,443336,438872
8886,4465,55,1,443336,443391,438926
8887,4466,12,3,443391,443403,438937
8888,4467,87,3,443403,443490,439023
8889,4468,30,1,443490,443520,439052
8890,4468,31,3,443520,443551,439083
8891,4468,84,2,443551,443635,439167
8892,4469,30,2,443635,443665,439196
8894,4469,77,1,443665,443742,439273
8893,4469,85,1,443742,443827,439358
8895,4470,11,1,443827,443838,439368
8901,4471,8,2,443838,443846,439375
8900,4471,10,2,443846,443856,439385
8896,4471,28,1,443856,443884,439413
8899,4471,30,3,443884,443914,439443
8902,4471,64,3,443914,443978,439507
8898,4471,72,1,443978,444050,439579
8897,4471,91,2,444050,444141,439670
8905,4472,14,1,444141,444155,439683
8903,4472,55,1,444155,444210,439738
8904,4472,97,3,444210,444307,439835
8906,4473,24,1,444307,444331,439858
8907,4473,87,3,444331,444418,439945
8908,4474,74,3,444418,444492,440018
8909,4475,87,2,444492,444579,440104
8910,4475,99,1,444579,444678,440203
8911,4476,45,2,444678,444723,440247
8912,4477,35,3,444723,444758,440281
8913,4477,71,1,444758,444829,440352
8914,4478,66,1,444829,444895,440417
8915,4479,74,2,444895,444969,440490
8916,4480,46,1,444969,445015,440535
8920,4481,4,3,445015,445019,440538
8917,4481,18,1,445019,445037,440556
8921,4481,18,3,445037,445055,440574
8919,4481,24,2,445055,445079,440598
8922,4481,47,3,445079,445126,440645
8918,4481,72,2,445126,445198,440717
8923,4482,54,3,445198,445252,440770
8924,4483,49,3,445252,445301,440818
8925,4484,10,3,445301,445311,440827
8926,4485,76,2,445311,445387,440902
8927,4486,26,3,445387,445413,440927
8928,4487,37,1,445413,445450,440963
8929,4488,32,3,445450,445482,440994
8930,4489,2,2,445482,445484,440995
8931,4489,84,2,445484,445568,441079
8932,4490,54,3,445568,445622,441132
8933,4491,65,2,445622,445687,441196
8934,4492,1,2,445687,445688,441196
8936,4492,25,2,445688,445713,441221
8935,4492,35,1,445713,445748,441256
8937,4492,82,3,445748,445830,441338
8938,4493,92,1,445830,445922,441429
8939,4494,8,2,445922,445930,441436
8940,4494,22,2,445930,445952,441458
8945,4494,60,1,445952,446012,441518
8944,4494,64,1,446012,446076,441582
8943,4494,75,3,446076,446151,441657
8942,4494,77,2,446151,446228,441734
8941,4494,85,3,446228,446313,441819
8946,4495,84,3,446313,446397,441902
8948,4496,18,2,446397,446415,441919
8947,4496,95,2,446415,446510,442014
8949,4497,97,2,446510,446607,442110
8950,4498,41,1,446607,446648,442150
8951,4499,32,3,446648,446680,442181
8952,4500,71,1,446680,446751,442251
8954,4501,13,1,446751,446764,442263
8955,4501,87,2,446764,446851,442350
8953,4501,99,3,446851,446950,442449
8961,4502,46,1,446950,446996,442494
8958,4502,66,2,446996,447062,442560
8956,4502,72,2,447062,447134,442632
8959,4502,74,1,447134,447208,442706
8960,4502,74,2,447208,447282,442780
8963,4502,80,1,447282,447362,442860
8957,4502,83,2,447362,447445,442943
8962,4502,89,3,447445,447534,443032
8964,4503,4,3,447534,447538,443035
8965,4503,20,3,447538,447558,443055
8966,4504,92,2,447558,447650,443146
8969,4505,9,3,447650,447659,443154
8968,4505,27,2,447659,447686,443181
8967,4505,54,2,447686,447740,443235
8970,4506,14,1,447740,447754,443248
8971,4506,27,2,447754,447781,443275
8974,4507,4,1,447781,447785,443278
8972,4507,20,1,447785,447805,443298
8973,4507,75,1,447805,447880,443373
8975,4508,10,3,447880,447890,443382
8977,4509,28,1,447890,447918,443409
8976,4509,96,2,447918,448014,443505
8978,4510,23,3,448014,448037,443527
8979,4511,92,3,448037,448129,443618
8981,4512,67,2,448129,448196,443684
8980,4512,96,2,448196,448292,443780
8982,4513,47,1,448292,448339,443826
8984,4513,80,2,448339,448419,443906
8983,4513,82,1,448419,448501,443988
8985,4514,64,2,448501,448565,444051
8987,4515,40,1,448565,448605,444090
8986,4515,78,2,448605,448683,444168
8988,4516,45,1,448683,448728,444212
8989,4517,35,3,448728,448763,444246
8990,4517,92,3,448763,448855,444338
8991,4518,75,1,448855,448930,444412
8992,4519,0,1,448930,448930,444411
8994,4520,98,1,448930,449028,444508
8993,4520,98,2,449028,449126,444606
8995,4521,68,3,449126,449194,444673
8998,4522,26,3,449194,449220,444698
8996,4522,73,3,449220,449293,444771
8997,4522,75,2,449293,449368,444846
9000,4523,57,1,449368,449425,444902
8999,4523,72,1,449425,449497,444974
9001,4524,51,1,449497,449548,445024
9002,4524,89,1,449548,449637,445113
9004,4525,8,3,449637,449645,445120
9003,4525,78,2,449645,449723,445198
9005,4525,79,1,449723,449802,445277
9006,4526,89,3,449802,449891,445365
9007,4527,29,1,449891,449920,445393
9008,4528,10,2,449920,449930,445402
9010,4528,29,3,449930,449959,445431
9011,4528,37,3,449959,449996,445468
9009,4528,52,2,449996,450048,445520
9012,4529,75,2,450048,450123,445594
9013,4529,89,1,450123,450212,445683
9014,4530,80,3,450212,450292,445762
9015,4531,0,3,450292,450292,445761
9017,4531,33,3,450292,450325,445794
9019,4531,39,2,450325,450364,445833
9016,4531,47,2,450364,450411,445880
9018,4531,85,3,450411,450496,445965
9020,4532,85,3,450496,450581,446049
9022,4533,54,2,450581,450635,446102
9021,4533,72,3,450635,450707,446174
9025,4534,24,2,450707,450731,446197
9024,4534,71,2,450731,450802,446268
9023,4534,98,3,450802,450900,446366
9026,4534,99,1,450900,450999,446465
9028,4535,17,3,450999,451016,446481
9027,4535,29,2,451016,451045,446510
9029,4535,42,1,451045,451087,446552
9030,4536,68,1,451087,451155,446619
9031,4537,75,1,451155,451230,446693
9033,4538,88,1,451230,451318,446780
9032,4538,89,1,451318,451407,446869
9034,4539,53,3,451407,451460,446921
9035,4540,10,2,451460,451470,446930
9036,4541,6,2,451470,451476,446935
9037,4542,74,2,451476,451550,447008
9041,4543,6,2,451550,451556,447013
9039,4543,21,1,451556,451577,447034
9040,4543,48,2,451577,451625,447082
9038,4543,55,2,451625,451680,447137
9043,4544,1,2,451680,451681,447137
9042,4544,86,3,451681,451767,447223
9044,4545,28,1,451767,451795,447250
9046,4545,51,2,451795,451846,447301
9045,4545,69,1,451846,451915,447370
9047,4545,97,1,451915,452012,447467
9048,4546,0,3,452012,452012,447466
9050,4547,53,1,452012,452065,447518
9049,4547,85,2,452065,452150,447603
9051,4548,9,1,452150,452159,447611
9052,4549,23,3,452159,452182,447633
9056,4549,29,1,452182,452211,447662
9058,4549,29,3,452211,452240,447691
9053,4549,40,2,452240,452280,447731
9057,4549,51,3,452280,452331,447782
9055,4549,75,1,452331,452406,447857
9054,4549,82,3,452406,452488,447939
9059,4550,5,3,452488,452493,447943
9060,4550,78,2,452493,452571,448021
9061,4551,63,3,452571,452634,448083
9062,4551,92,3,452634,452726,448175
9063,4552,68,1,452726,452794,448242
9064,4552,85,2,452794,452879,448327
9065,4553,44,1,452879,452923,448370
9066,4554,90,3,452923,453013,448459
9068,4555,36,1,453013,453049,448494
9067,4555,53,2,453049,453102,448547
9069,4556,3,3,453102,453105,448549
9070,4557,7,1,453105,453112,448555
9071,4558,17,2,453112,453129,448571
9073,4559,24,1,453129,453153,448594
9072,4559,36,2,453153,453189,448630
9076,4560,5,2,453189,453194,448634
9074,4560,36,3,453194,453230,448670
9075,4560,60,1,453230,453290,448730
9077,4560,98,1,453290,453388,448828
9078,4561,19,3,453388,453407,448846
9080,4562,30,1,453407,453437,448875
9081,4562,60,2,453437,453497,448935
9079,4562,87,3,453497,453584,449022
9082,4563,21,1,453584,453605,449042
9084,4564,52,2,453605,453657,449093
9083,4564,82,1,453657,453739,449175
9085,4565,35,2,453739,453774,449209
9086,4566,31,1,453774,453805,449239
9087,4566,70,3,453805,453875,449309
9088,4567,96,3,453875,453971,449404
9091,4568,5,3,453971,453976,449408
9089,4568,68,3,453976,454044,449476
9090,4568,74,3,454044,454118,449550
9092,4569,2,2,454118,454120,449551
9094,4569,20,3,454120,454140,449571
9093,4569,52,1,454140,454192,449623
9095,4570,98,3,454192,454290,449720
9096,4571,86,2,454290,454376,449805
9097,4572,16,3,454376,454392,449820
9098,4573,33,3,454392,454425,449852
9100,4573,83,1,454425,454508,449935
9099,4573,99,3,454508,454607,450034
9101,4574,11,3,454607,454618,450044
9102,4575,31,2,454618,454649,450074
9103,4576,16,3,454649,454665,450089
9105,4576,76,1,454665,454741,450165
9104,4576,86,3,454741,454827,450251
9106,4577,41,3,454827,454868,450291
9109,4578,32,1,454868,454900,450322
9107,4578,42,1,454900,454942,450364
9108,4578,96,2,454942,455038,450460
9110,4579,84,2,455038,455122,450543
9111,4580,19,2,455122,455141,450561
9114,4580,23,3,455141,455164,450584
9112,4580,37,3,455164,455201,450621
9115,4580,59,1,455201,455260,450680
9113,4580,98,1,455260,455358,450778
9116,4581,19,2,455358,455377,450796
9117,4582,20,3,455377,455397,450815
9119,4582,61,3,455397,455458,450876
9118,4582,89,2,455458,455547,450965
9120,4583,5,3,455547,455552,450969
9121,4583,91,1,455552,455643,451060
9122,4584,6,2,455643,455649,451065
9124,4585,31,1,455649,455680,451095
9123,4585,39,1,455680,455719,451134
9125,4585,69,2,455719,455788,451203
9126,4585,69,2,455788,455857,451272
9127,4586,77,2,455857,455934,451348
9128,4587,42,3,455934,455976,451389
9129,4588,74,1,455976,456050,451462
9130,4589,61,1,456050,456111,451522
9131,4590,77,3,456111,456188,451598
9132,4591,2,3,456188,456190,451599
9133,4591,40,1,456190,456230,451639
9134,4592,36,2,456230,456266,451674
9135,4593,37,2,456266,456303,451710
9137,4594,18,2,456303,456321,451727
9136,4594,83,2,456321,456404,451810
9138,4595,6,1,456404,456410,451815
9143,4595,13,3,456410,456423,451828
9140,4595,43,3,456423,456466,451871
9141,4595,86,1,456466,456552,451957
9142,4595,86,2,456552,456638,452043
9139,4595,96,3,456638,456734,452139
9144,4596,30,1,456734,456764,452168
9145,4596,59,3,456764,456823,452227
9146,4597,53,1,456823,456876,452279
9147,4598,13,2,456876,456889,452291
9148,4599,26,1,456889,456915,452316
9150,4599,58,1,456915,456973,452374
9149,4599,75,3,456973,457048,452449
9152,4600,7,3,457048,457055,452455
9153,4600,56,2,457055,457111,452511
9151,4600,76,2,457111,457187,452587
9154,4601,40,2,457187,457227,452626
9155,4602,23,1,457227,457250,452648
9156,4603,24,2,457250,457274,452671
9157,4603,45,3,457274,457319,452716
9158,4603,84,1,457319,457403,452800
9160,4604,38,2,457403,457441,452837
9161,4604,49,2,457441,457490,452886
9159,4604,73,3,457490,457563,452959
9162,4605,39,3,457563,457602,452997
9163,4606,80,2,457602,457682,453076
9164,4607,88,1,457682,457770,453163
9167,4608,49,2,457770,457819,453211
9166,4608,49,3,457819,457868,453260
9168,4608,65,1,457868,457933,453325
9165,4608,80,2,457933,458013,453405
9169,4609,27,2,458013,458040,453431
9171,4610,54,3,458040,458094,453484
9170,4610,73,3,458094,458167,453557
9172,4611,3,3,458167,458170,453559
9175,4612,40,2,458170,458210,453598
9174,4612,61,2,458210,458271,453659
9173,4612,66,3,458271,458337,453725
9176,4612,66,3,458337,458403,453791
9177,4613,72,1,458403,458475,453862
9179,4614,33,1,458475,458508,453894
9178,4614,46,2,458508,458554,453940
9181,4615,12,3,458554,458566,453951
9180,4615,99,1,458566,458665,454050
9182,4616,25,3,458665,458690,454074
9183,4616,30,2,458690,458720,454104
9184,4616,42,2,458720,458762,454146
9185,4617,46,2,458762,458808,454191
9186,4617,79,3,458808,458887,454270
9187,4618,6,3,458887,458893,454275
9189,4618,30,1,458893,458923,454305
9188,4618,78,3,458923,459001,454383
9190,4619,8,3,459001,459009,454390
9191,4620,85,1,459009,459094,454474
9192,4621,18,3,459094,459112,454491
9193,4621,96,1,459112,459208,454587
9194,4622,38,3,459208,459246,454624
9195,4623,15,1,459246,459261,454638
9196,4624,44,1,459261,459305,454681
9197,4625,97,1,459305,459402,454777
9201,4626,8,1,459402,459410,454784
9198,4626,17,1,459410,459427,454801
9200,4626,40,3,459427,459467,454841
9199,4626,47,1,459467,459514,454888
9202,4627,54,2,459514,459568,454941
9203,4628,71,3,459568,459639,455011
9204,4629,100,3,459639,459739,455110
9205,4630,92,3,459739,459831,455201
9206,4631,58,3,459831,459889,455258
9208,4632,50,3,459889,459939,455307
9209,4632,81,2,459939,460020,455388
9207,4632,96,1,460020,460116,455484
9210,4633,95,2,460116,460211,455578
9212,4634,18,1,460211,460229,455595
9211,4634,83,2,460229,460312,455678
9213,4635,46,3,460312,460358,455723
9214,4635,97,2,460358,460455,455820
9216,4636,9,3,460455,460464,455828
9215,4636,99,3,460464,460563,455927
9217,4637,99,1,460563,460662,456025
9218,4638,16,3,460662,460678,456040
9220,4639,44,3,460678,460722,456083
9219,4639,91,1,460722,460813,456174
9221,4640,88,1,460813,460901,456261
9223,4641,4,2,460901,460905,456264
9224,4641,57,2,460905,460962,456321
9222,4641,60,3,460962,461022,456381
9225,4642,35,2,461022,461057,456415
9226,4643,44,3,461057,461101,456458
9228,4644,1,1,461101,461102,456458
9229,4644,21,3,461102,461123,456479
9230,4644,38,3,461123,461161,456517
9227,4644,42,1,461161,461203,456559
9231,4645,59,3,461203,461262,456617
9232,4645,70,1,461262,461332,456687
9233,4646,88,2,461332,461420,456774
9234,4647,37,2,461420,461457,456810
9235,4648,56,1,461457,461513,456865
9236,4648,61,2,461513,461574,456926
9237,4649,58,3,461574,461632,456983
9238,4650,46,3,461632,461678,457028
9239,4651,31,3,461678,461709,457058
9240,4651,32,3,461709,461741,457090
9242,4651,33,3,461741,461774,457123
9244,4651,44,2,461774,461818,457167
9243,4651,65,1,461818,461883,457232
9241,4651,85,1,461883,461968,457317
9246,4652,28,1,461968,461996,457344
9245,4652,51,2,461996,462047,457395
9247,4652,83,1,462047,462130,457478
9249,4653,79,3,462130,462209,457556
9248,4653,88,1,462209,462297,457644
9253,4654,19,1,462297,462316,457662
9250,4654,67,2,462316,462383,457729
9251,4654,83,1,462383,462466,457812
9252,4654,86,3,462466,462552,457898
9256,4655,15,3,462552,462567,457912
9255,4655,73,1,462567,462640,457985
9254,4655,78,2,462640,462718,458063
9257,4656,89,1,462718,462807,458151
9258,4657,92,3,462807,462899,458242
9259,4658,59,3,462899,462958,458300
9260,4659,84,2,462958,463042,458383
9261,4659,93,3,463042,463135,458476
9262,4660,53,1,463135,463188,458528
9263,4661,26,3,463188,463214,458553
9264,4661,43,2,463214,463257,458596
9265,4661,45,3,463257,463302,458641
9266,4662,63,1,463302,463365,458703
9267,4662,80,1,463365,463445,458783
9269,4663,51,3,463445,463496,458833
9268,4663,96,1,463496,463592,458929
9271,4664,29,3,463592,463621,458957
9270,4664,66,3,463621,463687,459023
9272,4664,73,1,463687,463760,459096
9273,4664,78,2,463760,463838,459174
9274,4664,86,3,463838,463924,459260
9275,4665,56,1,463924,463980,459315
9276,4666,0,3,463980,463980,459314
9277,4666,66,3,463980,464046,459380
9278,4667,36,2,464046,464082,459415
9279,4668,82,2,464082,464164,459496
9280,4669,45,1,464164,464209,459540
9281,4670,17,3,464209,464226,459556
9282,4671,53,3,464226,464279,459608
9284,4671,56,1,464279,464335,459664
9283,4671,92,3,464335,464427,459756
9286,4672,42,1,464427,464469,459797
9285,4672,77,2,464469,464546,459874
9287,4673,44,3,464546,464590,459917
9289,4674,16,3,464590,464606,459932
9288,4674,41,3,464606,464647,459973
9290,4675,31,3,464647,464678,460003
9291,4676,26,2,464678,464704,460028
9292,4677,81,2,464704,464785,460108
9293,4678,24,1,464785,464809,460131
9299,4679,16,3,464809,464825,460146
9296,4679,50,3,464825,464875,460196
9300,4679,54,3,464875,464929,460250
9297,4679,79,1,464929,465008,460329
9295,4679,79,2,465008,465087,460408
9298,4679,90,3,465087,465177,460498
9294,4679,95,3,465177,465272,460593
9302,4680,8,2,465272,465280,460600
9301,4680,54,1,465280,465334,460654
9305,4681,49,1,465334,465383,460702
9304,4681,75,2,465383,465458,460777
9303,4681,76,1,465458,465534,460853
9306,4682,51,3,465534,465585,460903
9314,4683,0,2,465585,465585,460902
9309,4683,6,3,465585,465591,460908
9313,4683,10,3,465591,465601,460918
9315,4683,12,2,465601,465613,460930
9307,4683,24,3,465613,465637,460954
9311,4683,40,1,465637,465677,460994
9312,4683,48,1,465677,465725,461042
9310,4683,50,1,465725,465775,461092
9308,4683,92,1,465775,465867,461184
9316,4684,13,1,465867,465880,461196
9318,4685,13,3,465880,465893,461208
9317,4685,78,1,465893,465971,461286
9319,4686,50,1,465971,466021,461335
9321,4686,92,1,466021,466113,461427
9320,4686,95,3,466113,466208,461522
9322,4687,73,3,466208,466281,461594
9323,4688,59,2,466281,466340,461652
9324,4688,74,1,466340,466414,461726
9325,4689,32,1,466414,466446,461757
9326,4690,19,2,466446,466465,461775
9328,4690,46,3,466465,466511,461821
9327,4690,98,3,466511,466609,461919
9329,4691,0,1,466609,466609,461918
9331,4692,4,1,466609,466613,461921
9330,4692,39,2,466613,466652,461960
9332,4693,49,3,466652,466701,462008
9333,4694,42,1,466701,466743,462049
9334,4695,92,3,466743,466835,462140
9338,4696,17,3,466835,466852,462156
9336,4696,29,3,466852,466881,462185
9337,4696,43,3,466881,466924,462228
9335,4696,91,1,466924,467015,462319
9339,4697,3,2,467015,467018,462321
9341,4698,1,1,467018,467019,462321
9342,4698,22,2,467019,467041,462343
9340,4698,30,1,467041,467071,462373
9343,4698,57,1,467071,467128,462430
9344,4699,47,2,467128,467175,462476
9345,4700,49,3,467175,467224,462524
9346,4701,58,1,467224,467282,462581
9347,4701,86,2,467282,467368,462667
9348,4702,87,3,467368,467455,462753
9350,4703,6,3,467455,467461,462758
9349,4703,62,3,467461,467523,462820
9351,4703,69,1,467523,467592,462889
9352,4704,18,3,467592,467610,462906
9353,4705,86,1,467610,467696,462991
9354,4706,69,3,467696,467765,463059
9355,4707,17,2,467765,467782,463075
9361,4707,17,3,467782,467799,463092
9357,4707,20,2,467799,467819,463112
9358,4707,28,2,467819,467847,463140
9359,4707,40,3,467847,467887,463180
9356,4707,56,2,467887,467943,463236
9360,4707,56,2,467943,467999,463292
9362,4708,65,1,467999,468064,463356
9363,4709,72,2,468064,468136,463427
9364,4709,87,3,468136,468223,463514
9365,4710,5,2,468223,468228,463518
9366,4711,26,1,468228,468254,463543
9367,4711,94,1,468254,468348,463637
9368,4712,70,1,468348,468418,463706
9369,4713,33,1,468418,468451,463738
9370,4713,53,2,468451,468504,463791
9372,4714,21,1,468504,468525,463811
9373,4714,49,1,468525,468574,463860
9371,4714,76,2,468574,468650,463936
9374,4715,51,3,468650,468701,463986
9376,4716,57,3,468701,468758,464042
9377,4716,83,1,468758,468841,464125
9375,4716,83,3,468841,468924,464208
9379,4717,74,3,468924,468998,464281
9378,4717,99,2,468998,469097,464380
9381,4718,5,2,469097,469102,464384
9380,4718,96,3,469102,469198,464480
9382,4719,50,1,469198,469248,464529
9384,4720,11,2,469248,469259,464539
9383,4720,70,2,469259,469329,464609
9385,4721,8,2,469329,469337,464616
9386,4722,47,3,469337,469384,464662
9388,4723,9,3,469384,469393,464670
9387,4723,12,3,469393,469405,464682
9389,4724,27,1,469405,469432,464708
9390,4724,100,1,469432,469532,464808
9393,4725,3,1,469532,469535,464810
9392,4725,5,1,469535,469540,464815
9391,4725,53,1,469540,469593,464868
9394,4725,93,1,469593,469686,464961
9395,4726,65,3,469686,469751,465025
9396,4727,90,1,469751,469841,465114
9397,4728,35,2,469841,469876,465148
9399,4729,3,3,469876,469879,465150
9398,4729,43,1,469879,469922,465193
9400,4730,95,1,469922,470017,465287
9401,4731,55,2,470017,470072,465341
9402,4732,38,1,470072,470110,465378
9403,4733,55,2,470110,470165,465432
9405,4734,0,1,470165,470165,465431
9406,4734,29,3,470165,470194,465460
9404,4734,75,3,470194,470269,465535
9407,4735,94,1,470269,470363,465628
9409,4736,46,2,470363,470409,465673
9408,4736,93,1,470409,470502,465766
9410,4737,39,1,470502,470541,465804
9411,4737,73,1,470541,470614,465877
9412,4738,32,1,470614,470646,465908
9413,4739,20,1,470646,470666,465927
9415,4740,90,1,470666,470756,466016
9414,4740,98,1,470756,470854,466114
9416,4740,99,3,470854,470953,466213
9422,4741,32,1,470953,470985,466244
9421,4741,42,3,470985,471027,466286
9420,4741,68,2,471027,471095,466354
9417,4741,91,2,471095,471186,466445
9419,4741,97,2,471186,471283,466542
9418,4741,98,3,471283,471381,466640
9423,4742,9,3,471381,471390,466648
9425,4743,53,1,471390,471443,466700
9424,4743,71,2,471443,471514,466771
9426,4744,41,1,471514,471555,466811
9428,4745,52,3,471555,471607,466862
9427,4745,57,2,471607,471664,466919
9429,4745,84,2,471664,471748,467003
9430,4746,87,2,471748,471835,467089
9431,4747,87,3,471835,471922,467175
9432,4747,89,2,471922,472011,467264
9433,4748,4,2,472011,472015,467267
9434,4749,69,1,472015,472084,467335
9437,4750,2,1,472084,472086,467336
9436,4750,28,3,472086,472114,467364
9435,4750,64,3,472114,472178,467428
9438,4751,34,3,472178,472212,467461
9444,4752,8,1,472212,472220,467468
9447,4752,9,1,472220,472229,467477
9442,4752,18,1,472229,472247,467495
9440,4752,32,3,472247,472279,467527
9439,4752,36,2,472279,472315,467563
9441,4752,38,1,472315,472353,467601
9445,4752,44,3,472353,472397,467645
9443,4752,50,2,472397,472447,467695
9446,4752,56,3,472447,472503,467751
9448,4753,40,3,472503,472543,467790
9449,4754,88,3,472543,472631,467877
9452,4755,75,1,472631,472706,467951
9453,4755,80,3,472706,472786,468031
9451,4755,90,3,472786,472876,468121
9450,4755,98,2,472876,472974,468219
9455,4756,34,1,472974,473008,468252
9454,4756,54,2,473008,473062,468306
9456,4757,48,3,473062,473110,468353
9457,4757,63,1,473110,473173,468416
9458,4758,73,3,473173,473246,468488
9460,4759,9,1,473246,473255,468496
9459,4759,93,1,473255,473348,468589
9462,4760,54,1,473348,473402,468642
9461,4760,56,1,473402,473458,468698
9463,4760,87,2,473458,473545,468785
9466,4761,6,2,473545,473551,468790
9465,4761,19,1,473551,473570,468809
9464,4761,46,1,473570,473616,468855
9470,4762,57,2,473616,473673,468911
9467,4762,62,3,473673,473735,468973
9469,4762,65,3,473735,473800,469038
9468,4762,67,1,473800,473867,469105
9471,4763,100,2,473867,473967,469204
9472,4764,20,2,473967,473987,469223
9475,4765,43,2,473987,474030,469265
9473,4765,83,2,474030,474113,469348
9474,4765,86,1,474113,474199,469434
9476,4766,80,1,474199,474279,469513
9478,4767,28,3,474279,474307,469540
9477,4767,95,3,474307,474402,469635
9480,4768,59,1,474402,474461,469693
9479,4768,85,3,474461,474546,469778
9481,4769,49,3,474546,474595,469826
9486,4770,12,2,474595,474607,469837
9482,4770,16,2,474607,474623,469853
9485,4770,21,1,474623,474644,469874
9483,4770,73,2,474644,474717,469947
9484,4770,92,3,474717,474809,470039
9487,4770,100,1,474809,474909,470139
9488,4771,92,2,474909,475001,470230
9489,4772,26,3,475001,475027,470255
9490,4773,48,2,475027,475075,470302
9492,4773,94,1,475075,475169,470396
9491,4773,97,3,475169,475266,470493
9493,4774,48,1,475266,475314,470540
9495,4775,80,1,475314,475394,470619
9494,4775,85,3,475394,475479,470704
9496,4776,27,1,475479,475506,470730
9498,4776,45,1,475506,475551,470775
9497,4776,96,1,475551,475647,470871
9499,4777,1,2,475647,475648,470871
9500,4777,25,1,475648,475673,470896
9501,4778,53,1,475673,475726,470948
9502,4779,65,3,475726,475791,471012
9503,4780,40,2,475791,475831,471051
9504,4780,78,3,475831,475909,471129
9505,4781,35,1,475909,475944,471163
9506,4781,68,1,475944,476012,471231
9507,4781,71,2,476012,476083,471302
9510,4782,40,3,476083,476123,471341
9511,4782,53,2,476123,476176,471394
9509,4782,72,3,476176,476248,471466
9512,4782,75,1,476248,476323,471541
9508,4782,95,2,476323,476418,471636
9514,4783,51,2,476418,476469,471686
9515,4783,66,3,476469,476535,471752
9516,4783,72,2,476535,476607,471824
9513,4783,78,3,476607,476685,471902
9517,4784,9,1,476685,476694,471910
9518,4784,80,1,476694,476774,471990
9520,4785,62,3,476774,476836,472051
9519,4785,83,2,476836,476919,472134
9526,4786,1,1,476919,476920,472134
9527,4786,40,2,476920,476960,472174
9521,4786,58,2,476960,477018,472232
9522,4786,61,1,477018,477079,472293
9525,4786,63,1,477079,477142,472356
9523,4786,75,3,477142,477217,472431
9524,4786,80,1,477217,477297,472511
9528,4787,45,3,477297,477342,472555
9533,4788,2,2,477342,477344,472556
9530,4788,3,2,477344,477347,472559
9531,4788,17,2,477347,477364,472576
9534,4788,22,2,477364,477386,472598
9535,4788,42,2,477386,477428,472640
9529,4788,65,2,477428,477493,472705
9532,4788,97,3,477493,477590,472802
9537,4789,74,2,477590,477664,472875
9536,4789,98,2,477664,477762,472973
9541,4790,17,3,477762,477779,472989
9539,4790,34,3,477779,477813,473023
9540,4790,56,3,477813,477869,473079
9538,4790,71,3,477869,477940,473150
9542,4790,87,2,477940,478027,473237
9543,4791,17,2,478027,478044,473253
9544,4792,85,3,478044,478129,473337
9545,4793,29,1,478129,478158,473365
9546,4793,77,1,478158,478235,473442
9547,4794,39,3,478235,478274,473480
9548,4794,91,1,478274,478365,473571
9549,4795,54,1,478365,478419,473624
9550,4796,34,2,478419,478453,473657
9551,4796,88,1,478453,478541,473745
9552,4797,40,2,478541,478581,473784
9553,4798,50,2,478581,478631,473833
9554,4799,61,2,478631,478692,473893
9555,4800,24,3,478692,478716,473916
9556,4800,75,1,478716,478791,473991
9557,4801,87,3,478791,478878,474077
9558,4802,95,1,478878,478973,474171
9559,4803,58,1,478973,479031,474228
9560,4804,8,3,479031,479039,474235
9561,4805,41,2,479039,479080,474275
9562,4805,90,2,479080,479170,474365
9563,4805,99,3,479170,479269,474464
9564,4806,62,2,479269,479331,474525
9565,4806,100,1,479331,479431,474625
9566,4807,19,2,479431,479450,474643
9567,4807,44,3,479450,479494,474687
9568,4808,56,1,479494,479550,474742
9569,4809,33,3,479550,479583,474774
9570,4810,41,1,479583,479624,474814
9571,4811,28,2,479624,479652,474841
9572,4812,28,1,479652,479680,474868
9573,4812,93,1,479680,479773,474961
9575,4813,35,2,479773,479808,474995
9574,4813,71,1,479808,479879,475066
9576,4814,3,3,479879,479882,475068
9577,4814,20,1,479882,479902,475088
9578,4815,49,2,479902,479951,475136
9579,4816,81,2,479951,480032,475216
9580,4816,94,1,480032,480126,475310
9581,4817,78,3,480126,480204,475387
9582,4818,46,3,480204,480250,475432
9585,4819,37,3,480250,480287,475468
9584,4819,53,2,480287,480340,475521
9583,4819,75,1,480340,480415,475596
9588,4820,5,2,480415,480420,475600
9589,4820,15,3,480420,480435,475615
9587,4820,32,2,480435,480467,475647
9586,4820,96,2,480467,480563,475743
9590,4821,21,2,480563,480584,475763
9591,4821,43,1,480584,480627,475806
9594,4822,7,1,480627,480634,475812
9592,4822,10,1,480634,480644,475822
9593,4822,91,2,480644,480735,475913
9595,4823,72,3,480735,480807,475984
9596,4824,63,1,480807,480870,476046
9597,4825,29,1,480870,480899,476074
9598,4825,30,1,480899,480929,476104
9599,4826,19,2,480929,480948,476122
9600,4826,91,1,480948,481039,476213
9601,4827,2,1,481039,481041,476214
9602,4828,33,2,481041,481074,476246
9604,4828,74,1,481074,481148,476320
9603,4828,82,1,481148,481230,476402
9605,4828,85,3,481230,481315,476487
9606,4829,79,2,481315,481394,476565
9608,4829,79,2,481394,481473,476644
9609,4829,81,2,481473,481554,476725
9607,4829,95,1,481554,481649,476820
9612,4830,36,2,481649,481685,476855
9611,4830,52,1,481685,481737,476907
9613,4830,86,2,481737,481823,476993
9610,4830,100,2,481823,481923,477093
9614,4831,19,2,481923,481942,477111
9615,4831,76,1,481942,482018,477187
9616,4832,53,3,482018,482071,477239
9618,4833,9,2,482071,482080,477247
9617,4833,62,2,482080,482142,477309
9620,4834,38,1,482142,482180,477346
9619,4834,54,2,482180,482234,477400
9622,4835,30,2,482234,482264,477429
9621,4835,42,3,482264,482306,477471
9623,4835,46,2,482306,482352,477517
9624,4836,2,2,482352,482354,477518
9625,4836,42,3,482354,482396,477560
9626,4837,40,3,482396,482436,477599
9627,4838,51,3,482436,482487,477649
9628,4839,20,2,482487,482507,477668
9630,4840,21,1,482507,482528,477688
9629,4840,75,1,482528,482603,477763
9631,4841,45,2,482603,482648,477807
9632,4842,70,3,482648,482718,477876
9633,4843,86,3,482718,482804,477961
9634,4844,61,1,482804,482865,478021
9637,4845,1,3,482865,482866,478021
9640,4845,12,2,482866,482878,478033
9636,4845,28,3,482878,482906,478061
9635,4845,69,3,482906,482975,478130
9639,4845,92,1,482975,483067,478222
9638,4845,95,1,483067,483162,478317
9643,4846,16,2,483162,483178,478332
9642,4846,59,1,483178,483237,478391
9641,4846,66,3,483237,483303,478457
9644,4846,75,1,483303,483378,478532
9645,4847,48,2,483378,483426,478579
9648,4848,3,2,483426,483429,478581
9649,4848,31,3,483429,483460,478612
9647,4848,35,2,483460,483495,478647
9646,4848,63,3,483495,483558,478710
9650,4849,46,2,483558,483604,478755
9657,4850,4,2,483604,483608,478758
9656,4850,5,1,483608,483613,478763
9655,4850,16,3,483613,483629,478779
9653,4850,31,1,483629,483660,478810
9654,4850,46,1,483660,483706,478856
9651,4850,83,1,483706,483789,478939
9658,4850,98,1,483789,483887,479037
9652,4850,100,1,483887,483987,479137
9659,4851,90,1,483987,484077,479226
9660,4852,43,2,484077,484120,479268
9661,4852,54,1,484120,484174,479322
9663,4853,28,2,484174,484202,479349
9662,4853,70,1,484202,484272,479419
9664,4854,77,3,484272,484349,479495
9665,4855,2,3,484349,484351,479496
9666,4855,84,3,484351,484435,479580
9668,4856,21,1,484435,484456,479600
9667,4856,85,2,484456,484541,479685
9672,4857,34,3,484541,484575,479718
9670,4857,41,1,484575,484616,479759
9673,4857,50,1,484616,484666,479809
9669,4857,53,1,484666,484719,479862
9671,4857,94,2,484719,484813,479956
9674,4858,80,3,484813,484893,480035
9675,4859,36,1,484893,484929,480070
9676,4859,37,2,484929,484966,480107
9677,4859,51,1,484966,485017,480158
9678,4860,73,3,485017,485090,480230
9679,4861,48,2,485090,485138,480277
9680,4861,72,2,485138,485210,480349
9684,4862,9,1,485210,485219,480357
9681,4862,45,1,485219,485264,480402
9683,4862,48,1,485264,485312,480450
9685,4862,73,2,485312,485385,480523
9682,4862,96,2,485385,485481,480619
9686,4863,20,1,485481,485501,480638
9688,4864,31,2,485501,485532,480668
9687,4864,93,3,485532,485625,480761
9690,4865,14,3,485625,485639,480774
9691,4865,56,2,485639,485695,480830
9689,4865,91,3,485695,485786,480921
9693,4866,43,2,485786,485829,480963
9692,4866,50,3,485829,485879,481013
9694,4866,90,1,485879,485969,481103
9700,4867,11,2,485969,485980,481113
9697,4867,23,2,485980,486003,481136
9695,4867,26,1,486003,486029,481162
9699,4867,57,1,486029,486086,481219
9698,4867,78,2,486086,486164,481297
9696,4867,92,1,486164,486256,481389
9701,4868,3,3,486256,486259,481391
9703,4869,21,3,486259,486280,481411
9702,4869,84,1,486280,486364,481495
9705,4870,27,3,486364,486391,481521
9706,4870,61,3,486391,486452,481582
9704,4870,86,2,486452,486538,481668
9708,4871,13,2,486538,486551,481680
9707,4871,89,2,486551,486640,481769
9712,4872,5,2,486640,486645,481773
9710,4872,35,3,486645,486680,481808
9709,4872,39,3,486680,486719,481847
9711,4872,60,2,486719,486779,481907
9713,4872,94,2,486779,486873,482001
9714,4873,72,2,486873,486945,482072
9715,4874,75,1,486945,487020,482146
9716,4875,78,2,487020,487098,482223
9717,4876,47,1,487098,487145,482269
9718,4877,66,1,487145,487211,482334
9719,4877,71,3,487211,487282,482405
9722,4878,4,2,487282,487286,482408
9720,4878,32,2,487286,487318,482440
9721,4878,41,3,487318,487359,482481
9723,4879,10,3,487359,487369,482490
9724,4880,76,3,487369,487445,482565
9725,4881,11,1,487445,487456,482575
9726,4882,87,1,487456,487543,482661
9729,4883,25,3,487543,487568,482685
9727,4883,38,2,487568,487606,482723
9730,4883,39,3,487606,487645,482762
9728,4883,74,2,487645,487719,482836
9732,4884,59,1,487719,487778,482894
9731,4884,100,3,487778,487878,482994
9733,4885,99,3,487878,487977,483092
9734,4886,27,2,487977,488004,483118
9735,4887,75,2,488004,488079,483192
9736,4888,70,3,488079,488149,483261
9739,4889,4,1,488149,488153,483264
9738,4889,25,1,488153,488178,483289
9737,4889,28,2,488178,488206,483317
9740,4889,72,3,488206,488278,483389
9741,4890,7,3,488278,488285,483395
9742,4891,31,3,488285,488316,483425
9743,4892,43,2,488316,488359,483467
9746,4893,31,2,488359,488390,483497
9747,4893,40,1,488390,488430,483537
9744,4893,76,1,488430,488506,483613
9745,4893,96,1,488506,488602,483709
9748,4894,73,1,488602,488675,483781
9749,4894,75,2,488675,488750,483856
9750,4895,93,1,488750,488843,483948
9751,4896,58,1,488843,488901,484005
9753,4897,26,1,488901,488927,484030
9752,4897,65,1,488927,488992,484095
9758,4898,31,2,488992,489023,484125
9754,4898,34,3,489023,489057,484159
9757,4898,54,1,489057,489111,484213
9756,4898,66,2,489111,489177,484279
9755,4898,90,3,489177,489267,484369
9759,4899,97,3,489267,489364,484465
9760,4900,13,3,489364,489377,484477
9761,4901,15,1,489377,489392,484491
9762,4901,68,2,489392,489460,484559
9763,4901,75,1,489460,489535,484634
9764,4902,13,3,489535,489548,484646
9765,4903,37,3,489548,489585,484682
9766,4903,86,3,489585,489671,484768
9769,4904,5,2,489671,489676,484772
9768,4904,15,3,489676,489691,484787
9767,4904,32,1,489691,489723,484819
9770,4905,7,1,489723,489730,484825
9774,4906,1,1,489730,489731,484825
9775,4906,7,2,489731,489738,484832
9772,4906,30,2,489738,489768,484862
9773,4906,54,3,489768,489822,484916
9776,4906,78,2,489822,489900,484994
9771,4906,80,3,489900,489980,485074
9778,4907,33,2,489980,490013,485106
9777,4907,78,2,490013,490091,485184
9779,4908,43,3,490091,490134,485226
9782,4909,16,3,490134,490150,485241
9783,4909,20,1,490150,490170,485261
9784,4909,42,1,490170,490212,485303
9785,4909,43,2,490212,490255,485346
9780,4909,58,2,490255,490313,485404
9781,4909,92,3,490313,490405,485496
9786,4910,69,1,490405,490474,485564
9788,4911,3,2,490474,490477,485566
9787,4911,37,3,490477,490514,485603
9790,4912,28,2,490514,490542,485630
9789,4912,80,1,490542,490622,485710
9791,4913,55,1,490622,490677,485764
9792,4914,95,1,490677,490772,485858
9793,4915,19,2,490772,490791,485876
9795,4916,2,2,490791,490793,485877
9798,4916,9,3,490793,490802,485886
9794,4916,38,2,490802,490840,485924
9797,4916,41,3,490840,490881,485965
9796,4916,43,3,490881,490924,486008
9800,4917,14,3,490924,490938,486021
9799,4917,16,2,490938,490954,486037
9801,4917,55,2,490954,491009,486092
9803,4918,68,2,491009,491077,486159
9804,4918,90,1,491077,491167,486249
9802,4918,94,2,491167,491261,486343
9805,4919,85,2,491261,491346,486427
9806,4920,9,3,491346,491355,486435
9807,4921,0,1,491355,491355,486434
9808,4922,81,1,491355,491436,486514
9809,4923,93,1,491436,491529,486606
9812,4924,4,1,491529,491533,486609
9810,4924,6,1,491533,491539,486615
9813,4924,34,2,491539,491573,486649
9811,4924,84,1,491573,491657,486733
9814,4924,93,3,491657,491750,486826
9815,4925,67,2,491750,491817,486892
9816,4925,78,3,491817,491895,486970
9817,4926,37,1,491895,491932,487006
9819,4926,47,3,491932,491979,487053
9818,4926,74,1,491979,492053,487127
9821,4927,31,3,492053,492084,487157
9820,4927,61,1,492084,492145,487218
9825,4928,6,1,492145,492151,487223
9822,4928,53,2,492151,492204,487276
9824,4928,66,1,492204,492270,487342
9823,4928,87,1,492270,492357,487429
9828,4929,11,1,492357,492368,487439
9827,4929,42,2,492368,492410,487481
9826,4929,75,1,492410,492485,487556
9829,4929,93,3,492485,492578,487649
9830,4930,35,2,492578,492613,487683
9831,4930,56,1,492613,492669,487739
9832,4931,57,1,492669,492726,487795
9833,4932,3,2,492726,492729,487797
9834,4932,89,2,492729,492818,487886
9835,4933,66,1,492818,492884,487951
9836,4934,69,1,492884,492953,488019
9837,4935,30,2,492953,492983,488048
9838,4936,58,1,492983,493041,488105
9839,4937,9,2,493041,493050,488113
9840,4937,100,1,493050,493150,488213
9841,4938,70,1,493150,493220,488282
9842,4939,5,2,493220,493225,488286
9843,4940,99,3,493225,493324,488384
9844,4941,56,1,493324,493380,488439
9845,4941,71,2,493380,493451,488510
9846,4942,80,3,493451,493531,488589
9848,4943,16,1,493531,493547,488604
9847,4943,86,1,493547,493633,488690
9849,4944,61,1,493633,493694,488750
9850,4945,79,1,493694,493773,488828
9852,4946,7,1,493773,493780,488834
9851,4946,72,1,493780,493852,488906
9853,4946,83,3,493852,493935,488989
9854,4946,100,2,493935,494035,489089
9855,4947,32,3,494035,494067,489120
9856,4947,63,2,494067,494130,489183
9858,4948,10,2,494130,494140,489192
9857,4948,39,2,494140,494179,489231
9859,4949,55,2,494179,494234,489285
9860,4950,42,2,494234,494276,489326
9861,4951,18,3,494276,494294,489343
9862,4952,0,3,494294,494294,489342
9863,4952,79,2,494294,494373,489421
9865,4953,24,2,494373,494397,489444
9864,4953,30,3,494397,494427,489474
9866,4953,69,3,494427,494496,489543
9867,4953,80,2,494496,494576,489623
9869,4954,25,2,494576,494601,489647
9870,4954,31,3,494601,494632,489678
9868,4954,35,3,494632,494667,489713
9872,4955,1,1,494667,494668,489713
9873,4955,8,2,494668,494676,489721
9871,4955,32,2,494676,494708,489753
9874,4955,83,1,494708,494791,489836
9875,4956,23,3,494791,494814,489858
9876,4956,35,1,494814,494849,489893
9878,4956,44,1,494849,494893,489937
9877,4956,66,3,494893,494959,490003
9880,4957,89,1,494959,495048,490091
9879,4957,98,2,495048,495146,490189
9881,4958,85,3,495146,495231,490273
9882,4958,90,1,495231,495321,490363
9883,4959,54,3,495321,495375,490416
9885,4960,41,3,495375,495416,490456
9884,4960,98,3,495416,495514,490554
9886,4961,53,3,495514,495567,490606
9887,4962,45,2,495567,495612,490650
9888,4963,7,1,495612,495619,490656
9889,4964,0,2,495619,495619,490655
9890,4965,45,1,495619,495664,490699
9892,4966,36,3,495664,495700,490734
9893,4966,36,3,495700,495736,490770
9891,4966,77,3,495736,495813,490847
9894,4967,62,2,495813,495875,490908
9896,4968,43,1,495875,495918,490950
9895,4968,87,2,495918,496005,491037
9897,4969,22,2,496005,496027,491058
9898,4969,73,1,496027,496100,491131
9899,4970,94,3,496100,496194,491224
9900,4971,94,2,496194,496288,491317
9902,4972,2,2,496288,496290,491318
9901,4972,25,1,496290,496315,491343
9903,4973,1,1,496315,496316,491343
9904,4973,13,2,496316,496329,491356
9905,4973,25,1,496329,496354,491381
9906,4974,30,3,496354,496384,491410
9907,4974,33,1,496384,496417,491443
9910,4975,25,2,496417,496442,491467
9908,4975,35,2,496442,496477,491502
9909,4975,53,1,496477,496530,491555
9914,4976,17,2,496530,496547,491571
9911,4976,51,2,496547,496598,491622
9913,4976,80,1,496598,496678,491702
9912,4976,99,3,496678,496777,491801
9915,4977,72,3,496777,496849,491872
9916,4978,82,3,496849,496931,491953
9918,4979,36,1,496931,496967,491988
9917,4979,60,3,496967,497027,492048
9919,4980,74,3,497027,497101,492121
9920,4981,97,3,497101,497198,492217
9924,4982,30,2,497198,497228,492246
9926,4982,51,2,497228,497279,492297
9922,4982,57,1,497279,497336,492354
9923,4982,61,2,497336,497397,492415
9925,4982,64,3,497397,497461,492479
9921,4982,77,2,497461,497538,492556
9929,4983,40,1,497538,497578,492595
9928,4983,61,2,497578,497639,492656
9927,4983,67,2,497639,497706,492723
9932,4984,6,3,497706,497712,492728
9931,4984,44,3,497712,497756,492772
9930,4984,82,2,497756,497838,492854
9933,4985,0,1,497838,497838,492853
9936,4986,28,3,497838,497866,492880
9938,4986,70,1,497866,497936,492950
9942,4986,73,2,497936,498009,493023
9939,4986,73,3,498009,498082,493096
9935,4986,83,2,498082,498165,493179
9934,4986,86,1,498165,498251,493265
9940,4986,86,2,498251,498337,493351
9941,4986,95,2,498337,498432,493446
9937,4986,96,1,498432,498528,493542
9944,4987,7,1,498528,498535,493548
9943,4987,45,1,498535,498580,493593
9945,4988,80,2,498580,498660,493672
9946,4989,44,3,498660,498704,493715
9947,4990,81,3,498704,498785,493795
9950,4991,0,2,498785,498785,493794
9949,4991,5,3,498785,498790,493799
9948,4991,17,2,498790,498807,493816
9951,4992,8,1,498807,498815,493823
9952,4993,19,2,498815,498834,493841
9953,4993,71,2,498834,498905,493912
9955,4994,24,2,498905,498929,493935
9954,4994,84,2,498929,499013,494019
9958,4995,24,3,499013,499037,494042
9956,4995,31,2,499037,499068,494073
9957,4995,47,1,499068,499115,494120
9960,4995,62,1,499115,499177,494182
9959,4995,91,2,499177,499268,494273
9961,4996,1,2,499268,499269,494273
9963,4996,28,2,499269,499297,494301
9962,4996,69,3,499297,499366,494370
9964,4997,6,2,499366,499372,494375
9965,4997,15,1,499372,499387,494390
9966,4997,17,2,499387,499404,494407
9968,4998,6,3,499404,499410,494412
9967,4998,19,1,499410,499429,494431
9969,4999,12,2,499429,499441,494442
9970,4999,43,2,499441,499484,494485
9971,5000,50,3,499484,499534,494534
9972,5001,13,3,499534,499547,494546
9973,5001,48,2,499547,499595,494594
9974,5001,96,3,499595,499691,494690
9975,5002,12,1,499691,499703,494701
9976,5003,73,3,499703,499776,494773
9978,5004,0,1,499776,499776,494772
9979,5004,69,1,499776,499845,494841
9977,5004,81,2,499845,499926,494922
9982,5005,51,3,499926,499977,494972
9980,5005,80,3,499977,500057,495052
9981,5005,87,3,500057,500144,495139
9983,5006,41,1,500144,500185,495179
9984,5006,75,2,500185,500260,495254
9986,5007,0,1,500260,500260,495253
9985,5007,14,1,500260,500274,495267
9988,5007,60,1,500274,500334,495327
9987,5007,97,1,500334,500431,495424
9989,5008,4,2,500431,500435,495427
9990,5008,75,3,500435,500510,495502
9991,5009,36,1,500510,500546,495537
9992,5010,11,3,500546,500557,495547
9993,5010,74,2,500557,500631,495621
9994,5010,99,1,500631,500730,495720
9995,5011,87,1,500730,500817,495806
9996,5011,95,3,500817,500912,495901
9997,5012,19,2,500912,500931,495919
9998,5012,62,1,500931,500993,495981
9999,5012,80,3,500993,501073,496061
Average turn around time,247031.134,,,,,
