Job ID,Arrival,Burst,Priority,Start,End,Turn Around
0,0,100,1,0,100,100
1,1,15,3,100,115,114
2,2,29,1,115,144,142
3,3,87,1,144,231,228
4,3,35,3,231,266,263
5,4,67,1,266,333,329
6,5,15,1,333,348,343
7,5,15,2,348,363,358
8,5,30,2,363,393,388
9,6,92,1,393,485,479
10,6,81,1,485,566,560
11,6,72,3,566,638,632
12,7,50,1,638,688,681
13,8,34,3,688,722,714
14,9,80,3,722,802,793
15,9,47,1,802,849,840
16,10,94,2,849,943,933
17,11,34,1,943,977,966
18,11,89,2,977,1066,1055
19,12,56,3,1066,1122,1110
20,12,44,1,1122,1166,1154
21,13,6,1,1166,1172,1159
22,13,71,1,1172,1243,1230
23,14,30,1,1243,1273,1259
24,14,79,1,1273,1352,1338
25,14,1,3,1352,1353,1339
26,14,71,1,1353,1424,1410
27,15,9,3,1424,1433,1418
28,15,80,2,1433,1513,1498
29,16,34,2,1513,1547,1531
30,17,70,3,1547,1617,1600
31,18,34,3,1617,1651,1633
32,19,58,3,1651,1709,1690
33,20,89,2,1709,1798,1778
34,21,55,1,1798,1853,1832
35,22,64,1,1853,1917,1895
36,23,77,3,1917,1994,1971
37,24,18,2,1994,2012,1988
38,24,96,1,2012,2108,2084
39,24,24,2,2108,2132,2108
40,24,83,2,2132,2215,2191
41,24,2,2,2215,2217,2193
42,24,17,2,2217,2234,2210
43,25,84,1,2234,2318,2293
44,25,40,3,2318,2358,2333
45,25,9,2,2358,2367,2342
46,26,83,3,2367,2450,2424
47,27,0,3,2450,2450,2423
48,28,57,1,2450,2507,2479
49,29,2,1,2507,2509,2480
50,29,62,1,2509,2571,2542
51,30,51,1,2571,2622,2592
52,31,24,1,2622,2646,2615
53,32,23,1,2646,2669,2637
54,32,68,2,2669,2737,2705
55,32,0,3,2737,2737,2705
56,32,8,3,2737,2745,2713
57,33,15,1,2745,2760,2727
58,33,67,1,2760,2827,2794
59,33,28,2,2827,2855,2822
60,34,9,1,2855,2864,2830
61,35,65,2,2864,2929,2894
62,35,3,1,2929,2932,2897
63,36,2,3,2932,2934,2898
64,37,57,3,2934,2991,2954
65,37,98,1,2991,3089,3052
66,37,46,1,3089,3135,3098
67,38,43,3,3135,3178,3140
68,39,31,1,3178,3209,3170
69,40,64,2,3209,3273,3233
70,41,42,3,3273,3315,3274
71,41,99,2,3315,3414,3373
72,42,34,2,3414,3448,3406
73,42,82,3,3448,3530,3488
74,43,47,2,3530,3577,3534
75,43,57,2,3577,3634,3591
76,44,47,3,3634,3681,3637
77,45,100,3,3681,3781,3736
78,46,24,2,3781,3805,3759
79,46,46,1,3805,3851,3805
80,46,85,3,3851,3936,3890
81,47,56,2,3936,3992,3945
82,47,76,1,3992,4068,4021
83,48,34,2,4068,4102,4054
84,48,80,2,4102,4182,4134
85,48,30,3,4182,4212,4164
86,48,73,3,4212,4285,4237
87,49,57,1,4285,4342,4293
88,50,75,3,4342,4417,4367
89,50,22,3,4417,4439,4389
90,50,23,3,4439,4462,4412
91,51,51,3,4462,4513,4462
92,52,1,2,4513,4514,4462
93,52,28,3,4514,4542,4490
94,52,9,3,4542,4551,4499
95,53,67,1,4551,4618,4565
96,53,19,1,4618,4637,4584
97,53,40,3,4637,4677,4624
98,54,93,2,4677,4770,4716
99,54,13,3,4770,4783,4729
100,54,69,3,4783,4852,4798
101,55,74,3,4852,4926,4871
102,55,73,3,4926,4999,4944
103,56,43,3,4999,5042,4986
104,56,0,3,5042,5042,4986
105,57,26,3,5042,5068,5011
106,58,80,3,5068,5148,5090
107,59,36,2,5148,5184,5125
108,60,1,1,5184,5185,5125
109,61,65,2,5185,5250,5189
110,61,17,2,5250,5267,5206
111,62,44,2,5267,5311,5249
112,62,99,2,5311,5410,5348
113,62,21,3,5410,5431,5369
114,62,35,3,5431,5466,5404
115,62,28,2,5466,5494,5432
116,63,32,3,5494,5526,5463
117,63,49,1,5526,5575,5512
118,64,95,3,5575,5670,5606
119,65,92,1,5670,5762,5697
120,66,27,2,5762,5789,5723
121,66,11,3,5789,5800,5734
122,67,43,3,5800,5843,5776
123,67,51,1,5843,5894,5827
124,68,39,3,5894,5933,5865
125,69,57,3,5933,5990,5921
126,70,86,1,5990,6076,6006
127,70,84,1,6076,6160,6090
128,70,37,1,6160,6197,6127
129,71,100,1,6197,6297,6226
130,71,8,3,6297,6305,6234
131,71,17,2,6305,6322,6251
132,71,54,3,6322,6376,6305
133,72,77,1,6376,6453,6381
134,72,80,1,6453,6533,6461
135,73,94,1,6533,6627,6554
136,73,23,3,6627,6650,6577
137,74,67,2,6650,6717,6643
138,75,95,2,6717,6812,6737
139,75,28,2,6812,6840,6765
140,75,94,1,6840,6934,6859
141,75,5,2,6934,6939,6864
142,76,16,1,6939,6955,6879
143,76,96,1,6955,7051,6975
144,76,29,1,7051,7080,7004
145,77,4,2,7080,7084,7007
146,77,32,1,7084,7116,7039
147,77,92,1,7116,7208,7131
148,78,53,2,7208,7261,7183
149,78,93,1,7261,7354,7276
150,79,92,3,7354,7446,7367
151,80,81,3,7446,7527,7447
152,81,55,1,7527,7582,7501
153,81,35,1,7582,7617,7536
154,82,44,3,7617,7661,7579
155,82,24,2,7661,7685,7603
156,83,18,2,7685,7703,7620
157,84,57,2,7703,7760,7676
158,84,89,3,7760,7849,7765
159,85,22,2,7849,7871,7786
160,86,65,2,7871,7936,7850
161,86,84,2,7936,8020,7934
162,86,43,2,8020,8063,7977
163,87,87,1,8063,8150,8063
164,88,65,2,8150,8215,8127
165,88,84,1,8215,8299,8211
166,88,100,1,8299,8399,8311
167,88,88,1,8399,8487,8399
168,89,57,1,8487,8544,8455
169,90,39,2,8544,8583,8493
170,91,39,3,8583,8622,8531
171,92,14,1,8622,8636,8544
172,93,44,3,8636,8680,8587
173,94,19,3,8680,8699,8605
174,95,46,2,8699,8745,8650
175,95,3,2,8745,8748,8653
176,95,18,3,8748,8766,8671
177,96,8,3,8766,8774,8678
178,96,92,3,8774,8866,8770
179,97,8,1,8866,8874,8777
180,98,59,1,8874,8933,8835
181,99,2,2,8933,8935,8836
182,99,11,3,8935,8946,8847
183,100,84,1,8946,9030,8930
184,100,4,2,9030,9034,8934
185,100,54,3,9034,9088,8988
186,100,89,2,9088,9177,9077
187,100,39,3,9177,9216,9116
188,101,56,3,9216,9272,9171
189,102,41,3,9272,9313,9211
190,102,50,1,9313,9363,9261
191,102,17,3,9363,9380,9278
192,102,74,2,9380,9454,9352
193,102,21,2,9454,9475,9373
194,103,63,1,9475,9538,9435
195,103,31,3,9538,9569,9466
196,103,14,1,9569,9583,9480
197,103,31,1,9583,9614,9511
198,103,89,2,9614,9703,9600
199,103,69,2,9703,9772,9669
200,103,3,2,9772,9775,9672
201,104,26,3,9775,9801,9697
202,105,65,2,9801,9866,9761
203,106,12,2,9866,9878,9772
204,106,45,1,9878,9923,9817
205,107,35,3,9923,9958,9851
206,108,63,1,9958,10021,9913
207,109,92,3,10021,10113,10004
208,110,35,3,10113,10148,10038
209,110,30,2,10148,10178,10068
210,111,18,2,10178,10196,10085
211,111,6,2,10196,10202,10091
212,112,90,3,10202,10292,10180
213,113,49,3,10292,10341,10228
214,114,53,3,10341,10394,10280
215,114,92,3,10394,10486,10372
216,115,70,2,10486,10556,10441
217,116,21,3,10556,10577,10461
218,116,81,1,10577,10658,10542
219,117,85,2,10658,10743,10626
220,117,47,2,10743,10790,10673
221,118,77,1,10790,10867,10749
222,118,99,3,10867,10966,10848
223,118,92,2,10966,11058,10940
224,119,50,2,11058,11108,10989
225,120,34,2,11108,11142,11022
226,121,61,1,11142,11203,11082
227,122,95,3,11203,11298,11176
228,122,69,1,11298,11367,11245
229,123,95,2,11367,11462,11339
230,124,12,2,11462,11474,11350
231,125,94,2,11474,11568,11443
232,126,43,3,11568,11611,11485
233,127,62,2,11611,11673,11546
234,128,53,3,11673,11726,11598
235,129,91,2,11726,11817,11688
236,130,86,3,11817,11903,11773
237,131,58,3,11903,11961,11830
238,132,93,1,11961,12054,11922
239,132,66,3,12054,12120,11988
240,133,77,3,12120,12197,12064
241,133,13,1,12197,12210,12077
242,134,69,3,12210,12279,12145
243,134,49,1,12279,12328,12194
244,135,65,3,12328,12393,12258
245,135,67,3,12393,12460,12325
246,136,18,2,12460,12478,12342
247,136,97,2,12478,12575,12439
248,137,97,3,12575,12672,12535
249,137,69,3,12672,12741,12604
250,138,46,2,12741,12787,12649
251,139,41,1,12787,12828,12689
252,140,97,1,12828,12925,12785
253,141,28,1,12925,12953,12812
254,142,14,1,12953,12967,12825
255,142,69,2,12967,13036,12894
256,143,91,1,13036,13127,12984
257,144,16,3,13127,13143,12999
258,144,56,2,13143,13199,13055
259,144,67,2,13199,13266,13122
260,145,87,3,13266,13353,13208
261,146,74,2,13353,13427,13281
262,146,41,1,13427,13468,13322
263,146,79,1,13468,13547,13401
264,146,38,2,13547,13585,13439
265,146,55,1,13585,13640,13494
266,147,24,2,13640,13664,13517
267,148,7,3,13664,13671,13523
268,149,71,1,13671,13742,13593
269,149,16,3,13742,13758,13609
270,149,91,1,13758,13849,13700
271,149,92,1,13849,13941,13792
272,150,42,3,13941,13983,13833
273,150,16,3,13983,13999,13849
274,150,22,3,13999,14021,13871
275,150,42,1,14021,14063,13913
276,150,63,2,14063,14126,13976
277,151,5,3,14126,14131,13980
278,152,8,3,14131,14139,13987
279,153,16,3,14139,14155,14002
280,153,95,3,14155,14250,14097
281,154,37,1,14250,14287,14133
282,154,0,1,14287,14287,14133
283,155,96,1,14287,14383,14228
284,156,94,1,14383,14477,14321
285,157,52,1,14477,14529,14372
286,158,24,3,14529,14553,14395
287,159,79,1,14553,14632,14473
288,160,14,2,14632,14646,14486
289,161,92,1,14646,14738,14577
290,161,81,2,14738,14819,14658
291,161,36,1,14819,14855,14694
292,162,82,2,14855,14937,14775
293,162,31,1,14937,14968,14806
294,162,12,3,14968,14980,14818
295,162,47,3,14980,15027,14865
296,162,54,3,15027,15081,14919
297,162,27,3,15081,15108,14946
298,162,65,2,15108,15173,15011
299,162,4,3,15173,15177,15015
300,163,32,3,15177,15209,15046
301,164,97,1,15209,15306,15142
302,164,47,2,15306,15353,15189
303,164,41,3,15353,15394,15230
304,164,48,2,15394,15442,15278
305,164,50,1,15442,15492,15328
306,165,37,2,15492,15529,15364
307,166,87,2,15529,15616,15450
308,166,31,1,15616,15647,15481
309,167,67,3,15647,15714,15547
310,168,83,1,15714,15797,15629
311,168,23,1,15797,15820,15652
312,169,50,1,15820,15870,15701
313,170,4,1,15870,15874,15704
314,170,7,1,15874,15881,15711
315,171,79,1,15881,15960,15789
316,171,82,2,15960,16042,15871
317,172,98,1,16042,16140,15968
318,172,93,2,16140,16233,16061
319,172,30,2,16233,16263,16091
320,172,60,3,16263,16323,16151
321,173,19,1,16323,16342,16169
322,174,37,2,16342,16379,16205
323,174,89,3,16379,16468,16294
324,174,32,1,16468,16500,16326
325,174,98,3,16500,16598,16424
326,174,16,1,16598,16614,16440
327,174,87,2,16614,16701,16527
328,175,47,3,16701,16748,16573
329,176,11,2,16748,16759,16583
330,177,90,2,16759,16849,16672
331,177,33,3,16849,16882,16705
332,177,89,2,16882,16971,16794
333,177,29,3,16971,17000,16823
334,177,70,3,17000,17070,16893
335,178,87,1,17070,17157,16979
336,178,19,1,17157,17176,16998
337,178,73,3,17176,17249,17071
338,178,86,3,17249,17335,17157
339,179,95,1,17335,17430,17251
340,179,74,3,17430,17504,17325
341,179,0,2,17504,17504,17325
342,180,94,1,17504,17598,17418
343,180,10,3,17598,17608,17428
344,180,77,3,17608,17685,17505
345,181,93,2,17685,17778,17597
346,181,57,2,17778,17835,17654
347,181,73,1,17835,17908,17727
348,181,98,3,17908,18006,17825
349,182,98,2,18006,18104,17922
350,182,51,2,18104,18155,17973
351,183,76,3,18155,18231,18048
352,184,71,3,18231,18302,18118
353,185,18,1,18302,18320,18135
354,186,22,3,18320,18342,18156
355,186,93,2,18342,18435,18249
356,187,27,2,18435,18462,18275
357,188,11,2,18462,18473,18285
358,189,78,3,18473,18551,18362
359,189,88,1,18551,18639,18450
360,189,57,1,18639,18696,18507
361,190,100,1,18696,18796,18606
362,191,55,1,18796,18851,18660
363,192,3,3,18851,18854,18662
364,193,36,3,18854,18890,18697
365,194,6,3,18890,18896,18702
366,194,97,2,18896,18993,18799
367,195,21,3,18993,19014,18819
368,195,45,3,19014,19059,18864
369,195,6,1,19059,19065,18870
370,195,4,1,19065,19069,18874
371,195,26,3,19069,19095,18900
372,195,83,2,19095,19178,18983
373,196,64,1,19178,19242,19046
374,196,79,1,19242,19321,19125
375,197,32,2,19321,19353,19156
376,197,37,3,19353,19390,19193
377,197,95,3,19390,19485,19288
378,197,17,1,19485,19502,19305
379,198,52,2,19502,19554,19356
380,199,16,3,19554,19570,19371
381,199,5,3,19570,19575,19376
382,199,28,1,19575,19603,19404
383,200,59,3,19603,19662,19462
384,200,93,3,19662,19755,19555
385,201,96,2,19755,19851,19650
386,201,4,2,19851,19855,19654
387,201,17,2,19855,19872,19671
388,202,39,1,19872,19911,19709
389,203,39,3,19911,19950,19747
390,204,45,3,19950,19995,19791
391,205,32,1,19995,20027,19822
392,205,17,1,20027,20044,19839
393,205,58,2,20044,20102,19897
394,205,51,3,20102,20153,19948
395,205,32,3,20153,20185,19980
396,205,71,2,20185,20256,20051
397,206,85,2,20256,20341,20135
398,207,67,3,20341,20408,20201
399,208,94,1,20408,20502,20294
400,208,90,3,20502,20592,20384
401,209,1,3,20592,20593,20384
402,210,85,1,20593,20678,20468
403,210,53,3,20678,20731,20521
404,210,56,2,20731,20787,20577
405,210,91,2,20787,20878,20668
406,210,53,3,20878,20931,20721
407,211,64,1,20931,20995,20784
408,212,49,1,20995,21044,20832
409,213,16,2,21044,21060,20847
410,213,73,3,21060,21133,20920
411,214,57,3,21133,21190,20976
412,215,13,3,21190,21203,20988
413,215,87,3,21203,21290,21075
414,215,8,1,21290,21298,21083
415,216,100,3,21298,21398,21182
416,216,5,3,21398,21403,21187
417,216,69,1,21403,21472,21256
418,217,60,2,21472,21532,21315
419,217,10,1,21532,21542,21325
420,217,73,3,21542,21615,21398
421,217,47,1,21615,21662,21445
422,218,57,1,21662,21719,21501
423,219,68,1,21719,21787,21568
424,220,20,1,21787,21807,21587
425,221,67,1,21807,21874,21653
426,221,71,2,21874,21945,21724
427,221,16,3,21945,21961,21740
428,221,8,2,21961,21969,21748
429,221,82,3,21969,22051,21830
430,221,14,3,22051,22065,21844
431,221,28,1,22065,22093,21872
432,221,49,2,22093,22142,21921
433,221,40,2,22142,22182,21961
434,222,3,3,22182,22185,21963
435,223,75,1,22185,22260,22037
436,223,40,1,22260,22300,22077
437,224,35,3,22300,22335,22111
438,225,78,2,22335,22413,22188
439,226,66,2,22413,22479,22253
440,227,7,2,22479,22486,22259
441,228,43,2,22486,22529,22301
442,229,100,2,22529,22629,22400
443,229,28,3,22629,22657,22428
444,229,24,2,22657,22681,22452
445,230,27,2,22681,22708,22478
446,230,38,1,22708,22746,22516
447,230,2,1,22746,22748,22518
448,230,94,1,22748,22842,22612
449,230,30,2,22842,22872,22642
450,230,97,1,22872,22969,22739
451,230,19,3,22969,22988,22758
452,231,55,2,22988,23043,22812
453,232,31,2,23043,23074,22842
454,232,18,3,23074,23092,22860
455,233,38,2,23092,23130,22897
456,233,38,1,23130,23168,22935
457,234,41,1,23168,23209,22975
458,234,73,1,23209,23282,23048
459,235,23,3,23282,23305,23070
460,235,20,1,23305,23325,23090
461,236,50,3,23325,23375,23139
462,236,72,1,23375,23447,23211
463,236,57,3,23447,23504,23268
464,237,17,2,23504,23521,23284
465,237,16,1,23521,23537,23300
466,237,39,3,23537,23576,23339
467,238,40,1,23576,23616,23378
468,238,66,3,23616,23682,23444
469,239,58,2,23682,23740,23501
470,240,30,1,23740,23770,23530
471,240,15,3,23770,23785,23545
472,241,86,2,23785,23871,23630
473,242,69,1,23871,23940,23698
474,242,56,2,23940,23996,23754
475,243,48,2,23996,24044,23801
476,244,34,1,24044,24078,23834
477,245,4,3,24078,24082,23837
478,245,64,1,24082,24146,23901
479,245,4,1,24146,24150,23905
480,246,89,2,24150,24239,23993
481,246,54,1,24239,24293,24047
482,247,84,3,24293,24377,24130
483,248,28,3,24377,24405,24157
484,248,24,1,24405,24429,24181
485,249,36,3,24429,24465,24216
486,249,34,2,24465,24499,24250
487,250,29,3,24499,24528,24278
488,251,76,3,24528,24604,24353
489,252,72,1,24604,24676,24424
490,252,10,1,24676,24686,24434
491,252,48,1,24686,24734,24482
492,253,46,1,24734,24780,24527
493,253,81,2,24780,24861,24608
494,254,75,3,24861,24936,24682
495,255,44,2,24936,24980,24725
496,255,88,3,24980,25068,24813
497,255,91,3,25068,25159,24904
498,255,48,1,25159,25207,24952
499,255,62,3,25207,25269,25014
500,255,13,2,25269,25282,25027
501,255,63,3,25282,25345,25090
502,256,51,2,25345,25396,25140
503,257,25,2,25396,25421,25164
504,258,72,2,25421,25493,25235
505,258,63,1,25493,25556,25298
506,258,1,3,25556,25557,25299
507,258,94,3,25557,25651,25393
508,259,3,1,25651,25654,25395
509,260,93,3,25654,25747,25487
510,261,17,1,25747,25764,25503
511,262,73,3,25764,25837,25575
512,263,14,1,25837,25851,25588
513,263,75,2,25851,25926,25663
514,264,37,1,25926,25963,25699
515,265,94,1,25963,26057,25792
516,265,63,3,26057,26120,25855
517,266,27,1,26120,26147,25881
518,267,78,1,26147,26225,25958
519,267,58,1,26225,26283,26016
520,268,24,3,26283,26307,26039
521,268,53,1,26307,26360,26092
522,268,45,2,26360,26405,26137
523,269,24,3,26405,26429,26160
524,270,74,1,26429,26503,26233
525,271,13,1,26503,26516,26245
526,272,80,3,26516,26596,26324
527,273,29,3,26596,26625,26352
528,274,74,1,26625,26699,26425
529,275,90,1,26699,26789,26514
530,276,85,3,26789,26874,26598
531,276,65,3,26874,26939,26663
532,277,87,3,26939,27026,26749
533,278,58,3,27026,27084,26806
534,279,37,3,27084,27121,26842
535,279,20,2,27121,27141,26862
536,280,84,2,27141,27225,26945
537,280,78,3,27225,27303,27023
538,281,25,1,27303,27328,27047
539,281,73,2,27328,27401,27120
540,282,73,2,27401,27474,27192
541,282,20,3,27474,27494,27212
542,282,58,1,27494,27552,27270
543,282,78,1,27552,27630,27348
544,283,67,1,27630,27697,27414
545,284,87,1,27697,27784,27500
546,285,19,3,27784,27803,27518
547,286,80,3,27803,27883,27597
548,286,72,1,27883,27955,27669
549,287,6,3,27955,27961,27674
550,288,20,1,27961,27981,27693
551,289,55,2,27981,28036,27747
552,290,95,2,28036,28131,27841
553,290,82,2,28131,28213,27923
554,291,45,2,28213,28258,27967
555,291,15,3,28258,28273,27982
556,291,86,1,28273,28359,28068
557,291,93,2,28359,28452,28161
558,292,39,1,28452,28491,28199
559,293,23,2,28491,28514,28221
560,293,85,2,28514,28599,28306
561,293,49,1,28599,28648,28355
562,293,75,1,28648,28723,28430
563,294,1,2,28723,28724,28430
564,295,82,1,28724,28806,28511
565,296,51,1,28806,28857,28561
566,296,26,3,28857,28883,28587
567,296,92,1,28883,28975,28679
568,296,58,3,28975,29033,28737
569,296,93,1,29033,29126,28830
570,296,16,2,29126,29142,28846
571,297,8,2,29142,29150,28853
572,298,80,2,29150,29230,28932
573,298,81,2,29230,29311,29013
574,298,46,3,29311,29357,29059
575,298,1,1,29357,29358,29060
576,299,18,3,29358,29376,29077
577,300,51,1,29376,29427,29127
578,301,46,2,29427,29473,29172
579,302,75,2,29473,29548,29246
580,302,78,2,29548,29626,29324
581,303,52,2,29626,29678,29375
582,304,76,3,29678,29754,29450
583,304,75,1,29754,29829,29525
584,304,3,1,29829,29832,29528
585,305,33,2,29832,29865,29560
586,305,95,2,29865,29960,29655
587,306,91,3,29960,30051,29745
588,307,63,2,30051,30114,29807
589,307,27,3,30114,30141,29834
590,307,95,3,30141,30236,29929
591,308,88,3,30236,30324,30016
592,308,80,3,30324,30404,30096
593,309,27,1,30404,30431,30122
594,310,63,1,30431,30494,30184
595,311,21,3,30494,30515,30204
596,312,52,3,30515,30567,30255
597,313,38,3,30567,30605,30292
598,314,8,3,30605,30613,30299
599,315,76,1,30613,30689,30374
600,315,73,1,30689,30762,30447
601,316,3,3,30762,30765,30449
602,317,41,1,30765,30806,30489
603,318,83,2,30806,30889,30571
604,319,94,1,30889,30983,30664
605,320,46,2,30983,31029,30709
606,320,76,1,31029,31105,30785
607,320,74,2,31105,31179,30859
608,320,40,1,31179,31219,30899
609,321,53,2,31219,31272,30951
610,321,89,2,31272,31361,31040
611,322,25,1,31361,31386,31064
612,323,92,2,31386,31478,31155
613,324,60,3,31478,31538,31214
614,325,30,1,31538,31568,31243
615,325,11,2,31568,31579,31254
616,326,34,1,31579,31613,31287
617,327,33,2,31613,31646,31319
618,328,21,3,31646,31667,31339
619,328,45,2,31667,31712,31384
620,328,69,1,31712,31781,31453
621,329,77,3,31781,31858,31529
622,330,57,1,31858,31915,31585
623,331,36,1,31915,31951,31620
624,331,3,2,31951,31954,31623
625,332,43,3,31954,31997,31665
626,333,67,1,31997,32064,31731
627,334,50,3,32064,32114,31780
628,335,65,1,32114,32179,31844
629,335,40,3,32179,32219,31884
630,336,8,3,32219,32227,31891
631,336,10,1,32227,32237,31901
632,336,93,1,32237,32330,31994
633,337,63,2,32330,32393,32056
634,338,47,2,32393,32440,32102
635,338,41,1,32440,32481,32143
636,338,93,1,32481,32574,32236
637,339,76,1,32574,32650,32311
638,339,1,1,32650,32651,32312
639,340,86,3,32651,32737,32397
640,341,8,1,32737,32745,32404
641,341,22,1,32745,32767,32426
642,341,23,1,32767,32790,32449
643,341,30,2,32790,32820,32479
644,342,79,1,32820,32899,32557
645,342,98,3,32899,32997,32655
646,343,25,3,32997,33022,32679
647,344,61,2,33022,33083,32739
648,344,99,2,33083,33182,32838
649,345,68,3,33182,33250,32905
650,346,64,3,33250,33314,32968
651,347,4,3,33314,33318,32971
652,348,61,2,33318,33379,33031
653,349,1,3,33379,33380,33031
654,349,90,2,33380,33470,33121
655,349,6,3,33470,33476,33127
656,350,95,1,33476,33571,33221
657,350,57,2,33571,33628,33278
658,351,38,2,33628,33666,33315
659,352,89,2,33666,33755,33403
660,352,69,1,33755,33824,33472
661,352,87,1,33824,33911,33559
662,352,41,2,33911,33952,33600
663,352,57,3,33952,34009,33657
664,353,11,2,34009,34020,33667
665,354,79,3,34020,34099,33745
666,354,85,3,34099,34184,33830
667,354,92,2,34184,34276,33922
668,354,7,2,34276,34283,33929
669,354,91,2,34283,34374,34020
670,354,55,3,34374,34429,34075
671,355,21,3,34429,34450,34095
672,355,58,3,34450,34508,34153
673,356,28,1,34508,34536,34180
674,357,56,2,34536,34592,34235
675,358,53,1,34592,34645,34287
676,359,33,3,34645,34678,34319
677,360,21,2,34678,34699,34339
678,360,30,2,34699,34729,34369
679,361,67,3,34729,34796,34435
680,362,8,1,34796,34804,34442
681,362,88,1,34804,34892,34530
682,363,90,1,34892,34982,34619
683,363,91,3,34982,35073,34710
684,364,18,1,35073,35091,34727
685,364,56,1,35091,35147,34783
686,365,74,1,35147,35221,34856
687,366,9,3,35221,35230,34864
688,366,24,1,35230,35254,34888
689,367,38,1,35254,35292,34925
690,367,11,3,35292,35303,34936
691,368,19,1,35303,35322,34954
692,369,22,1,35322,35344,34975
693,370,75,2,35344,35419,35049
694,371,97,3,35419,35516,35145
695,372,12,2,35516,35528,35156
696,373,0,1,35528,35528,35155
697,374,64,1,35528,35592,35218
698,375,53,1,35592,35645,35270
699,375,51,3,35645,35696,35321
700,375,85,3,35696,35781,35406
701,375,23,1,35781,35804,35429
702,376,67,1,35804,35871,35495
703,376,3,3,35871,35874,35498
704,377,31,3,35874,35905,35528
705,378,88,3,35905,35993,35615
706,378,62,3,35993,36055,35677
707,378,51,1,36055,36106,35728
708,379,14,1,36106,36120,35741
709,380,5,1,36120,36125,35745
710,381,26,2,36125,36151,35770
711,381,39,1,36151,36190,35809
712,382,22,1,36190,36212,35830
713,382,40,3,36212,36252,35870
714,382,45,3,36252,36297,35915
715,382,97,3,36297,36394,36012
716,382,10,2,36394,36404,36022
717,382,6,2,36404,36410,36028
718,383,30,2,36410,36440,36057
719,384,35,1,36440,36475,36091
720,384,42,1,36475,36517,36133
721,385,97,3,36517,36614,36229
722,386,15,2,36614,36629,36243
723,387,80,1,36629,36709,36322
724,388,11,3,36709,36720,36332
725,389,36,3,36720,36756,36367
726,390,12,2,36756,36768,36378
727,391,35,1,36768,36803,36412
728,391,79,3,36803,36882,36491
729,391,60,3,36882,36942,36551
730,391,14,3,36942,36956,36565
731,392,65,2,36956,37021,36629
732,393,17,1,37021,37038,36645
733,394,93,2,37038,37131,36737
734,395,87,3,37131,37218,36823
735,395,24,3,37218,37242,36847
736,395,85,1,37242,37327,36932
737,395,74,3,37327,37401,37006
738,396,17,3,37401,37418,37022
739,396,27,1,37418,37445,37049
740,396,78,1,37445,37523,37127
741,396,90,1,37523,37613,37217
742,396,37,3,37613,37650,37254
743,396,23,1,37650,37673,37277
744,396,39,3,37673,37712,37316
745,396,83,2,37712,37795,37399
746,397,22,3,37795,37817,37420
747,398,79,1,37817,37896,37498
748,399,1,1,37896,37897,37498
749,400,35,2,37897,37932,37532
750,401,25,1,37932,37957,37556
751,402,12,1,37957,37969,37567
752,403,13,2,37969,37982,37579
753,404,75,1,37982,38057,37653
754,405,18,1,38057,38075,37670
755,405,56,1,38075,38131,37726
756,406,12,3,38131,38143,37737
757,406,44,2,38143,38187,37781
758,407,86,1,38187,38273,37866
759,408,24,3,38273,38297,37889
760,409,75,1,38297,38372,37963
761,409,12,2,38372,38384,37975
762,410,51,3,38384,38435,38025
763,410,96,1,38435,38531,38121
764,410,12,2,38531,38543,38133
765,410,83,3,38543,38626,38216
766,411,80,3,38626,38706,38295
767,411,43,1,38706,38749,38338
768,412,97,2,38749,38846,38434
769,413,2,2,38846,38848,38435
770,414,26,1,38848,38874,38460
771,414,50,2,38874,38924,38510
772,414,2,2,38924,38926,38512
773,414,61,3,38926,38987,38573
774,414,95,3,38987,39082,38668
775,415,5,2,39082,39087,38672
776,416,18,2,39087,39105,38689
777,416,60,2,39105,39165,38749
778,416,20,3,39165,39185,38769
779,416,90,1,39185,39275,38859
780,417,23,2,39275,39298,38881
781,417,57,2,39298,39355,38938
782,417,58,2,39355,39413,38996
783,418,65,1,39413,39478,39060
784,418,67,1,39478,39545,39127
785,419,84,1,39545,39629,39210
786,420,85,3,39629,39714,39294
787,420,25,1,39714,39739,39319
788,420,2,1,39739,39741,39321
789,420,48,1,39741,39789,39369
790,420,86,2,39789,39875,39455
791,421,83,1,39875,39958,39537
792,421,26,3,39958,39984,39563
793,422,4,1,39984,39988,39566
794,422,51,3,39988,40039,39617
795,422,46,2,40039,40085,39663
796,422,88,1,40085,40173,39751
797,423,41,1,40173,40214,39791
798,424,86,3,40214,40300,39876
799,424,96,3,40300,40396,39972
800,425,80,3,40396,40476,40051
801,425,22,3,40476,40498,40073
802,425,14,2,40498,40512,40087
803,425,32,3,40512,40544,40119
804,426,90,2,40544,40634,40208
805,426,2,2,40634,40636,40210
806,426,88,1,40636,40724,40298
807,426,87,1,40724,40811,40385
808,427,76,1,40811,40887,40460
809,428,18,2,40887,40905,40477
810,429,86,3,40905,40991,40562
811,430,96,1,40991,41087,40657
812,431,35,2,41087,41122,40691
813,432,73,2,41122,41195,40763
814,433,37,1,41195,41232,40799
815,433,56,3,41232,41288,40855
816,434,69,3,41288,41357,40923
817,435,12,2,41357,41369,40934
818,435,82,1,41369,41451,41016
819,436,34,2,41451,41485,41049
820,436,36,1,41485,41521,41085
821,437,11,3,41521,41532,41095
822,438,51,1,41532,41583,41145
823,438,85,2,41583,41668,41230
824,439,60,3,41668,41728,41289
825,440,90,3,41728,41818,41378
826,440,47,2,41818,41865,41425
827,440,51,1,41865,41916,41476
828,441,97,2,41916,42013,41572
829,442,17,2,42013,42030,41588
830,443,99,3,42030,42129,41686
831,444,58,3,42129,42187,41743
832,444,40,3,42187,42227,41783
833,444,38,3,42227,42265,41821
834,444,100,2,42265,42365,41921
835,445,74,2,42365,42439,41994
836,445,3,3,42439,42442,41997
837,445,77,2,42442,42519,42074
838,446,18,2,42519,42537,42091
839,446,98,3,42537,42635,42189
840,446,40,1,42635,42675,42229
841,447,54,1,42675,42729,42282
842,448,55,3,42729,42784,42336
843,449,1,2,42784,42785,42336
844,450,97,2,42785,42882,42432
845,450,76,2,42882,42958,42508
846,451,81,1,42958,43039,42588
847,451,91,1,43039,43130,42679
848,451,58,2,43130,43188,42737
849,452,70,2,43188,43258,42806
850,452,16,2,43258,43274,42822
851,453,21,3,43274,43295,42842
852,453,89,2,43295,43384,42931
853,454,53,3,43384,43437,42983
854,454,32,2,43437,43469,43015
855,455,46,1,43469,43515,43060
856,456,71,2,43515,43586,43130
857,456,40,1,43586,43626,43170
858,456,75,2,43626,43701,43245
859,457,22,3,43701,43723,43266
860,458,26,3,43723,43749,43291
861,458,39,2,43749,43788,43330
862,459,48,3,43788,43836,43377
863,459,62,3,43836,43898,43439
864,460,9,1,43898,43907,43447
865,461,12,3,43907,43919,43458
866,461,2,2,43919,43921,43460
867,461,30,1,43921,43951,43490
868,461,76,2,43951,44027,43566
869,462,36,3,44027,44063,43601
870,463,19,2,44063,44082,43619
871,464,81,3,44082,44163,43699
872,465,94,3,44163,44257,43792
873,466,92,3,44257,44349,43883
874,467,45,1,44349,44394,43927
875,468,74,1,44394,44468,44000
876,468,90,2,44468,44558,44090
877,469,37,1,44558,44595,44126
878,469,43,2,44595,44638,44169
879,470,57,1,44638,44695,44225
880,471,17,3,44695,44712,44241
881,472,23,2,44712,44735,44263
882,473,95,3,44735,44830,44357
883,473,34,2,44830,44864,44391
884,474,94,2,44864,44958,44484
885,475,79,2,44958,45037,44562
886,475,65,2,45037,45102,44627
887,476,37,3,45102,45139,44663
888,476,55,1,45139,45194,44718
889,476,83,3,45194,45277,44801
890,477,13,2,45277,45290,44813
891,477,47,1,45290,45337,44860
892,478,3,1,45337,45340,44862
893,479,66,2,45340,45406,44927
894,479,12,1,45406,45418,44939
895,480,87,3,45418,45505,45025
896,481,83,2,45505,45588,45107
897,481,35,1,45588,45623,45142
898,481,3,2,45623,45626,45145
899,482,84,3,45626,45710,45228
900,483,56,2,45710,45766,45283
901,484,85,3,45766,45851,45367
902,485,28,3,45851,45879,45394
903,486,52,2,45879,45931,45445
904,487,36,3,45931,45967,45480
905,487,2,1,45967,45969,45482
906,488,86,2,45969,46055,45567
907,488,6,1,46055,46061,45573
908,489,80,1,46061,46141,45652
909,489,85,3,46141,46226,45737
910,489,62,3,46226,46288,45799
911,490,19,2,46288,46307,45817
912,491,70,3,46307,46377,45886
913,491,94,3,46377,46471,45980
914,492,50,1,46471,46521,46029
915,492,72,3,46521,46593,46101
916,492,3,1,46593,46596,46104
917,492,30,3,46596,46626,46134
918,492,57,2,46626,46683,46191
919,492,97,1,46683,46780,46288
920,493,10,2,46780,46790,46297
921,493,68,3,46790,46858,46365
922,493,99,2,46858,46957,46464
923,494,30,3,46957,46987,46493
924,494,2,2,46987,46989,46495
925,495,34,3,46989,47023,46528
926,495,28,3,47023,47051,46556
927,496,69,3,47051,47120,46624
928,497,38,2,47120,47158,46661
929,498,26,1,47158,47184,46686
930,498,2,1,47184,47186,46688
931,498,79,1,47186,47265,46767
932,499,96,1,47265,47361,46862
933,499,25,3,47361,47386,46887
934,499,13,2,47386,47399,46900
935,500,24,3,47399,47423,46923
936,501,20,1,47423,47443,46942
937,501,43,1,47443,47486,46985
938,501,52,3,47486,47538,47037
939,501,64,1,47538,47602,47101
940,502,30,1,47602,47632,47130
941,503,50,1,47632,47682,47179
942,504,71,1,47682,47753,47249
943,504,73,2,47753,47826,47322
944,504,73,1,47826,47899,47395
945,504,53,3,47899,47952,47448
946,504,62,2,47952,48014,47510
947,505,7,3,48014,48021,47516
948,505,89,1,48021,48110,47605
949,505,58,1,48110,48168,47663
950,505,82,2,48168,48250,47745
951,505,93,1,48250,48343,47838
952,505,22,1,48343,48365,47860
953,505,31,3,48365,48396,47891
954,506,78,1,48396,48474,47968
955,507,0,2,48474,48474,47967
956,507,42,1,48474,48516,48009
957,508,19,3,48516,48535,48027
958,508,70,2,48535,48605,48097
959,509,98,3,48605,48703,48194
960,510,22,2,48703,48725,48215
961,510,90,3,48725,48815,48305
962,511,79,1,48815,48894,48383
963,512,43,1,48894,48937,48425
964,513,30,3,48937,48967,48454
965,513,6,1,48967,48973,48460
966,513,52,1,48973,49025,48512
967,513,90,1,49025,49115,48602
968,513,90,3,49115,49205,48692
969,513,50,2,49205,49255,48742
970,514,90,1,49255,49345,48831
971,515,22,1,49345,49367,48852
972,515,98,3,49367,49465,48950
973,515,63,2,49465,49528,49013
974,516,24,2,49528,49552,49036
975,517,63,3,49552,49615,49098
976,518,4,2,49615,49619,49101
977,519,91,2,49619,49710,49191
978,520,31,2,49710,49741,49221
979,521,23,3,49741,49764,49243
980,522,48,1,49764,49812,49290
981,522,9,1,49812,49821,49299
982,522,58,2,49821,49879,49357
983,523,59,1,49879,49938,49415
984,524,32,3,49938,49970,49446
985,525,63,3,49970,50033,49508
986,526,38,3,50033,50071,49545
987,526,59,3,50071,50130,49604
988,526,5,2,50130,50135,49609
989,526,29,1,50135,50164,49638
990,526,4,3,50164,50168,49642
991,526,54,1,50168,50222,49696
992,527,2,3,50222,50224,49697
993,528,70,2,50224,50294,49766
994,529,61,2,50294,50355,49826
995,530,94,1,50355,50449,49919
996,531,14,2,50449,50463,49932
997,532,86,2,50463,50549,50017
998,533,0,1,50549,50549,50016
999,533,42,3,50549,50591,50058
Average turn around time,25117.532,,,,,
