Job ID,Arrival,Burst,Priority,Start,End,Turn Around
0,0,100,1,0,100,100
1,1,15,3,100,115,114
2,2,29,1,115,144,142
3,3,87,1,144,231,228
4,3,35,3,231,266,263
5,4,67,1,266,333,329
6,5,15,1,333,348,343
7,5,15,2,348,363,358
8,5,30,2,363,393,388
10,6,81,1,393,474,468
9,6,92,1,474,566,560
11,6,72,3,566,638,632
12,7,50,1,638,688,681
13,8,34,3,688,722,714
15,9,47,1,722,769,760
14,9,80,3,769,849,840
16,10,94,2,849,943,933
17,11,34,1,943,977,966
18,11,89,2,977,1066,1055
20,12,44,1,1066,1110,1098
19,12,56,3,1110,1166,1154
21,13,6,1,1166,1172,1159
22,13,71,1,1172,1243,1230
23,14,30,1,1243,1273,1259
26,14,71,1,1273,1344,1330
24,14,79,1,1344,1423,1409
25,14,1,3,1423,1424,1410
28,15,80,2,1424,1504,1489
27,15,9,3,1504,1513,1498
29,16,34,2,1513,1547,1531
30,17,70,3,1547,1617,1600
31,18,34,3,1617,1651,1633
32,19,58,3,1651,1709,1690
33,20,89,2,1709,1798,1778
34,21,55,1,1798,1853,1832
35,22,64,1,1853,1917,1895
36,23,77,3,1917,1994,1971
38,24,96,1,1994,2090,2066
41,24,2,2,2090,2092,2068
42,24,17,2,2092,2109,2085
37,24,18,2,2109,2127,2103
39,24,24,2,2127,2151,2127
40,24,83,2,2151,2234,2210
43,25,84,1,2234,2318,2293
45,25,9,2,2318,2327,2302
44,25,40,3,2327,2367,2342
46,26,83,3,2367,2450,2424
47,27,0,3,2450,2450,2423
48,28,57,1,2450,2507,2479
49,29,2,1,2507,2509,2480
50,29,62,1,2509,2571,2542
51,30,51,1,2571,2622,2592
52,31,24,1,2622,2646,2615
53,32,23,1,2646,2669,2637
54,32,68,2,2669,2737,2705
55,32,0,3,2737,2737,2705
56,32,8,3,2737,2745,2713
57,33,15,1,2745,2760,2727
58,33,67,1,2760,2827,2794
59,33,28,2,2827,2855,2822
60,34,9,1,2855,2864,2830
62,35,3,1,2864,2867,2832
61,35,65,2,2867,2932,2897
63,36,2,3,2932,2934,2898
66,37,46,1,2934,2980,2943
65,37,98,1,2980,3078,3041
64,37,57,3,3078,3135,3098
67,38,43,3,3135,3178,3140
68,39,31,1,3178,3209,3170
69,40,64,2,3209,3273,3233
71,41,99,2,3273,3372,3331
70,41,42,3,3372,3414,3373
72,42,34,2,3414,3448,3406
73,42,82,3,3448,3530,3488
74,43,47,2,3530,3577,3534
75,43,57,2,3577,3634,3591
76,44,47,3,3634,3681,3637
77,45,100,3,3681,3781,3736
79,46,46,1,3781,3827,3781
78,46,24,2,3827,3851,3805
80,46,85,3,3851,3936,3890
82,47,76,1,3936,4012,3965
81,47,56,2,4012,4068,4021
83,48,34,2,4068,4102,4054
84,48,80,2,4102,4182,4134
85,48,30,3,4182,4212,4164
86,48,73,3,4212,4285,4237
87,49,57,1,4285,4342,4293
89,50,22,3,4342,4364,4314
90,50,23,3,4364,4387,4337
88,50,75,3,4387,4462,4412
91,51,51,3,4462,4513,4462
92,52,1,2,4513,4514,4462
94,52,9,3,4514,4523,4471
93,52,28,3,4523,4551,4499
96,53,19,1,4551,4570,4517
95,53,67,1,4570,4637,4584
97,53,40,3,4637,4677,4624
98,54,93,2,4677,4770,4716
99,54,13,3,4770,4783,4729
100,54,69,3,4783,4852,4798
102,55,73,3,4852,4925,4870
101,55,74,3,4925,4999,4944
104,56,0,3,4999,4999,4943
103,56,43,3,4999,5042,4986
105,57,26,3,5042,5068,5011
106,58,80,3,5068,5148,5090
107,59,36,2,5148,5184,5125
108,60,1,1,5184,5185,5125
110,61,17,2,5185,5202,5141
109,61,65,2,5202,5267,5206
115,62,28,2,5267,5295,5233
111,62,44,2,5295,5339,5277
112,62,99,2,5339,5438,5376
113,62,21,3,5438,5459,5397
114,62,35,3,5459,5494,5432
117,63,49,1,5494,5543,5480
116,63,32,3,5543,5575,5512
118,64,95,3,5575,5670,5606
119,65,92,1,5670,5762,5697
120,66,27,2,5762,5789,5723
121,66,11,3,5789,5800,5734
123,67,51,1,5800,5851,5784
122,67,43,3,5851,5894,5827
124,68,39,3,5894,5933,5865
125,69,57,3,5933,5990,5921
128,70,37,1,5990,6027,5957
127,70,84,1,6027,6111,6041
126,70,86,1,6111,6197,6127
129,71,100,1,6197,6297,6226
131,71,17,2,6297,6314,6243
130,71,8,3,6314,6322,6251
132,71,54,3,6322,6376,6305
133,72,77,1,6376,6453,6381
134,72,80,1,6453,6533,6461
135,73,94,1,6533,6627,6554
136,73,23,3,6627,6650,6577
137,74,67,2,6650,6717,6643
140,75,94,1,6717,6811,6736
141,75,5,2,6811,6816,6741
139,75,28,2,6816,6844,6769
138,75,95,2,6844,6939,6864
142,76,16,1,6939,6955,6879
144,76,29,1,6955,6984,6908
143,76,96,1,6984,7080,7004
146,77,32,1,7080,7112,7035
147,77,92,1,7112,7204,7127
145,77,4,2,7204,7208,7131
149,78,93,1,7208,7301,7223
148,78,53,2,7301,7354,7276
150,79,92,3,7354,7446,7367
151,80,81,3,7446,7527,7447
153,81,35,1,7527,7562,7481
152,81,55,1,7562,7617,7536
155,82,24,2,7617,7641,7559
154,82,44,3,7641,7685,7603
156,83,18,2,7685,7703,7620
157,84,57,2,7703,7760,7676
158,84,89,3,7760,7849,7765
159,85,22,2,7849,7871,7786
162,86,43,2,7871,7914,7828
160,86,65,2,7914,7979,7893
161,86,84,2,7979,8063,7977
163,87,87,1,8063,8150,8063
165,88,84,1,8150,8234,8146
167,88,88,1,8234,8322,8234
166,88,100,1,8322,8422,8334
164,88,65,2,8422,8487,8399
168,89,57,1,8487,8544,8455
169,90,39,2,8544,8583,8493
170,91,39,3,8583,8622,8531
171,92,14,1,8622,8636,8544
172,93,44,3,8636,8680,8587
173,94,19,3,8680,8699,8605
175,95,3,2,8699,8702,8607
174,95,46,2,8702,8748,8653
176,95,18,3,8748,8766,8671
177,96,8,3,8766,8774,8678
178,96,92,3,8774,8866,8770
179,97,8,1,8866,8874,8777
180,98,59,1,8874,8933,8835
181,99,2,2,8933,8935,8836
182,99,11,3,8935,8946,8847
183,100,84,1,8946,9030,8930
184,100,4,2,9030,9034,8934
186,100,89,2,9034,9123,9023
187,100,39,3,9123,9162,9062
185,100,54,3,9162,9216,9116
188,101,56,3,9216,9272,9171
190,102,50,1,9272,9322,9220
193,102,21,2,9322,9343,9241
192,102,74,2,9343,9417,9315
191,102,17,3,9417,9434,9332
189,102,41,3,9434,9475,9373
196,103,14,1,9475,9489,9386
197,103,31,1,9489,9520,9417
194,103,63,1,9520,9583,9480
200,103,3,2,9583,9586,9483
199,103,69,2,9586,9655,9552
198,103,89,2,9655,9744,9641
195,103,31,3,9744,9775,9672
201,104,26,3,9775,9801,9697
202,105,65,2,9801,9866,9761
204,106,45,1,9866,9911,9805
203,106,12,2,9911,9923,9817
205,107,35,3,9923,9958,9851
206,108,63,1,9958,10021,9913
207,109,92,3,10021,10113,10004
209,110,30,2,10113,10143,10033
208,110,35,3,10143,10178,10068
211,111,6,2,10178,10184,10073
210,111,18,2,10184,10202,10091
212,112,90,3,10202,10292,10180
213,113,49,3,10292,10341,10228
214,114,53,3,10341,10394,10280
215,114,92,3,10394,10486,10372
216,115,70,2,10486,10556,10441
218,116,81,1,10556,10637,10521
217,116,21,3,10637,10658,10542
220,117,47,2,10658,10705,10588
219,117,85,2,10705,10790,10673
221,118,77,1,10790,10867,10749
223,118,92,2,10867,10959,10841
222,118,99,3,10959,11058,10940
224,119,50,2,11058,11108,10989
225,120,34,2,11108,11142,11022
226,121,61,1,11142,11203,11082
228,122,69,1,11203,11272,11150
227,122,95,3,11272,11367,11245
229,123,95,2,11367,11462,11339
230,124,12,2,11462,11474,11350
231,125,94,2,11474,11568,11443
232,126,43,3,11568,11611,11485
233,127,62,2,11611,11673,11546
234,128,53,3,11673,11726,11598
235,129,91,2,11726,11817,11688
236,130,86,3,11817,11903,11773
237,131,58,3,11903,11961,11830
238,132,93,1,11961,12054,11922
239,132,66,3,12054,12120,11988
241,133,13,1,12120,12133,12000
240,133,77,3,12133,12210,12077
243,134,49,1,12210,12259,12125
242,134,69,3,12259,12328,12194
244,135,65,3,12328,12393,12258
245,135,67,3,12393,12460,12325
246,136,18,2,12460,12478,12342
247,136,97,2,12478,12575,12439
249,137,69,3,12575,12644,12507
248,137,97,3,12644,12741,12604
250,138,46,2,12741,12787,12649
251,139,41,1,12787,12828,12689
252,140,97,1,12828,12925,12785
253,141,28,1,12925,12953,12812
254,142,14,1,12953,12967,12825
255,142,69,2,12967,13036,12894
256,143,91,1,13036,13127,12984
258,144,56,2,13127,13183,13039
259,144,67,2,13183,13250,13106
257,144,16,3,13250,13266,13122
260,145,87,3,13266,13353,13208
262,146,41,1,13353,13394,13248
265,146,55,1,13394,13449,13303
263,146,79,1,13449,13528,13382
264,146,38,2,13528,13566,13420
261,146,74,2,13566,13640,13494
266,147,24,2,13640,13664,13517
267,148,7,3,13664,13671,13523
268,149,71,1,13671,13742,13593
270,149,91,1,13742,13833,13684
271,149,92,1,13833,13925,13776
269,149,16,3,13925,13941,13792
275,150,42,1,13941,13983,13833
276,150,63,2,13983,14046,13896
273,150,16,3,14046,14062,13912
274,150,22,3,14062,14084,13934
272,150,42,3,14084,14126,13976
277,151,5,3,14126,14131,13980
278,152,8,3,14131,14139,13987
279,153,16,3,14139,14155,14002
280,153,95,3,14155,14250,14097
282,154,0,1,14250,14250,14096
281,154,37,1,14250,14287,14133
283,155,96,1,14287,14383,14228
284,156,94,1,14383,14477,14321
285,157,52,1,14477,14529,14372
286,158,24,3,14529,14553,14395
287,159,79,1,14553,14632,14473
288,160,14,2,14632,14646,14486
291,161,36,1,14646,14682,14521
289,161,92,1,14682,14774,14613
290,161,81,2,14774,14855,14694
293,162,31,1,14855,14886,14724
298,162,65,2,14886,14951,14789
292,162,82,2,14951,15033,14871
299,162,4,3,15033,15037,14875
294,162,12,3,15037,15049,14887
297,162,27,3,15049,15076,14914
295,162,47,3,15076,15123,14961
296,162,54,3,15123,15177,15015
300,163,32,3,15177,15209,15046
305,164,50,1,15209,15259,15095
301,164,97,1,15259,15356,15192
302,164,47,2,15356,15403,15239
304,164,48,2,15403,15451,15287
303,164,41,3,15451,15492,15328
306,165,37,2,15492,15529,15364
308,166,31,1,15529,15560,15394
307,166,87,2,15560,15647,15481
309,167,67,3,15647,15714,15547
311,168,23,1,15714,15737,15569
310,168,83,1,15737,15820,15652
312,169,50,1,15820,15870,15701
313,170,4,1,15870,15874,15704
314,170,7,1,15874,15881,15711
315,171,79,1,15881,15960,15789
316,171,82,2,15960,16042,15871
317,172,98,1,16042,16140,15968
319,172,30,2,16140,16170,15998
318,172,93,2,16170,16263,16091
320,172,60,3,16263,16323,16151
321,173,19,1,16323,16342,16169
326,174,16,1,16342,16358,16184
324,174,32,1,16358,16390,16216
322,174,37,2,16390,16427,16253
327,174,87,2,16427,16514,16340
323,174,89,3,16514,16603,16429
325,174,98,3,16603,16701,16527
328,175,47,3,16701,16748,16573
329,176,11,2,16748,16759,16583
332,177,89,2,16759,16848,16671
330,177,90,2,16848,16938,16761
333,177,29,3,16938,16967,16790
331,177,33,3,16967,17000,16823
334,177,70,3,17000,17070,16893
336,178,19,1,17070,17089,16911
335,178,87,1,17089,17176,16998
337,178,73,3,17176,17249,17071
338,178,86,3,17249,17335,17157
339,179,95,1,17335,17430,17251
341,179,0,2,17430,17430,17251
340,179,74,3,17430,17504,17325
342,180,94,1,17504,17598,17418
343,180,10,3,17598,17608,17428
344,180,77,3,17608,17685,17505
347,181,73,1,17685,17758,17577
346,181,57,2,17758,17815,17634
345,181,93,2,17815,17908,17727
348,181,98,3,17908,18006,17825
350,182,51,2,18006,18057,17875
349,182,98,2,18057,18155,17973
351,183,76,3,18155,18231,18048
352,184,71,3,18231,18302,18118
353,185,18,1,18302,18320,18135
355,186,93,2,18320,18413,18227
354,186,22,3,18413,18435,18249
356,187,27,2,18435,18462,18275
357,188,11,2,18462,18473,18285
360,189,57,1,18473,18530,18341
359,189,88,1,18530,18618,18429
358,189,78,3,18618,18696,18507
361,190,100,1,18696,18796,18606
362,191,55,1,18796,18851,18660
363,192,3,3,18851,18854,18662
364,193,36,3,18854,18890,18697
366,194,97,2,18890,18987,18793
365,194,6,3,18987,18993,18799
370,195,4,1,18993,18997,18802
369,195,6,1,18997,19003,18808
372,195,83,2,19003,19086,18891
367,195,21,3,19086,19107,18912
371,195,26,3,19107,19133,18938
368,195,45,3,19133,19178,18983
373,196,64,1,19178,19242,19046
374,196,79,1,19242,19321,19125
378,197,17,1,19321,19338,19141
375,197,32,2,19338,19370,19173
376,197,37,3,19370,19407,19210
377,197,95,3,19407,19502,19305
379,198,52,2,19502,19554,19356
382,199,28,1,19554,19582,19383
381,199,5,3,19582,19587,19388
380,199,16,3,19587,19603,19404
383,200,59,3,19603,19662,19462
384,200,93,3,19662,19755,19555
386,201,4,2,19755,19759,19558
387,201,17,2,19759,19776,19575
385,201,96,2,19776,19872,19671
388,202,39,1,19872,19911,19709
389,203,39,3,19911,19950,19747
390,204,45,3,19950,19995,19791
392,205,17,1,19995,20012,19807
391,205,32,1,20012,20044,19839
393,205,58,2,20044,20102,19897
396,205,71,2,20102,20173,19968
395,205,32,3,20173,20205,20000
394,205,51,3,20205,20256,20051
397,206,85,2,20256,20341,20135
398,207,67,3,20341,20408,20201
399,208,94,1,20408,20502,20294
400,208,90,3,20502,20592,20384
401,209,1,3,20592,20593,20384
402,210,85,1,20593,20678,20468
404,210,56,2,20678,20734,20524
405,210,91,2,20734,20825,20615
403,210,53,3,20825,20878,20668
406,210,53,3,20878,20931,20721
407,211,64,1,20931,20995,20784
408,212,49,1,20995,21044,20832
409,213,16,2,21044,21060,20847
410,213,73,3,21060,21133,20920
411,214,57,3,21133,21190,20976
414,215,8,1,21190,21198,20983
412,215,13,3,21198,21211,20996
413,215,87,3,21211,21298,21083
417,216,69,1,21298,21367,21151
416,216,5,3,21367,21372,21156
415,216,100,3,21372,21472,21256
419,217,10,1,21472,21482,21265
421,217,47,1,21482,21529,21312
418,217,60,2,21529,21589,21372
420,217,73,3,21589,21662,21445
422,218,57,1,21662,21719,21501
423,219,68,1,21719,21787,21568
424,220,20,1,21787,21807,21587
431,221,28,1,21807,21835,21614
425,221,67,1,21835,21902,21681
428,221,8,2,21902,21910,21689
433,221,40,2,21910,21950,21729
432,221,49,2,21950,21999,21778
426,221,71,2,21999,22070,21849
430,221,14,3,22070,22084,21863
427,221,16,3,22084,22100,21879
429,221,82,3,22100,22182,21961
434,222,3,3,22182,22185,21963
436,223,40,1,22185,22225,22002
435,223,75,1,22225,22300,22077
437,224,35,3,22300,22335,22111
438,225,78,2,22335,22413,22188
439,226,66,2,22413,22479,22253
440,227,7,2,22479,22486,22259
441,228,43,2,22486,22529,22301
444,229,24,2,22529,22553,22324
442,229,100,2,22553,22653,22424
443,229,28,3,22653,22681,22452
447,230,2,1,22681,22683,22453
446,230,38,1,22683,22721,22491
448,230,94,1,22721,22815,22585
450,230,97,1,22815,22912,22682
445,230,27,2,22912,22939,22709
449,230,30,2,22939,22969,22739
451,230,19,3,22969,22988,22758
452,231,55,2,22988,23043,22812
453,232,31,2,23043,23074,22842
454,232,18,3,23074,23092,22860
456,233,38,1,23092,23130,22897
455,233,38,2,23130,23168,22935
457,234,41,1,23168,23209,22975
458,234,73,1,23209,23282,23048
460,235,20,1,23282,23302,23067
459,235,23,3,23302,23325,23090
462,236,72,1,23325,23397,23161
461,236,50,3,23397,23447,23211
463,236,57,3,23447,23504,23268
465,237,16,1,23504,23520,23283
464,237,17,2,23520,23537,23300
466,237,39,3,23537,23576,23339
467,238,40,1,23576,23616,23378
468,238,66,3,23616,23682,23444
469,239,58,2,23682,23740,23501
470,240,30,1,23740,23770,23530
471,240,15,3,23770,23785,23545
472,241,86,2,23785,23871,23630
473,242,69,1,23871,23940,23698
474,242,56,2,23940,23996,23754
475,243,48,2,23996,24044,23801
476,244,34,1,24044,24078,23834
479,245,4,1,24078,24082,23837
478,245,64,1,24082,24146,23901
477,245,4,3,24146,24150,23905
481,246,54,1,24150,24204,23958
480,246,89,2,24204,24293,24047
482,247,84,3,24293,24377,24130
484,248,24,1,24377,24401,24153
483,248,28,3,24401,24429,24181
486,249,34,2,24429,24463,24214
485,249,36,3,24463,24499,24250
487,250,29,3,24499,24528,24278
488,251,76,3,24528,24604,24353
490,252,10,1,24604,24614,24362
491,252,48,1,24614,24662,24410
489,252,72,1,24662,24734,24482
492,253,46,1,24734,24780,24527
493,253,81,2,24780,24861,24608
494,254,75,3,24861,24936,24682
498,255,48,1,24936,24984,24729
500,255,13,2,24984,24997,24742
495,255,44,2,24997,25041,24786
499,255,62,3,25041,25103,24848
501,255,63,3,25103,25166,24911
496,255,88,3,25166,25254,24999
497,255,91,3,25254,25345,25090
502,256,51,2,25345,25396,25140
503,257,25,2,25396,25421,25164
505,258,63,1,25421,25484,25226
504,258,72,2,25484,25556,25298
506,258,1,3,25556,25557,25299
507,258,94,3,25557,25651,25393
508,259,3,1,25651,25654,25395
509,260,93,3,25654,25747,25487
510,261,17,1,25747,25764,25503
511,262,73,3,25764,25837,25575
512,263,14,1,25837,25851,25588
513,263,75,2,25851,25926,25663
514,264,37,1,25926,25963,25699
515,265,94,1,25963,26057,25792
516,265,63,3,26057,26120,25855
517,266,27,1,26120,26147,25881
519,267,58,1,26147,26205,25938
518,267,78,1,26205,26283,26016
521,268,53,1,26283,26336,26068
522,268,45,2,26336,26381,26113
520,268,24,3,26381,26405,26137
523,269,24,3,26405,26429,26160
524,270,74,1,26429,26503,26233
525,271,13,1,26503,26516,26245
526,272,80,3,26516,26596,26324
527,273,29,3,26596,26625,26352
528,274,74,1,26625,26699,26425
529,275,90,1,26699,26789,26514
531,276,65,3,26789,26854,26578
530,276,85,3,26854,26939,26663
532,277,87,3,26939,27026,26749
533,278,58,3,27026,27084,26806
535,279,20,2,27084,27104,26825
534,279,37,3,27104,27141,26862
536,280,84,2,27141,27225,26945
537,280,78,3,27225,27303,27023
538,281,25,1,27303,27328,27047
539,281,73,2,27328,27401,27120
542,282,58,1,27401,27459,27177
543,282,78,1,27459,27537,27255
540,282,73,2,27537,27610,27328
541,282,20,3,27610,27630,27348
544,283,67,1,27630,27697,27414
545,284,87,1,27697,27784,27500
546,285,19,3,27784,27803,27518
548,286,72,1,27803,27875,27589
547,286,80,3,27875,27955,27669
549,287,6,3,27955,27961,27674
550,288,20,1,27961,27981,27693
551,289,55,2,27981,28036,27747
553,290,82,2,28036,28118,27828
552,290,95,2,28118,28213,27923
556,291,86,1,28213,28299,28008
554,291,45,2,28299,28344,28053
557,291,93,2,28344,28437,28146
555,291,15,3,28437,28452,28161
558,292,39,1,28452,28491,28199
561,293,49,1,28491,28540,28247
562,293,75,1,28540,28615,28322
559,293,23,2,28615,28638,28345
560,293,85,2,28638,28723,28430
563,294,1,2,28723,28724,28430
564,295,82,1,28724,28806,28511
565,296,51,1,28806,28857,28561
567,296,92,1,28857,28949,28653
569,296,93,1,28949,29042,28746
570,296,16,2,29042,29058,28762
566,296,26,3,29058,29084,28788
568,296,58,3,29084,29142,28846
571,297,8,2,29142,29150,28853
575,298,1,1,29150,29151,28853
572,298,80,2,29151,29231,28933
573,298,81,2,29231,29312,29014
574,298,46,3,29312,29358,29060
576,299,18,3,29358,29376,29077
577,300,51,1,29376,29427,29127
578,301,46,2,29427,29473,29172
579,302,75,2,29473,29548,29246
580,302,78,2,29548,29626,29324
581,303,52,2,29626,29678,29375
584,304,3,1,29678,29681,29377
583,304,75,1,29681,29756,29452
582,304,76,3,29756,29832,29528
585,305,33,2,29832,29865,29560
586,305,95,2,29865,29960,29655
587,306,91,3,29960,30051,29745
588,307,63,2,30051,30114,29807
589,307,27,3,30114,30141,29834
590,307,95,3,30141,30236,29929
592,308,80,3,30236,30316,30008
591,308,88,3,30316,30404,30096
593,309,27,1,30404,30431,30122
594,310,63,1,30431,30494,30184
595,311,21,3,30494,30515,30204
596,312,52,3,30515,30567,30255
597,313,38,3,30567,30605,30292
598,314,8,3,30605,30613,30299
600,315,73,1,30613,30686,30371
599,315,76,1,30686,30762,30447
601,316,3,3,30762,30765,30449
602,317,41,1,30765,30806,30489
603,318,83,2,30806,30889,30571
604,319,94,1,30889,30983,30664
608,320,40,1,30983,31023,30703
606,320,76,1,31023,31099,30779
605,320,46,2,31099,31145,30825
607,320,74,2,31145,31219,30899
609,321,53,2,31219,31272,30951
610,321,89,2,31272,31361,31040
611,322,25,1,31361,31386,31064
612,323,92,2,31386,31478,31155
613,324,60,3,31478,31538,31214
614,325,30,1,31538,31568,31243
615,325,11,2,31568,31579,31254
616,326,34,1,31579,31613,31287
617,327,33,2,31613,31646,31319
620,328,69,1,31646,31715,31387
619,328,45,2,31715,31760,31432
618,328,21,3,31760,31781,31453
621,329,77,3,31781,31858,31529
622,330,57,1,31858,31915,31585
623,331,36,1,31915,31951,31620
624,331,3,2,31951,31954,31623
625,332,43,3,31954,31997,31665
626,333,67,1,31997,32064,31731
627,334,50,3,32064,32114,31780
628,335,65,1,32114,32179,31844
629,335,40,3,32179,32219,31884
631,336,10,1,32219,32229,31893
632,336,93,1,32229,32322,31986
630,336,8,3,32322,32330,31994
633,337,63,2,32330,32393,32056
635,338,41,1,32393,32434,32096
636,338,93,1,32434,32527,32189
634,338,47,2,32527,32574,32236
638,339,1,1,32574,32575,32236
637,339,76,1,32575,32651,32312
639,340,86,3,32651,32737,32397
640,341,8,1,32737,32745,32404
641,341,22,1,32745,32767,32426
642,341,23,1,32767,32790,32449
643,341,30,2,32790,32820,32479
644,342,79,1,32820,32899,32557
645,342,98,3,32899,32997,32655
646,343,25,3,32997,33022,32679
647,344,61,2,33022,33083,32739
648,344,99,2,33083,33182,32838
649,345,68,3,33182,33250,32905
650,346,64,3,33250,33314,32968
651,347,4,3,33314,33318,32971
652,348,61,2,33318,33379,33031
654,349,90,2,33379,33469,33120
653,349,1,3,33469,33470,33121
655,349,6,3,33470,33476,33127
656,350,95,1,33476,33571,33221
657,350,57,2,33571,33628,33278
658,351,38,2,33628,33666,33315
660,352,69,1,33666,33735,33383
661,352,87,1,33735,33822,33470
662,352,41,2,33822,33863,33511
659,352,89,2,33863,33952,33600
663,352,57,3,33952,34009,33657
664,353,11,2,34009,34020,33667
668,354,7,2,34020,34027,33673
669,354,91,2,34027,34118,33764
667,354,92,2,34118,34210,33856
670,354,55,3,34210,34265,33911
665,354,79,3,34265,34344,33990
666,354,85,3,34344,34429,34075
671,355,21,3,34429,34450,34095
672,355,58,3,34450,34508,34153
673,356,28,1,34508,34536,34180
674,357,56,2,34536,34592,34235
675,358,53,1,34592,34645,34287
676,359,33,3,34645,34678,34319
677,360,21,2,34678,34699,34339
678,360,30,2,34699,34729,34369
679,361,67,3,34729,34796,34435
680,362,8,1,34796,34804,34442
681,362,88,1,34804,34892,34530
682,363,90,1,34892,34982,34619
683,363,91,3,34982,35073,34710
684,364,18,1,35073,35091,34727
685,364,56,1,35091,35147,34783
686,365,74,1,35147,35221,34856
688,366,24,1,35221,35245,34879
687,366,9,3,35245,35254,34888
689,367,38,1,35254,35292,34925
690,367,11,3,35292,35303,34936
691,368,19,1,35303,35322,34954
692,369,22,1,35322,35344,34975
693,370,75,2,35344,35419,35049
694,371,97,3,35419,35516,35145
695,372,12,2,35516,35528,35156
696,373,0,1,35528,35528,35155
697,374,64,1,35528,35592,35218
701,375,23,1,35592,35615,35240
698,375,53,1,35615,35668,35293
699,375,51,3,35668,35719,35344
700,375,85,3,35719,35804,35429
702,376,67,1,35804,35871,35495
703,376,3,3,35871,35874,35498
704,377,31,3,35874,35905,35528
707,378,51,1,35905,35956,35578
706,378,62,3,35956,36018,35640
705,378,88,3,36018,36106,35728
708,379,14,1,36106,36120,35741
709,380,5,1,36120,36125,35745
711,381,39,1,36125,36164,35783
710,381,26,2,36164,36190,35809
712,382,22,1,36190,36212,35830
717,382,6,2,36212,36218,35836
716,382,10,2,36218,36228,35846
713,382,40,3,36228,36268,35886
714,382,45,3,36268,36313,35931
715,382,97,3,36313,36410,36028
718,383,30,2,36410,36440,36057
719,384,35,1,36440,36475,36091
720,384,42,1,36475,36517,36133
721,385,97,3,36517,36614,36229
722,386,15,2,36614,36629,36243
723,387,80,1,36629,36709,36322
724,388,11,3,36709,36720,36332
725,389,36,3,36720,36756,36367
726,390,12,2,36756,36768,36378
727,391,35,1,36768,36803,36412
730,391,14,3,36803,36817,36426
729,391,60,3,36817,36877,36486
728,391,79,3,36877,36956,36565
731,392,65,2,36956,37021,36629
732,393,17,1,37021,37038,36645
733,394,93,2,37038,37131,36737
736,395,85,1,37131,37216,36821
735,395,24,3,37216,37240,36845
737,395,74,3,37240,37314,36919
734,395,87,3,37314,37401,37006
743,396,23,1,37401,37424,37028
739,396,27,1,37424,37451,37055
740,396,78,1,37451,37529,37133
741,396,90,1,37529,37619,37223
745,396,83,2,37619,37702,37306
738,396,17,3,37702,37719,37323
742,396,37,3,37719,37756,37360
744,396,39,3,37756,37795,37399
746,397,22,3,37795,37817,37420
747,398,79,1,37817,37896,37498
748,399,1,1,37896,37897,37498
749,400,35,2,37897,37932,37532
750,401,25,1,37932,37957,37556
751,402,12,1,37957,37969,37567
752,403,13,2,37969,37982,37579
753,404,75,1,37982,38057,37653
754,405,18,1,38057,38075,37670
755,405,56,1,38075,38131,37726
757,406,44,2,38131,38175,37769
756,406,12,3,38175,38187,37781
758,407,86,1,38187,38273,37866
759,408,24,3,38273,38297,37889
760,409,75,1,38297,38372,37963
761,409,12,2,38372,38384,37975
763,410,96,1,38384,38480,38070
764,410,12,2,38480,38492,38082
762,410,51,3,38492,38543,38133
765,410,83,3,38543,38626,38216
767,411,43,1,38626,38669,38258
766,411,80,3,38669,38749,38338
768,412,97,2,38749,38846,38434
769,413,2,2,38846,38848,38435
770,414,26,1,38848,38874,38460
772,414,2,2,38874,38876,38462
771,414,50,2,38876,38926,38512
773,414,61,3,38926,38987,38573
774,414,95,3,38987,39082,38668
775,415,5,2,39082,39087,38672
779,416,90,1,39087,39177,38761
776,416,18,2,39177,39195,38779
777,416,60,2,39195,39255,38839
778,416,20,3,39255,39275,38859
780,417,23,2,39275,39298,38881
781,417,57,2,39298,39355,38938
782,417,58,2,39355,39413,38996
783,418,65,1,39413,39478,39060
784,418,67,1,39478,39545,39127
785,419,84,1,39545,39629,39210
788,420,2,1,39629,39631,39211
787,420,25,1,39631,39656,39236
789,420,48,1,39656,39704,39284
790,420,86,2,39704,39790,39370
786,420,85,3,39790,39875,39455
791,421,83,1,39875,39958,39537
792,421,26,3,39958,39984,39563
793,422,4,1,39984,39988,39566
796,422,88,1,39988,40076,39654
795,422,46,2,40076,40122,39700
794,422,51,3,40122,40173,39751
797,423,41,1,40173,40214,39791
798,424,86,3,40214,40300,39876
799,424,96,3,40300,40396,39972
802,425,14,2,40396,40410,39985
801,425,22,3,40410,40432,40007
803,425,32,3,40432,40464,40039
800,425,80,3,40464,40544,40119
807,426,87,1,40544,40631,40205
806,426,88,1,40631,40719,40293
805,426,2,2,40719,40721,40295
804,426,90,2,40721,40811,40385
808,427,76,1,40811,40887,40460
809,428,18,2,40887,40905,40477
810,429,86,3,40905,40991,40562
811,430,96,1,40991,41087,40657
812,431,35,2,41087,41122,40691
813,432,73,2,41122,41195,40763
814,433,37,1,41195,41232,40799
815,433,56,3,41232,41288,40855
816,434,69,3,41288,41357,40923
818,435,82,1,41357,41439,41004
817,435,12,2,41439,41451,41016
820,436,36,1,41451,41487,41051
819,436,34,2,41487,41521,41085
821,437,11,3,41521,41532,41095
822,438,51,1,41532,41583,41145
823,438,85,2,41583,41668,41230
824,439,60,3,41668,41728,41289
827,440,51,1,41728,41779,41339
826,440,47,2,41779,41826,41386
825,440,90,3,41826,41916,41476
828,441,97,2,41916,42013,41572
829,442,17,2,42013,42030,41588
830,443,99,3,42030,42129,41686
834,444,100,2,42129,42229,41785
833,444,38,3,42229,42267,41823
832,444,40,3,42267,42307,41863
831,444,58,3,42307,42365,41921
835,445,74,2,42365,42439,41994
837,445,77,2,42439,42516,42071
836,445,3,3,42516,42519,42074
840,446,40,1,42519,42559,42113
838,446,18,2,42559,42577,42131
839,446,98,3,42577,42675,42229
841,447,54,1,42675,42729,42282
842,448,55,3,42729,42784,42336
843,449,1,2,42784,42785,42336
845,450,76,2,42785,42861,42411
844,450,97,2,42861,42958,42508
846,451,81,1,42958,43039,42588
847,451,91,1,43039,43130,42679
848,451,58,2,43130,43188,42737
850,452,16,2,43188,43204,42752
849,452,70,2,43204,43274,42822
852,453,89,2,43274,43363,42910
851,453,21,3,43363,43384,42931
854,454,32,2,43384,43416,42962
853,454,53,3,43416,43469,43015
855,455,46,1,43469,43515,43060
857,456,40,1,43515,43555,43099
856,456,71,2,43555,43626,43170
858,456,75,2,43626,43701,43245
859,457,22,3,43701,43723,43266
861,458,39,2,43723,43762,43304
860,458,26,3,43762,43788,43330
862,459,48,3,43788,43836,43377
863,459,62,3,43836,43898,43439
864,460,9,1,43898,43907,43447
867,461,30,1,43907,43937,43476
866,461,2,2,43937,43939,43478
868,461,76,2,43939,44015,43554
865,461,12,3,44015,44027,43566
869,462,36,3,44027,44063,43601
870,463,19,2,44063,44082,43619
871,464,81,3,44082,44163,43699
872,465,94,3,44163,44257,43792
873,466,92,3,44257,44349,43883
874,467,45,1,44349,44394,43927
875,468,74,1,44394,44468,44000
876,468,90,2,44468,44558,44090
877,469,37,1,44558,44595,44126
878,469,43,2,44595,44638,44169
879,470,57,1,44638,44695,44225
880,471,17,3,44695,44712,44241
881,472,23,2,44712,44735,44263
883,473,34,2,44735,44769,44296
882,473,95,3,44769,44864,44391
884,474,94,2,44864,44958,44484
886,475,65,2,44958,45023,44548
885,475,79,2,45023,45102,44627
888,476,55,1,45102,45157,44681
887,476,37,3,45157,45194,44718
889,476,83,3,45194,45277,44801
891,477,47,1,45277,45324,44847
890,477,13,2,45324,45337,44860
892,478,3,1,45337,45340,44862
894,479,12,1,45340,45352,44873
893,479,66,2,45352,45418,44939
895,480,87,3,45418,45505,45025
897,481,35,1,45505,45540,45059
898,481,3,2,45540,45543,45062
896,481,83,2,45543,45626,45145
899,482,84,3,45626,45710,45228
900,483,56,2,45710,45766,45283
901,484,85,3,45766,45851,45367
902,485,28,3,45851,45879,45394
903,486,52,2,45879,45931,45445
905,487,2,1,45931,45933,45446
904,487,36,3,45933,45969,45482
907,488,6,1,45969,45975,45487
906,488,86,2,45975,46061,45573
908,489,80,1,46061,46141,45652
910,489,62,3,46141,46203,45714
909,489,85,3,46203,46288,45799
911,490,19,2,46288,46307,45817
912,491,70,3,46307,46377,45886
913,491,94,3,46377,46471,45980
916,492,3,1,46471,46474,45982
914,492,50,1,46474,46524,46032
919,492,97,1,46524,46621,46129
918,492,57,2,46621,46678,46186
917,492,30,3,46678,46708,46216
915,492,72,3,46708,46780,46288
920,493,10,2,46780,46790,46297
922,493,99,2,46790,46889,46396
921,493,68,3,46889,46957,46464
924,494,2,2,46957,46959,46465
923,494,30,3,46959,46989,46495
926,495,28,3,46989,47017,46522
925,495,34,3,47017,47051,46556
927,496,69,3,47051,47120,46624
928,497,38,2,47120,47158,46661
930,498,2,1,47158,47160,46662
929,498,26,1,47160,47186,46688
931,498,79,1,47186,47265,46767
932,499,96,1,47265,47361,46862
934,499,13,2,47361,47374,46875
933,499,25,3,47374,47399,46900
935,500,24,3,47399,47423,46923
936,501,20,1,47423,47443,46942
937,501,43,1,47443,47486,46985
939,501,64,1,47486,47550,47049
938,501,52,3,47550,47602,47101
940,502,30,1,47602,47632,47130
941,503,50,1,47632,47682,47179
942,504,71,1,47682,47753,47249
944,504,73,1,47753,47826,47322
946,504,62,2,47826,47888,47384
943,504,73,2,47888,47961,47457
945,504,53,3,47961,48014,47510
952,505,22,1,48014,48036,47531
949,505,58,1,48036,48094,47589
948,505,89,1,48094,48183,47678
951,505,93,1,48183,48276,47771
950,505,82,2,48276,48358,47853
947,505,7,3,48358,48365,47860
953,505,31,3,48365,48396,47891
954,506,78,1,48396,48474,47968
956,507,42,1,48474,48516,48009
955,507,0,2,48516,48516,48009
958,508,70,2,48516,48586,48078
957,508,19,3,48586,48605,48097
959,509,98,3,48605,48703,48194
960,510,22,2,48703,48725,48215
961,510,90,3,48725,48815,48305
962,511,79,1,48815,48894,48383
963,512,43,1,48894,48937,48425
965,513,6,1,48937,48943,48430
966,513,52,1,48943,48995,48482
967,513,90,1,48995,49085,48572
969,513,50,2,49085,49135,48622
964,513,30,3,49135,49165,48652
968,513,90,3,49165,49255,48742
970,514,90,1,49255,49345,48831
971,515,22,1,49345,49367,48852
973,515,63,2,49367,49430,48915
972,515,98,3,49430,49528,49013
974,516,24,2,49528,49552,49036
975,517,63,3,49552,49615,49098
976,518,4,2,49615,49619,49101
977,519,91,2,49619,49710,49191
978,520,31,2,49710,49741,49221
979,521,23,3,49741,49764,49243
981,522,9,1,49764,49773,49251
980,522,48,1,49773,49821,49299
982,522,58,2,49821,49879,49357
983,523,59,1,49879,49938,49415
984,524,32,3,49938,49970,49446
985,525,63,3,49970,50033,49508
989,526,29,1,50033,50062,49536
991,526,54,1,50062,50116,49590
988,526,5,2,50116,50121,49595
990,526,4,3,50121,50125,49599
986,526,38,3,50125,50163,49637
987,526,59,3,50163,50222,49696
992,527,2,3,50222,50224,49697
993,528,70,2,50224,50294,49766
994,529,61,2,50294,50355,49826
995,530,94,1,50355,50449,49919
996,531,14,2,50449,50463,49932
997,532,86,2,50463,50549,50017
998,533,0,1,50549,50549,50016
999,533,42,3,50549,50591,50058
Average turn around time,25114.18,,,,,
