Job ID,Arrival,Burst,Priority,Deadline,Start,End,Turn Around
0,0,76,1,3,0,76,76
4,1,72,1,2,76,148,147
3,1,84,2,7,148,232,231
1,1,42,1,10,232,274,273
2,1,96,1,19,274,370,369
6,2,46,3,4,370,416,414
5,2,36,3,21,416,452,450
8,3,35,3,7,452,487,484
7,3,46,1,13,487,533,530
9,3,65,1,21,533,598,595
Average turn around time,356.9,,,,,
