Job ID,Arrival,Burst,Priority,Start,End,Turn Around
1,0,68,2,0,68,68
0,0,98,3,68,166,166
3,1,18,2,166,184,183
4,1,27,1,184,211,210
2,1,28,2,211,239,238
5,2,22,2,239,261,259
6,3,6,2,261,267,264
7,3,47,3,267,314,311
8,4,13,2,314,327,323
9,4,21,1,327,348,344
Average turn around time,236.6,,,,,
