Job ID,Arrival,Burst,Priority,Deadline,Start,End,Turn Around
0,0,76,1,3,0,76,76
1,1,42,1,10,76,118,117
4,1,72,1,2,118,190,189
2,1,96,1,19,190,286,285
3,1,84,2,7,286,370,369
5,2,36,3,21,370,406,404
6,2,46,3,4,406,452,450
7,3,46,1,13,452,498,495
9,3,65,1,21,498,563,560
8,3,35,3,7,563,598,595
Average turn around time,354.0,,,,,
